1003 0
0 79.5426 0 0
0 0.994671 0.793084 0.793084
0 0.989453 1.58198 1.58198
0 0.98434 2.36677 2.36677
0 0.974423 3.92438 3.92438
0 0.964893 5.46653 5.46653
0 0.951284 7.75209 7.75209
0 0.911117 15.1526 15.1526
0 0.877405 22.2608 22.2608
0 0.823679 35.769 35.769
0 0.782283 48.5285 48.5285
1 0.734637 66.5983 66.5983
2 0.636868 120.71 120.71
3 0.581089 168.976 168.976
5 0.516871 255.764 255.764
7 0.479298 334.786 334.786
10 0.443574 444.554 444.554
15 0.408338 613.3 613.3
20 0.386586 771.084 771.084
30 0.359536 1066.89 1066.89
50 0.329209 1612.2 1612.2
70 0.310673 2120.22 2120.22
100 0.291794 2837.58 2837.58
150 0.270284 3953 3953
200 0.25496 4995.2 4995.2
300 0.236077 6944.98 6944.98
500 0.211822 10485.4 10485.4
700 0.19341 13683.7 13683.7
1000 0.190433 18280.6 18280.6
1500 0.188266 25807.5 25807.5
2000 0.184164 33146.5 33146.5
3000 0.187994 48002.5 48002.5
5000 0.184124 77405.8 77405.8
7000 0.165514 104408 104408
10000 0.158293 142776 142776
15000 0.160628 206598 206598
20000 0.15617 269548 269548
30000 0.15384 393204 393204
40000 0.153525 515400 515400
50000 0.153427 637473 637473
60000 0.153369 759489 759489
70000 0.153323 881464 881464
80000 0.153275 1.0034e+06 1.0034e+06
90000 0.153203 1.1253e+06 1.1253e+06
100000 0.152993 1.2471e+06 1.2471e+06
150000 0.152805 1.85485e+06 1.85485e+06
200000 0.152805 2.46257e+06 2.46257e+06
300000 0.152805 3.67802e+06 3.67802e+06
400000 0.152789 4.89347e+06 4.89347e+06
500000 0.152126 6.10812e+06 6.10812e+06
600000 0.148397 7.31405e+06 7.31405e+06
700000 0.132198 8.43049e+06 8.43049e+06
800000 0.133141 9.45267e+06 9.45267e+06
900000 0.111345 1.03758e+07 1.03758e+07
1000000 0.11672 1.12888e+07 1.12888e+07
1500000 0.0992138 1.51882e+07 1.51882e+07
