1009 0
0 0.967811 4.64795 4.64795
0 0.960455 9.26057 9.26057
0 0.953063 13.8377 13.8377
0 0.941536 22.9112 22.9112
0 0.927508 31.8524 31.8524
0 0.909077 45.0371 45.0371
0 0.85726 87.2905 87.2905
0 0.819651 123.401 123.401
0 0.759841 195.133 195.133
0 0.719898 262.346 262.346
1 0.669932 358.771 358.771
2 0.576013 640.502 640.502
3 0.530969 891.737 891.737
5 0.474688 1349.42 1349.42
7 0.459232 1774.81 1774.81
10 0.419644 2374.88 2374.88
15 0.393065 3300.9 3300.9
20 0.367488 4167.44 4167.44
30 0.337705 5784.58 5784.58
50 0.306523 8719.85 8719.85
70 0.280938 11382.5 11382.5
100 0.269649 15156.5 15156.5
150 0.245025 20994.7 20994.7
200 0.226959 26368.2 26368.2
300 0.203555 36551.1 36551.1
500 0.180362 54673.6 54673.6
700 0.157309 70637.4 70637.4
1000 0.128494 90621.3 90621.3
1500 0.119778 120433 120433
2000 0.107467 144376 144376
3000 0.084584 189592 189592
5000 0.0864776 266732 266732
7000 0.0640153 335582 335582
10000 0.0688135 426546 426546
15000 0.0634663 580721 580721
20000 0.0654176 733766 733766
