1013 0
0 1.00765 4.64649 4.64649
0 0.999808 9.25682 9.25682
0 0.991336 13.8281 13.8281
0 0.978377 22.8723 22.8723
0 0.96465 31.8013 31.8013
0 0.945556 44.9657 44.9657
0 0.894747 87.2393 87.2393
0 0.857628 123.502 123.502
0 0.796587 195.533 195.533
0 0.747154 262.893 262.893
1 0.699178 359.453 359.453
2 0.601438 639.877 639.877
3 0.544327 890.479 890.479
5 0.499675 1347.06 1347.06
7 0.468247 1770.9 1770.9
10 0.436012 2364.54 2364.54
15 0.408061 3283.19 3283.19
20 0.378089 4142.26 4142.26
30 0.355081 5749.02 5749.02
50 0.31593 8685.65 8685.65
70 0.307167 11396.5 11396.5
100 0.279207 15245.3 15245.3
150 0.248418 21008.8 21008.8
200 0.231109 26245.8 26245.8
300 0.208484 36064.1 36064.1
500 0.173219 52779 52779
700 0.160397 66972.5 66972.5
1000 0.141089 86138.8 86138.8
1500 0.115704 114762 114762
2000 0.098015 138279 138279
3000 0.0936122 180609 180609
5000 0.0624053 250504 250504
7000 0.0469009 300811 300811
10000 0.0406585 353709 353709
15000 0.0460232 438969 438969
20000 0.0425453 524558 524558
