7005 -4.33 0 795.703
0.0325500 0.9731593 25.4931959 25.4931959 31.2452806
0.0357000 0.9709871 27.9287518 27.9287518 31.2286010
0.0399000 0.9681108 31.1677287 31.1677287 31.2067055
0.0451500 0.9645486 35.2030107 35.2030107 31.1798747
0.0504000 0.9610238 39.2235056 39.2235056 31.1536248
0.0567000 0.9568438 44.0288020 44.0288020 31.1228660
0.0640500 0.9520305 49.6087024 49.6087024 31.0879648
0.0714000 0.9472863 55.1606818 55.1606818 31.0540807
0.0798000 0.9419494 61.4721371 61.4721371 31.0165460
0.0892500 0.9360477 68.5303008 68.5303008 30.9757643
0.1008000 0.9289804 77.0973706 77.0973706 30.9278829
0.1123500 0.9220711 85.6002849 85.6002849 30.8820304
0.1260000 0.9141024 95.5684206 95.5684206 30.8302824
0.1417500 0.9051654 106.9642311 106.9642311 30.7736206
0.1585500 0.8959206 118.9983251 118.9983251 30.7164928
0.1785000 0.8853105 133.1312579 133.1312579 30.6526994
0.2005500 0.8740229 148.5598513 148.5598513 30.5868145
0.2247000 0.8621656 165.2355690 165.2355690 30.5196476
0.2520000 0.8493601 183.8185869 183.8185869 30.4493058
0.2824500 0.8357630 204.2260119 204.2260119 30.3770099
0.3171000 0.8211175 227.0589733 227.0589733 30.3016322
0.3549000 0.8060660 251.5212102 251.5212102 30.2266331
0.3990000 0.7896304 279.5079230 279.5079230 30.1472882
0.4473000 0.7728628 309.5221716 309.5221716 30.0689282
0.5019000 0.7553039 342.7057459 342.7057459 29.9893649
0.5628000 0.7372418 378.8551921 378.8551921 29.9100365
0.6310500 0.7186967 418.3734058 418.3734058 29.8308910
0.7087500 0.6994705 462.1955749 462.1955749 29.7510739
0.7948500 0.6801609 509.4357497 509.4357497 29.6730433
0.8914500 0.6606406 560.9442337 560.9442337 29.5960375
1.0006500 0.6408681 617.4645677 617.4645677 29.5197534
1.1227651 0.6211284 678.7501999 678.7501999 29.4452588
1.2594751 0.6014726 745.2177417 745.2177417 29.3726286
1.4127226 0.5819433 817.3373736 817.3373736 29.3019022
1.5858151 0.5625088 896.1126379 896.1126379 29.2326992
1.7787526 0.5434954 980.9692543 980.9692543 29.1660125
1.9959451 0.5247747 1073.2344107 1073.2344107 29.1012042
2.2393220 0.5064644 1173.0379496 1173.0379496 29.0386224
2.5125215 0.4885837 1281.1386959 1281.1386959 28.9781562
2.8192921 0.4711692 1398.2168844 1398.2168844 28.9197929
3.1631068 0.4542903 1524.7435763 1524.7435763 28.8636236
3.5483644 0.4379836 1661.4355475 1661.4355475 28.8096009
3.9810846 0.4222194 1809.4516885 1809.4516885 28.7574991
4.4672872 0.4069838 1969.7670796 1969.7670796 28.7072559
5.0118948 0.3923758 2142.8770026 2142.8770026 28.6589026
5.6245099 0.3783127 2330.6224252 2330.6224252 28.6121207
6.3098094 0.3648270 2533.1348944 2533.1348944 28.5671151
7.0803644 0.3518622 2752.7362948 2752.7362948 28.5235370
7.9440561 0.3394350 2990.1616919 2990.1616919 28.4814302
8.9125633 0.3275010 3247.0208457 3247.0208457 28.4406575
10.0014481 0.3160293 3525.6700929 3525.6700929 28.4010105
11.2210876 0.3050379 3826.8914991 3826.8914991 28.3625563
12.5894367 0.2945181 4153.1275928 4153.1275928 28.3251127
14.1269504 0.2844379 4507.1090617 4507.1090617 28.2884681
15.8491767 0.2747991 4890.1125576 4890.1125576 28.2526086
17.7840324 0.2655342 5305.8567865 5305.8567865 28.2172850
19.9529062 0.2566889 5756.2674701 5756.2674701 28.1823521
22.3872322 0.2481441 6244.9904984 6244.9904984 28.1476877
25.1199938 0.2399496 6775.4119156 6775.4119156 28.1132131
28.1840786 0.2321085 7350.6236879 7350.6236879 28.0788022
31.6237393 0.2245261 7975.2294759 7975.2294759 28.0442844
35.4826072 0.2172914 8653.2237437 8653.2237437 28.0094239
39.8132470 0.2103749 9389.7582676 9389.7582676 27.9743515
44.6694872 0.2036817 10189.4080488 10189.4080488 27.9390644
50.1205675 0.1971792 11058.4000046 11058.4000046 27.9032910
56.2377471 0.1909839 12002.6965791 12002.6965791 27.8666560
63.0967693 0.1849765 13028.2434663 13028.2434663 27.8289025
70.7954662 0.1791649 14143.1361358 14143.1361358 27.7896111
79.4340106 0.1734631 15354.6219235 15354.6219235 27.7487019
89.1259377 0.1678671 16670.3141779 16670.3141779 27.7063721
100.0026275 0.1624855 18099.2936163 18099.2936163 27.6623435
112.2074471 0.1572299 19651.0666197 19651.0666197 27.6158098
125.8964104 0.1521435 21335.1454571 21335.1454571 27.5665775
141.2559945 0.1472687 23163.8805957 23163.8805957 27.5160578
158.4947918 0.1426296 25151.2319669 25151.2319669 27.4623619
177.8326602 0.1381944 27310.9286462 27310.9286462 27.4051896
199.5344894 0.1339314 29659.6230218 29659.6230218 27.3445315
223.8731455 0.1295832 32210.5740345 32210.5740345 27.2778154
251.1895596 0.1254791 34981.0101505 34981.0101505 27.2055919
281.8404883 0.1214990 37991.4762590 37991.4762590 27.1284750
316.2378815 0.1174139 41260.9814049 41260.9814049 27.0447409
354.8252370 0.1133060 44800.3188494 44800.3188494 26.9511401
398.1250863 0.1095812 48638.1566005 48638.1566005 26.8532693
446.6934609 0.1055140 52795.9746133 52795.9746133 26.7494368
501.1903976 0.1016729 57284.3447385 57284.3447385 26.6328617
562.3470481 0.0979162 62142.3594947 62142.3594947 26.5040387
630.9576992 0.0939725 67378.4914031 67378.4914031 26.3518323
707.9626349 0.0902530 73024.5083949 73024.5083949 26.1743322
794.3311114 0.0861689 79080.9535359 79080.9535359 25.9780491
891.2901875 0.0834345 85614.7898030 85614.7898030 25.7677280
1000.0152949 0.0810435 92736.6643049 92736.6643049 25.5470551
1122.0453570 0.0781309 100459.4777759 100459.4777759 25.3042850
1258.9519017 0.0739508 108742.7405426 108742.7405426 25.0560848
1412.6025846 0.0699561 117524.2111880 117524.2111880 24.7797379
1584.9192513 0.0653912 126810.1477627 126810.1477627 24.4800097
1778.3297629 0.0615971 136567.1537376 136567.1537376 24.1885852
1995.3396487 0.0582377 146886.7372404 146886.7372404 23.9095601
2238.7495208 0.0564146 158046.1124777 158046.1124777 23.6455891
2511.9332487 0.0540997 169978.7484751 169978.7484751 23.3225774
2818.4067961 0.0520594 183012.5489394 183012.5489394 22.9523883
3162.3160538 0.0462432 196322.7695330 196322.7695330 22.5593883
3548.2246552 0.0455476 210232.2098262 210232.2098262 22.1881332
3981.0824729 0.0431153 225479.8728326 225479.8728326 21.8378157
4466.8445267 0.0377459 241128.6472098 241128.6472098 21.3908861
5011.9508737 0.0351293 256811.1209550 256811.1209550 21.0532828
5623.4686414 0.0336840 273637.0208605 273637.0208605 20.7188460
6309.6060499 0.0311237 291200.8435085 291200.8435085 20.3815964
7079.5178905 0.0318661 310835.6508742 310835.6508742 20.0622809
7943.3360745 0.0338504 333044.5099825 333044.5099825 19.6697710
8912.5538779 0.0343283 359801.1988984 359801.1988984 19.2905741
10000.0576380 0.0321382 388594.2280172 388594.2280172 18.9604126
11220.2837932 0.0277615 417223.2218706 417223.2218706 18.5509204
12589.2832138 0.0261674 447634.8983715 447634.8983715 18.1572686
14125.4898594 0.0227048 476786.8342361 476786.8342361 17.6655874
15849.0266991 0.0190633 504628.0869088 504628.0869088 17.2896605
17782.8284773 0.0128626 529986.9059449 529986.9059449 16.9362837
19952.6405589 0.0158847 554343.8295095 554343.8295095 16.5136426
22387.3110130 0.0116026 580792.5188693 580792.5188693 16.0695144
25118.9399788 0.0110769 603612.8600053 603612.8600053 15.7418475
28183.8378200 0.0120956 630827.2194256 630827.2194256 15.4411362
31622.8492882 0.0106637 664323.3446300 664323.3446300 15.1807387
35481.3448326 0.0113205 698013.8602162 698013.8602162 14.9680884
39810.8123001 0.0124978 735515.1465363 735515.1465363 14.8108921
44668.4408210 0.0135810 785133.2978568 785133.2978568 14.5919478
50118.8218320 0.0139621 840591.1276574 840591.1276574 14.3996532
56234.1823694 0.0145629 907896.5315718 907896.5315718 14.2218178
63095.8439737 0.0135825 982662.6241927 982662.6241927 14.1359700
70794.7386130 0.0134482 1062199.5340689 1062199.5340689 14.0819097
79432.9897122 0.0136046 1162153.2854224 1162153.2854224 13.9794946
89125.2011949 0.0139766 1268966.6336451 1268966.6336451 13.8881786
100000.1496297 0.0125860 1388582.9500738 1388582.9500738 13.6734219
112201.9339986 0.0021281 1459640.9448757 1459640.9448757 13.3765105
125892.6936390 0.0085199 1510306.4711149 1510306.4711149 13.1157124
141253.8311154 0.0083875 1624747.3277407 1624747.3277407 12.9029410
