1000 0
0 56.3306 0 0
0 0.985184 0.556431 0.556431
0 0.979451 1.10961 1.10961
0 0.973796 1.65959 1.65959
0 0.962703 2.75009 2.75009
0 0.951873 3.82825 3.82825
0 0.936168 5.42304 5.42304
0 0.888001 10.5566 10.5566
0 0.845371 15.435 15.435
0 0.774437 24.5415 24.5415
0 0.717875 32.9353 32.9353
1 0.651275 44.4764 44.4764
2 0.515088 76.8821 76.8821
3 0.440214 103.613 103.613
5 0.355263 147.909 147.909
7 0.306895 184.992 184.992
10 0.261378 232.693 232.693
15 0.216309 299.392 299.392
20 0.187777 356.053 356.053
30 0.153061 451.067 451.067
50 0.115427 599.94 599.94
70 0.0921253 715.989 715.989
100 0.0696972 851.15 851.15
150 0.0492278 1015.68 1015.68
200 0.0382429 1137.34 1137.34
300 0.0251659 1314.08 1314.08
500 0.0106758 1506.21 1506.21
700 0.00450403 1585.44 1585.44
1000 -0.000881438 1613.39 1611.74
1500 -0.00404932 1613.39 1532.18
2000 -0.00644403 1613.39 1381.57
3000 -0.00800867 1613.39 962.186
5000 -0.00875288 1613.39 8.91785
7000 -0.00894982 1613.39 -990.754
10000 -0.00899612 1613.39 -2508.58
15000 -0.00900056 1613.39 -5043.34
20000 -0.00900064 1613.39 -7578.4
30000 -0.00900064 1613.39 -12648.5
40000 -0.00900064 1613.39 -17718.6
50000 -0.00900064 1613.39 -22788.7
60000 -0.00900064 1613.39 -27858.8
70000 -0.00900064 1613.39 -32929
80000 -0.00900064 1613.39 -37999.1
90000 -0.00900064 1613.39 -43069.2
100000 -0.00900064 1613.39 -48139.3
150000 -0.00900064 1613.39 -73490
200000 -0.00900064 1613.39 -98840.5
300000 -0.00900064 1613.39 -149542
400000 -0.00900064 1613.39 -200243
500000 -0.00900064 1613.39 -250944
600000 -0.00900064 1613.39 -301645
700000 -0.00900064 1613.39 -352347
800000 -0.00900064 1613.39 -403048
900000 -0.00900064 1613.39 -453749
1000000 -0.00900064 1613.39 -504450
