1002 0
0 43.9051 0 0
0 0.994093 0.437621 0.437621
0 0.988285 0.872672 0.872672
0 0.982572 1.3052 1.3052
0 0.971415 2.16283 2.16283
0 0.960608 3.01082 3.01082
0 0.94501 4.26539 4.26539
0 0.897928 8.30748 8.30748
0 0.857172 12.1574 12.1574
0 0.790001 19.3757 19.3757
0 0.736647 26.0692 26.0692
1 0.673358 35.3352 35.3352
2 0.537862 61.6237 61.6237
3 0.45878 83.3692 83.3692
5 0.368481 119.249 119.249
7 0.317433 149.191 149.191
10 0.271612 187.726 187.726
15 0.226425 241.951 241.951
20 0.198479 288.372 288.372
30 0.165785 367.6 367.6
50 0.132116 496.447 496.447
70 0.113562 603.735 603.735
100 0.0973912 741.588 741.588
150 0.0821524 937.135 937.135
200 0.0729519 1106.73 1106.73
300 0.0615492 1399.37 1399.37
500 0.0506052 1885.07 1885.07
700 0.0448333 2302.03 2302.03
1000 0.0386508 2848.77 2848.77
1500 0.0323519 3617.49 3617.49
2000 0.029559 4297.63 4297.63
3000 0.0244962 5473.7 5473.7
5000 0.0213493 7457.98 7457.98
7000 0.0197965 9264.21 9264.21
10000 0.0164252 11643.8 11643.8
15000 0.013912 14936.4 14936.4
20000 0.0122425 17833.5 17833.5
30000 0.0105357 22893.5 22893.5
40000 0.00910371 27133.7 27133.7
50000 0.00836233 30860.5 30860.5
60000 0.00744258 34361.5 34361.5
70000 0.00711643 37583.6 37583.6
80000 0.00722273 40779.9 40779.9
90000 0.00716358 43887.6 43887.6
100000 0.00687197 46971.8 46971.8
150000 0.00673018 61720.7 61720.7
200000 0.00529349 74232.5 74232.5
300000 0.00401915 94562.3 94562.3
400000 0.00368877 112363 112363
500000 0.00336407 127452 127452
600000 0.003617 142118 142118
700000 0.00350224 157245 157245
800000 0.0035514 172088 172088
900000 0.0036047 187716 187716
1000000 0.00339182 205053 205053
1500000 0.00207093 289595 289595
