1000 0
0 0.955623 4.62226 4.62226
0 0.948668 9.21087 9.21087
0 0.942014 13.7673 13.7673
0 0.928557 22.7846 22.7846
0 0.915731 31.6737 31.6737
0 0.897955 44.7889 44.7889
0 0.848623 86.8335 86.8335
0 0.810528 122.842 122.842
0 0.75214 194.379 194.379
0 0.708439 261.292 261.292
1 0.661384 356.999 356.999
2 0.569042 636.245 636.245
3 0.523707 885.692 885.692
5 0.470677 1341.7 1341.7
7 0.441642 1759.16 1759.16
10 0.41381 2346.44 2346.44
15 0.379146 3251.99 3251.99
20 0.360087 4104.3 4104.3
30 0.336648 5706.64 5706.64
50 0.303237 8632.48 8632.48
70 0.282006 11338.2 11338.2
100 0.264796 15107.1 15107.1
150 0.23322 20886.7 20886.7
200 0.214808 26042.2 26042.2
300 0.21199 35827.7 35827.7
500 0.190182 54121.7 54121.7
700 0.159712 70016.9 70016.9
1000 0.143324 90883.7 90883.7
1500 0.121317 122251 122251
2000 0.110178 148072 148072
3000 0.0867767 192284 192284
5000 0.0879087 271969 271969
7000 0.0787178 351147 351147
10000 0.0648451 454200 454200
15000 0.0616501 599576 599576
20000 0.0750878 748734 748734
