1007 0
0 0.997588 4.64898 4.64898
0 0.990777 9.26621 9.26621
0 0.983441 13.8493 13.8493
0 0.969983 22.9212 22.9212
0 0.957104 31.8717 31.8717
0 0.938206 45.0784 45.0784
0 0.886267 87.438 87.438
0 0.847683 123.676 123.676
0 0.783969 195.567 195.567
0 0.740271 262.866 262.866
1 0.688932 359.181 359.181
2 0.598437 641.247 641.247
3 0.548432 893.544 893.544
5 0.49487 1355.84 1355.84
7 0.463179 1779.56 1779.56
10 0.433071 2374.05 2374.05
15 0.401474 3299.12 3299.12
20 0.384624 4173.3 4173.3
30 0.35266 5800.25 5800.25
50 0.322648 8766.66 8766.66
70 0.292355 11493.7 11493.7
100 0.273296 15285.8 15285.8
150 0.252836 21095.4 21095.4
200 0.238718 26499.5 26499.5
300 0.20661 36427.2 36427.2
500 0.178099 52971.9 52971.9
700 0.178115 69219.1 69219.1
1000 0.156003 91609.6 91609.6
1500 0.154568 125723 125723
2000 0.135433 159120 159120
3000 0.114332 213120 213120
5000 0.138678 326082 326082
7000 0.141726 451689 451689
10000 0.131146 636575 636575
15000 0.141005 933743 933743
20000 0.133662 1.23148e+06 1.23148e+06
