1010 0
0 0.981186 4.65309 4.65309
0 0.974103 9.27259 9.27259
0 0.967549 13.861 13.861
0 0.953994 22.9402 22.9402
0 0.941502 31.8995 31.8995
0 0.924649 45.1304 45.1304
0 0.872686 87.5628 87.5628
0 0.835924 123.913 123.913
0 0.776846 196.272 196.272
0 0.732757 264.042 264.042
1 0.684486 361.236 361.236
2 0.593464 646.145 646.145
3 0.547165 901.58 901.58
5 0.494034 1370.2 1370.2
7 0.465454 1801.24 1801.24
10 0.433608 2410.51 2410.51
15 0.405676 3357.74 3357.74
20 0.388238 4256.4 4256.4
30 0.364876 5952.51 5952.51
50 0.334606 9083.02 9083.02
70 0.31094 11996.5 11996.5
100 0.290175 16069.5 16069.5
150 0.271223 22381 22381
200 0.252201 28278.5 28278.5
300 0.227529 38987.1 38987.1
500 0.20524 58556.6 58556.6
700 0.174384 75484.7 75484.7
1000 0.151374 98278.7 98278.7
1500 0.145334 131814 131814
2000 0.133594 163463 163463
3000 0.133315 225072 225072
5000 0.0972268 323928 323928
7000 0.0938424 408209 408209
10000 0.0921047 534877 534877
15000 0.0937712 750223 750223
20000 0.0962126 966564 966564
