1001 0
0 1.03227 4.67319 4.67319
0 1.02468 9.31201 9.31201
0 1.01726 13.9172 13.9172
0 1.00343 23.0331 23.0331
0 0.990412 32.0301 32.0301
0 0.971287 45.3123 45.3123
0 0.918923 87.9186 87.9186
0 0.879701 124.437 124.437
0 0.814714 197.001 197.001
0 0.766704 264.783 264.783
1 0.715175 361.711 361.711
2 0.621527 646.15 646.15
3 0.570033 901.585 901.585
5 0.516894 1368.21 1368.21
7 0.485118 1796.3 1796.3
10 0.45274 2399.5 2399.5
15 0.421167 3337.74 3337.74
20 0.400196 4221.07 4221.07
30 0.372301 5885.6 5885.6
50 0.336671 8929.78 8929.78
70 0.310082 11711.6 11711.6
100 0.287604 15571.5 15571.5
150 0.27173 21575.3 21575.3
200 0.257121 27179.3 27179.3
300 0.221738 37559.4 37559.4
500 0.205053 56288.9 56288.9
700 0.184732 73285.1 73285.1
1000 0.156913 94695.6 94695.6
1500 0.140285 127110 127110
2000 0.1447 158419 158419
3000 0.137802 219256 219256
5000 0.124193 328517 328517
7000 0.124346 435841 435841
10000 0.11418 589201 589201
15000 0.113196 842291 842291
20000 0.121354 1.0956e+06 1.0956e+06
