1011 0
0 0.998405 4.63904 4.63904
0 0.991675 9.2468 9.2468
0 0.984508 13.8213 13.8213
0 0.970612 22.8728 22.8728
0 0.957474 31.8015 31.8015
0 0.939136 44.979 44.979
0 0.887496 87.2375 87.2375
0 0.848839 123.423 123.423
0 0.787701 195.392 195.392
0 0.742065 262.725 262.725
1 0.689859 358.873 358.873
2 0.601421 641.495 641.495
3 0.550077 894.652 894.652
5 0.496317 1356.38 1356.38
7 0.463408 1780.16 1780.16
10 0.432733 2376.49 2376.49
15 0.403979 3299.58 3299.58
20 0.381983 4168.2 4168.2
30 0.355128 5798.88 5798.88
50 0.321676 8790.52 8790.52
70 0.297518 11533.3 11533.3
100 0.279486 15352.6 15352.6
150 0.252734 21222.4 21222.4
200 0.241927 26690.2 26690.2
300 0.227319 37112.9 37112.9
500 0.191739 55871.7 55871.7
700 0.184858 72152.4 72152.4
1000 0.184037 95783.1 95783.1
1500 0.180282 136028 136028
2000 0.164944 174675 174675
3000 0.134251 240347 240347
5000 0.130113 357929 357929
7000 0.146677 483161 483161
10000 0.138384 678393 678393
15000 0.112867 965396 965396
20000 0.103585 1.20059e+06 1.20059e+06
