6006 -3.74 0 787.383
0.0325500 0.9663253 25.2180122 25.2180122 29.2636421
0.0357000 0.9634054 27.6096211 27.6096211 29.3298927
0.0399000 0.9588009 30.7861830 30.7861830 29.4218154
0.0451500 0.9530683 34.7357019 34.7357019 29.5316412
0.0504000 0.9484729 38.6635625 38.6635625 29.6297297
0.0567000 0.9420394 43.3504144 43.3504144 29.7385260
0.0640500 0.9354147 48.7794541 48.7794541 29.8693450
0.0714000 0.9279538 54.1675892 54.1675892 29.9910993
0.0798000 0.9197674 60.2757653 60.2757653 30.1170528
0.0892500 0.9109780 67.0838908 67.0838908 30.2561813
0.1008000 0.9005104 75.3145358 75.3145358 30.4260564
0.1123500 0.8911991 83.4597094 83.4597094 30.5866052
0.1260000 0.8813414 92.9836954 92.9836954 30.7628474
0.1417500 0.8694842 103.8352011 103.8352011 30.9272245
0.1585500 0.8566655 115.2449423 115.2449423 31.0970030
0.1785000 0.8432557 128.5904167 128.5904167 31.2632387
0.2005500 0.8315030 143.1215112 143.1215112 31.4398816
0.2247000 0.8186091 158.8016280 158.8016280 31.6304591
0.2520000 0.8036451 176.2256860 176.2256860 31.8066785
0.2824500 0.7878464 195.2991044 195.2991044 31.9584448
0.3171000 0.7717694 216.5746492 216.5746492 32.1390499
0.3549000 0.7577309 239.3284907 239.3284907 32.2752955
0.3990000 0.7397586 265.2986261 265.2986261 32.4214512
0.4473000 0.7219675 293.0529690 293.0529690 32.5538857
0.5019000 0.7033216 323.6852728 323.6852728 32.7342052
0.5628000 0.6847772 356.9493848 356.9493848 32.8914577
0.6310500 0.6672563 393.2593034 393.2593034 32.9954820
0.7087500 0.6511412 433.5294869 433.5294869 33.1179221
0.7948500 0.6306295 476.9351470 476.9351470 33.1833817
0.8914500 0.6113223 524.1075700 524.1075700 33.2755488
1.0006500 0.5914121 575.7418460 575.7418460 33.3773842
1.1227651 0.5714934 631.6379867 631.6379867 33.4359170
1.2594751 0.5585227 692.4405012 692.4405012 33.5265381
1.4127226 0.5407725 758.7201383 758.7201383 33.5303978
1.5858151 0.5173502 830.6701171 830.6701171 33.6073663
1.7787526 0.4981390 907.7744889 907.7744889 33.6450175
1.9959451 0.4789849 991.2663718 991.2663718 33.7204562
2.2393220 0.4589932 1081.1805704 1081.1805704 33.8503284
2.5125215 0.4412302 1177.9374789 1177.9374789 33.8816787
2.8192921 0.4255019 1282.5515583 1282.5515583 33.8384310
3.1631068 0.4138637 1396.9884314 1396.9884314 33.8751222
3.5483644 0.3946727 1519.6961649 1519.6961649 33.8872024
3.9810846 0.3819473 1651.4510769 1651.4510769 33.9337391
4.4672872 0.3701255 1796.0333827 1796.0333827 33.9859736
5.0118948 0.3617435 1953.3894101 1953.3894101 33.9714717
5.6245099 0.3499882 2124.3613482 2124.3613482 34.0063602
6.3098094 0.3397994 2310.2813798 2310.2813798 34.0716026
7.0803644 0.3243050 2510.4936648 2510.4936648 34.1222406
7.9440561 0.3153734 2729.1343201 2729.1343201 34.1889051
8.9125633 0.3003440 2962.8019770 2962.8019770 34.1696805
10.0014481 0.2899140 3215.8578845 3215.8578845 34.1852783
11.2210876 0.2804113 3491.2574704 3491.2574704 34.1698866
12.5894367 0.2681709 3787.4151957 3787.4151957 34.1904296
14.1269504 0.2624749 4107.8233967 4107.8233967 34.1418053
15.8491767 0.2459853 4452.5302891 4452.5302891 34.1504531
17.7840324 0.2417425 4825.5216679 4825.5216679 34.2540164
19.9529062 0.2316988 5229.8889289 5229.8889289 34.3203299
22.3872322 0.2203262 5663.0184577 5663.0184577 34.2610053
25.1199938 0.2174597 6143.5900824 6143.5900824 34.1987420
28.1840786 0.2144958 6663.0121115 6663.0121115 34.2308026
31.6237393 0.2124920 7245.7905004 7245.7905004 34.1992255
35.4826072 0.2037855 7867.5504416 7867.5504416 34.2407716
39.8132470 0.1949443 8532.0874687 8532.0874687 34.1941487
44.6694872 0.1802584 9250.0759446 9250.0759446 34.2379241
50.1205675 0.1865467 10045.2784534 10045.2784534 34.2683830
56.2377471 0.1764294 10916.6034048 10916.6034048 34.1915714
63.0967693 0.1648215 11852.8129756 11852.8129756 34.2052249
70.7954662 0.1602674 12856.4003349 12856.4003349 34.1829286
79.4340106 0.1535377 13925.5255121 13925.5255121 34.1847224
89.1259377 0.1472982 15121.5526889 15121.5526889 34.0543924
100.0026275 0.1475811 16366.3412371 16366.3412371 34.0375465
112.2074471 0.1435716 17758.1660823 17758.1660823 34.1177179
125.8964104 0.1417469 19249.2051510 19249.2051510 33.9622418
141.2559945 0.1290899 20897.3110257 20897.3110257 33.9365158
158.4947918 0.1389294 22703.1220824 22703.1220824 33.8681690
177.8326602 0.1283555 24708.2699448 24708.2699448 33.8969793
199.5344894 0.1211733 26798.4781661 26798.4781661 33.7480236
223.8731455 0.1140216 29070.4927125 29070.4927125 33.7568541
251.1895596 0.1145673 31567.9534895 31567.9534895 33.6408589
281.8404883 0.1062224 34290.4431047 34290.4431047 33.5199823
316.2378815 0.1045610 37179.6171673 37179.6171673 33.4599980
354.8252370 0.1054412 40359.8841770 40359.8841770 33.2715550
398.1250863 0.1061694 43730.9518162 43730.9518162 33.1729118
446.6934609 0.0924760 47385.4581679 47385.4581679 32.8506699
501.1903976 0.0931267 51131.8301962 51131.8301962 32.7790951
562.3470481 0.0787387 55110.9654278 55110.9654278 32.6505750
630.9576992 0.0776061 59450.3015917 59450.3015917 32.3530433
707.9626349 0.0723291 64344.6512779 64344.6512779 32.1365371
794.3311114 0.0738244 69437.5335319 69437.5335319 31.9373732
891.2901875 0.0704289 74875.9761407 74875.9761407 31.8066304
1000.0152949 0.0717158 80863.8738297 80863.8738297 31.5834918
1122.0453570 0.0645217 86831.7016489 86831.7016489 31.1595996
1258.9519017 0.0578741 93413.2374630 93413.2374630 30.9169472
1412.6025846 0.0561400 100793.4002109 100793.4002109 30.6816841
1584.9192513 0.0581500 108698.3146388 108698.3146388 30.5190473
1778.3297629 0.0519780 117246.1882398 117246.1882398 30.2437654
1995.3396487 0.0589458 127017.5378299 127017.5378299 29.8888163
2238.7495208 0.0542113 137631.9331493 137631.9331493 29.5358584
2511.9332487 0.0484359 149421.4456389 149421.4456389 29.1038748
2818.4067961 0.0473726 161985.0278064 161985.0278064 28.7155900
3162.3160538 0.0450512 175368.4540444 175368.4540444 28.3707843
3548.2246552 0.0383057 188725.4477676 188725.4477676 27.8986177
3981.0824729 0.0344892 203096.8331397 203096.8331397 27.4729674
4466.8445267 0.0343872 217429.8756237 217429.8756237 27.0355551
5011.9508737 0.0328950 232337.9918472 232337.9918472 26.5693279
5623.4686414 0.0356749 248139.3173817 248139.3173817 26.0669108
6309.6060499 0.0289401 265219.3437513 265219.3437513 25.6260487
7079.5178905 0.0454400 286249.1223341 286249.1223341 25.2339471
7943.3360745 0.0288188 309007.1457945 309007.1457945 24.8364391
8912.5538779 0.0294290 331710.6477920 331710.6477920 24.4401303
10000.0576380 0.0345690 358806.6691598 358806.6691598 23.8594990
11220.2837932 0.0320893 383757.6502846 383757.6502846 23.4344660
12589.2832138 0.0250959 414439.8504824 414439.8504824 23.1176709
14125.4898594 0.0314807 450300.5227736 450300.5227736 22.7485935
15849.0266991 0.0171126 483743.8318040 483743.8318040 22.4207024
17782.8284773 0.0269563 519897.2576646 519897.2576646 22.1730268
19952.6405589 0.0228440 564818.6874427 564818.6874427 21.9183460
22387.3110130 0.0385162 623498.1447815 623498.1447815 21.6535424
25118.9399788 0.0307557 694517.5845725 694517.5845725 21.1422796
28183.8378200 0.0275959 764273.5924915 764273.5924915 20.8972220
31622.8492882 0.0214777 826665.8710535 826665.8710535 20.4670402
35481.3448326 0.0236564 897516.1582432 897516.1582432 20.0046692
39810.8123001 0.0182801 970533.2175966 970533.2175966 19.7111739
44668.4408210 0.0217966 1038960.8726067 1038960.8726067 19.3970251
50118.8218320 0.0135626 1114109.4170902 1114109.4116772 19.0966925
56234.1823694 0.0158460 1189734.9764447 1189734.9148322 18.7340957
63095.8439737 0.0173538 1271307.0992553 1271306.6579185 18.5101536
70794.7386130 0.0181732 1388424.2667700 1388423.7626648 18.3417160
79432.9897122 0.0141492 1517887.8540775 1517887.3499723 18.3203767
89125.2011949 0.0231171 1673573.1575593 1673572.6534541 18.4620674
100000.1496297 0.0234153 1832016.3902845 1832015.8861793 18.3650482
112201.9339986 0.0229293 2021884.4389232 2021883.8011326 18.4183247
125892.6936390 0.0189489 2227962.2392483 2227961.6014577 18.6234435
141253.8311154 0.0264671 2472093.9494848 2472093.3116942 18.7615566
158489.5061793 0.0197080 2754850.9058841 2754850.2680935 18.9124201
