6009 -4.66 0 1192.92
0.0325500 0.9855273 38.5383690 38.5383690 5471.4148629
0.0357000 0.9841624 42.2383606 42.2383606 5471.4162647
0.0399000 0.9822800 47.1632576 47.1632576 5471.4196251
0.0451500 0.9799800 53.3066093 53.3066093 5471.4242214
0.0504000 0.9778427 59.4361701 59.4361701 5471.4279563
0.0567000 0.9753543 66.7739492 66.7739492 5471.4313486
0.0640500 0.9723578 75.3107194 75.3107194 5471.4359062
0.0714000 0.9693308 83.8211319 83.8211319 5471.4375837
0.0798000 0.9660399 93.5161333 93.5161333 5471.4372949
0.0892500 0.9623573 104.3835655 104.3835655 5471.4383742
0.1008000 0.9577102 117.6075208 117.6075208 5471.4350903
0.1123500 0.9536687 130.7734868 130.7734868 5471.4350657
0.1260000 0.9487514 146.2597310 146.2597310 5471.4299291
0.1417500 0.9434247 164.0314983 164.0314983 5471.4270445
0.1585500 0.9377535 182.8770149 182.8770149 5471.4217911
0.1785000 0.9314126 205.1138438 205.1138438 5471.4100558
0.2005500 0.9247201 229.5207800 229.5207800 5471.3936210
0.2247000 0.9173911 256.0466223 256.0466223 5471.3741995
0.2520000 0.9101832 285.8004384 285.8004384 5471.3554818
0.2824500 0.9024917 318.7172014 318.7172014 5471.3380481
0.3171000 0.8934060 355.8262864 355.8262864 5471.3066170
0.3549000 0.8842292 395.8933251 395.8933251 5471.2771237
0.3990000 0.8744650 442.1427838 442.1427838 5471.2438318
0.4473000 0.8646149 492.2312663 492.2312663 5471.2041440
0.5019000 0.8548622 548.2122364 548.2122364 5471.1603505
0.5628000 0.8443513 609.9237367 609.9237367 5471.1120879
0.6310500 0.8339045 678.2240446 678.2240446 5471.0663744
0.7087500 0.8232309 755.0041994 755.0041994 5471.0228405
0.7948500 0.8113079 838.9366788 838.9366788 5470.9663671
0.8914500 0.7991577 931.6908495 931.6908495 5470.9093425
1.0006500 0.7869193 1034.9751672 1034.9751672 5470.8581706
1.1227651 0.7739220 1148.6442039 1148.6442039 5470.7940812
1.2594751 0.7616584 1273.8100250 1273.8100250 5470.7414372
1.4127226 0.7498457 1411.9609341 1411.9609341 5470.6762869
1.5858151 0.7373458 1565.5106555 1565.5106555 5470.6215737
1.7787526 0.7248397 1733.7637965 1733.7637965 5470.5678128
1.9959451 0.7127278 1919.9768614 1919.9768614 5470.5186977
2.2393220 0.7008978 2125.1635733 2125.1635733 5470.4691703
2.5125215 0.6905714 2351.8600275 2351.8600275 5470.4121654
2.8192921 0.6796318 2602.4568137 2602.4568137 5470.3664684
3.1631068 0.6677406 2878.7040071 2878.7040071 5470.3223927
3.5483644 0.6560837 3182.9461248 3182.9461248 5470.2770431
3.9810846 0.6464187 3519.1249251 3519.1249251 5470.2292948
4.4672872 0.6362194 3890.8598615 3890.8598615 5470.1843030
5.0118948 0.6267592 4300.9879811 4300.9879811 5470.1411816
5.6245099 0.6178685 4755.4823244 4755.4823244 5470.1079438
6.3098094 0.6095636 5257.0545296 5257.0545296 5470.0653995
7.0803644 0.6021073 5813.9689032 5813.9689032 5470.0306987
7.9440561 0.5933612 6429.5714470 6429.5714470 5469.9936488
8.9125633 0.5846692 7110.3183561 7110.3183561 5469.9496207
10.0014481 0.5761208 7863.4288299 7863.4288299 5469.9218624
11.2210876 0.5703237 8697.4173789 8697.4173789 5469.8889291
12.5894367 0.5644982 9622.7181580 9622.7181580 5469.8660344
14.1269504 0.5567108 10650.2702393 10650.2702393 5469.8417068
15.8491767 0.5515639 11788.1143023 11788.1143023 5469.7934832
17.7840324 0.5460874 13054.0775283 13054.0775283 5469.7629442
19.9529062 0.5406145 14460.8337610 14460.8337610 5469.7415954
22.3872322 0.5340461 16021.3316743 16021.3316743 5469.6969397
25.1199938 0.5279277 17750.9234398 17750.9234398 5469.6500532
28.1840786 0.5221937 19667.3951260 19667.3951260 5469.5848660
31.6237393 0.5185107 21800.9391676 21800.9391676 5469.5436252
35.4826072 0.5135336 24173.4740808 24173.4740808 5469.5150047
39.8132470 0.5073250 26812.7809295 26812.7809295 5469.4779327
44.6694872 0.5047668 29749.5022957 29749.5022957 5469.4507122
50.1205675 0.5000437 33012.1958910 33012.1958910 5469.4129326
56.2377471 0.4954627 36643.9151756 36643.9151756 5469.3702181
63.0967693 0.4904015 40679.4964838 40679.4964838 5469.3231023
70.7954662 0.4845321 45164.1140317 45164.1140317 5469.2721202
79.4340106 0.4809229 50144.9369529 50144.9369529 5469.2071306
89.1259377 0.4761642 55689.2551699 55689.2551699 5469.1327990
100.0026275 0.4747437 61862.0346822 61862.0346822 5468.9992048
112.2074471 0.4726784 68765.3299961 68765.3299961 5468.8956677
125.8964104 0.4697492 76468.1773349 76468.1773349 5468.8386746
141.2559945 0.4678434 85049.9634553 85049.9634553 5468.7690935
158.4947918 0.4643622 94636.1163094 94636.1163094 5468.6954162
177.8326602 0.4613390 105329.7725464 105329.7725464 5468.4855659
199.5344894 0.4613412 117296.6707933 117296.6707933 5468.3502465
223.8731455 0.4586104 130640.5231615 130640.5231615 5468.2710401
251.1895596 0.4587557 145590.4127119 145590.4127119 5468.1892701
281.8404883 0.4551975 162300.8381822 162300.8381822 5468.0194064
316.2378815 0.4523042 180973.3374185 180973.3374185 5467.7462118
354.8252370 0.4519799 201765.9670496 201765.9670496 5467.5656561
398.1250863 0.4458071 224929.5399451 224929.5399451 5467.4085362
446.6934609 0.4454532 250762.3591804 250762.3591804 5467.2291644
501.1903976 0.4427500 279614.6135318 279614.6135318 5467.0975907
562.3470481 0.4415195 311835.6843691 311835.6843691 5466.8273602
630.9576992 0.4399008 347955.5021187 347955.5021187 5466.6412780
707.9626349 0.4361258 388096.4234032 388096.4234032 5466.4517251
794.3311114 0.4345014 432955.3544945 432955.3544945 5466.2453132
891.2901875 0.4342682 483266.0300411 483266.0300411 5466.1707999
1000.0152949 0.4330701 539434.5487980 539434.5487980 5465.7789340
1122.0453570 0.4270939 602081.1577448 602081.1577448 5465.3740004
1258.9519017 0.4240530 671309.9424590 671309.9424590 5464.6741619
1412.6025846 0.4156145 748127.8852108 748127.8852108 5464.4973544
1584.9192513 0.4111079 833039.2377410 833039.2377410 5464.3790108
1778.3297629 0.4088397 927561.7462530 927561.7462530 5464.1481878
1995.3396487 0.4021499 1032372.6387969 1032372.6387969 5463.9008375
2238.7495208 0.3948847 1147827.0973889 1147827.0973889 5463.3730163
2511.9332487 0.3903735 1275631.5773037 1275631.5773037 5463.1999531
2818.4067961 0.3937368 1419187.9930403 1419187.9930403 5463.0383563
3162.3160538 0.3902298 1580490.5105100 1580490.5105100 5462.6231288
3548.2246552 0.3899537 1759827.6032051 1759827.6032051 5462.2577841
3981.0824729 0.3864004 1961350.6826880 1961350.6826880 5462.0477006
4466.8445267 0.3813114 2182256.2730395 2182256.2730395 5461.5928294
5011.9508737 0.3696103 2423900.7137820 2423900.7137820 5460.4032689
5623.4686414 0.3727313 2694269.7275130 2694269.7275130 5459.8465661
6309.6060499 0.3610860 2996493.5213990 2996493.5213990 5458.8470730
7079.5178905 0.3525425 3318736.7248719 3318736.7248719 5457.7128039
7943.3360745 0.3507495 3681269.9983048 3681269.9983048 5457.2722046
8912.5538779 0.3485063 4084842.0901320 4084842.0901320 5455.5411836
10000.0576380 0.3539037 4537468.1082373 4537468.1082373 5455.3365204
11220.2837932 0.3532710 5051066.9067538 5051066.9067538 5455.2958856
12589.2832138 0.3517034 5626590.9953591 5626590.9953591 5455.3164324
14125.4898594 0.3524553 6272886.8206285 6272886.8206285 5455.3233661
15849.0266991 0.3522839 6997728.2792100 6997728.2792100 5455.3197974
17782.8284773 0.3519739 7811324.5950057 7811324.5950057 5455.3279411
19952.6405589 0.3528740 8723831.8720706 8723831.8720706 5455.3438407
22387.3110130 0.3494817 9740485.5668087 9740485.5668087 5455.2299957
25118.9399788 0.3467567 10871888.4125251 10871888.4125251 5455.2213126
28183.8378200 0.3455925 12137276.3285222 12137276.3285222 5455.2261865
31622.8492882 0.3465192 13556799.5387574 13556799.5387574 5455.2513466
35481.3448326 0.3437773 15150026.6200090 15150026.6200090 5455.2501968
39810.8123001 0.3463794 16936965.9568540 16936965.9568540 5455.2908452
44668.4408210 0.3453994 18942166.3518362 18942166.3518362 5455.2994264
50118.8218320 0.3468830 21190966.8658071 21190966.8658071 5455.2966451
56234.1823694 0.3447880 23714435.6452864 23714435.6452864 5455.2307183
