6013 -4.66 0 1214.24
0.0325500 0.9667643 38.4791327 38.4791327 5475.1683241
0.0357000 0.9654522 42.1735044 42.1735044 5475.1720628
0.0399000 0.9636663 47.0914167 47.0914167 5475.1747930
0.0451500 0.9615245 53.2263805 53.2263805 5475.1805381
0.0504000 0.9592306 59.3470849 59.3470849 5475.1829842
0.0567000 0.9567106 66.6730127 66.6730127 5475.1872967
0.0640500 0.9537067 75.1961950 75.1961950 5475.1905285
0.0714000 0.9507684 83.6929896 83.6929896 5475.1914352
0.0798000 0.9476685 93.3726534 93.3726534 5475.1944839
0.0892500 0.9440622 104.2235885 104.2235885 5475.1956140
0.1008000 0.9397836 117.4300711 117.4300711 5475.1946271
0.1123500 0.9355795 130.5774645 130.5774645 5475.1939967
0.1260000 0.9306236 146.0401438 146.0401438 5475.1917628
0.1417500 0.9252396 163.7828466 163.7828466 5475.1831138
0.1585500 0.9195960 182.5948680 182.5948680 5475.1739901
0.1785000 0.9132998 204.7919374 204.7919374 5475.1631127
0.2005500 0.9068445 229.1538178 229.1538178 5475.1535967
0.2247000 0.8999050 255.6399494 255.6399494 5475.1388238
0.2520000 0.8924948 285.3390644 285.3390644 5475.1146024
0.2824500 0.8849823 318.1906862 318.1906862 5475.0964818
0.3171000 0.8768288 355.2451274 355.2451274 5475.0704600
0.3549000 0.8678477 395.2790336 395.2790336 5475.0361585
0.3990000 0.8581266 441.4751743 441.4751743 5475.0027517
0.4473000 0.8490133 491.5242608 491.5242608 5474.9657430
0.5019000 0.8383695 547.4443713 547.4443713 5474.9201017
0.5628000 0.8278223 609.0370688 609.0370688 5474.8678064
0.6310500 0.8173505 677.1837654 677.1837654 5474.8251472
0.7087500 0.8066852 753.7968951 753.7968951 5474.7771518
0.7948500 0.7953833 837.5197100 837.5197100 5474.7246175
0.8914500 0.7844454 930.1574506 930.1574506 5474.6691301
1.0006500 0.7729297 1033.3632938 1033.3632938 5474.6175516
1.1227651 0.7612738 1147.0940229 1147.0940229 5474.5563592
1.2594751 0.7489817 1272.4276344 1272.4276344 5474.4996439
1.4127226 0.7370369 1410.6844028 1410.6844028 5474.4428287
1.5858151 0.7243124 1564.1857697 1564.1857697 5474.3971795
1.7787526 0.7133068 1732.5480119 1732.5480119 5474.3350135
1.9959451 0.7020556 1919.0561572 1919.0561572 5474.2879849
2.2393220 0.6897863 2124.6396406 2124.6396406 5474.2294803
2.5125215 0.6784399 2351.5473294 2351.5473294 5474.1927046
2.8192921 0.6673210 2602.0785940 2602.0785940 5474.1427819
3.1631068 0.6563845 2878.2817281 2878.2817281 5474.0939539
3.5483644 0.6460422 3182.8292809 3182.8292809 5474.0474625
3.9810846 0.6363045 3519.5714359 3519.5714359 5473.9985017
4.4672872 0.6258103 3892.2598704 3892.2598704 5473.9647756
5.0118948 0.6171176 4302.9521693 4302.9521693 5473.9148776
5.6245099 0.6072267 4758.0778417 4758.0778417 5473.8864211
6.3098094 0.5989123 5259.5592196 5259.5592196 5473.8422549
7.0803644 0.5901494 5815.9350862 5815.9350862 5473.8036965
7.9440561 0.5823606 6430.9459131 6430.9459131 5473.7728898
8.9125633 0.5737005 7110.8580334 7110.8580334 5473.7309170
10.0014481 0.5653502 7863.6596742 7863.6596742 5473.7007890
11.2210876 0.5602347 8698.3218745 8698.3218745 5473.6738199
12.5894367 0.5529384 9622.3752635 9622.3752635 5473.6337026
14.1269504 0.5465394 10649.2559026 10649.2559026 5473.6079450
15.8491767 0.5398113 11785.8269696 11785.8269696 5473.5728146
17.7840324 0.5342094 13047.0514034 13047.0514034 5473.5396073
19.9529062 0.5287857 14447.1624456 14447.1624456 5473.5264299
22.3872322 0.5227588 16000.5630986 16000.5630986 5473.4899557
25.1199938 0.5170336 17727.3707287 17727.3707287 5473.4626493
28.1840786 0.5123308 19643.0285427 19643.0285427 5473.4351285
31.6237393 0.5072640 21773.4627800 21773.4627800 5473.4015085
35.4826072 0.5023206 24138.6847424 24138.6847424 5473.3761182
39.8132470 0.4980427 26768.1892454 26768.1892454 5473.3383735
44.6694872 0.4948279 29690.8427863 29690.8427863 5473.2976919
50.1205675 0.4875312 32945.7236454 32945.7236454 5473.2434307
56.2377471 0.4846333 36563.4451818 36563.4451818 5473.1947621
63.0967693 0.4791415 40578.9710278 40578.9710278 5473.1189025
70.7954662 0.4755747 45044.6776410 45044.6776410 5472.9868665
79.4340106 0.4720088 50013.9115369 50013.9115369 5472.7935148
89.1259377 0.4683382 55535.0013568 55535.0013568 5472.6142531
100.0026275 0.4651928 61688.0587394 61688.0587394 5472.4360689
112.2074471 0.4618475 68546.3408986 68546.3408986 5472.2089205
125.8964104 0.4585148 76178.9783284 76178.9783284 5472.0946913
141.2559945 0.4547452 84683.0909191 84683.0909191 5471.9723284
158.4947918 0.4503575 94165.4280479 94165.4280479 5471.8363782
177.8326602 0.4486183 104704.3109438 104704.3109438 5471.6944297
199.5344894 0.4463964 116472.5764879 116472.5764879 5471.4130666
223.8731455 0.4428650 129595.9623174 129595.9623174 5471.2063549
251.1895596 0.4393629 144255.6433614 144255.6433614 5471.0751136
281.8404883 0.4380187 160577.6236607 160577.6236607 5470.8108238
316.2378815 0.4337622 178779.7961452 178779.7961452 5470.5321407
354.8252370 0.4317320 199061.8450645 199061.8450645 5470.2438578
398.1250863 0.4270434 221609.9801282 221609.9801282 5469.9339825
446.6934609 0.4241595 246720.1602827 246720.1602827 5469.3901523
501.1903976 0.4232782 274782.5904970 274782.5904970 5469.1674098
562.3470481 0.4183068 306021.7238336 306021.7238336 5468.9395771
630.9576992 0.4137875 340695.2170731 340695.2170731 5468.1826420
707.9626349 0.4106391 379331.2778653 379331.2778653 5467.4536993
794.3311114 0.4032667 421978.1063619 421978.1063619 5466.6719263
891.2901875 0.3976910 469067.6635288 469067.6635288 5466.0257267
1000.0152949 0.3934758 521356.5636911 521356.5636911 5465.2019292
1122.0453570 0.3844481 578852.9514167 578852.9514167 5464.5803143
1258.9519017 0.3781438 641855.9408882 641855.9408882 5463.7603440
1412.6025846 0.3724144 711751.8989555 711751.8989555 5462.9235168
1584.9192513 0.3662561 789088.9569165 789088.9569165 5461.8024071
1778.3297629 0.3627897 874677.9925765 874677.9925765 5461.0864741
1995.3396487 0.3609803 970403.9144348 970403.9144348 5459.9345920
2238.7495208 0.3652734 1077732.0377475 1077732.0377475 5459.3246155
2511.9332487 0.3686041 1199117.5362268 1199117.5362268 5458.9667907
2818.4067961 0.3638764 1335732.6359062 1335732.6359062 5458.7274149
3162.3160538 0.3631998 1488400.6611549 1488400.6611549 5458.3467217
3548.2246552 0.3645648 1659452.8030465 1659452.8030465 5458.1875632
3981.0824729 0.3642448 1850259.1582384 1850259.1582384 5458.1319096
4466.8445267 0.3542339 2062514.5791904 2062514.5791904 5457.4210972
5011.9508737 0.3518300 2296800.8441156 2296800.8441156 5456.3497952
5623.4686414 0.3565114 2558715.2511100 2558715.2511100 5453.8344452
6309.6060499 0.3600045 2856430.8458355 2856430.8458355 5453.0176020
7079.5178905 0.3611456 3192398.8202924 3192398.8202924 5452.4932545
7943.3360745 0.3584943 3570980.3283791 3570980.3283791 5451.1992331
8912.5538779 0.3516923 3989799.4590076 3989799.4590076 5450.2244606
10000.0576380 0.3630061 4459609.8697626 4459609.8697626 5446.5564581
11220.2837932 0.3595781 4992223.3281214 4992223.3281214 5445.8159917
12589.2832138 0.3629785 5591625.1174135 5591625.1174135 5445.7321616
14125.4898594 0.3616716 6267540.3661399 6267540.3661399 5445.5461927
15849.0266991 0.3649029 7026272.8036245 7026272.8036245 5444.9664081
17782.8284773 0.3608949 7880257.5658777 7880257.5658777 5444.7807361
19952.6405589 0.3564527 8830878.8536450 8830878.8536450 5444.4735316
22387.3110130 0.3570945 9883894.0470137 9883894.0470137 5444.4550315
25118.9399788 0.3569526 11065942.5845442 11065942.5845442 5444.4631197
28183.8378200 0.3574899 12394132.4444828 12394132.4444828 5444.4747306
31622.8492882 0.3585150 13888133.6067151 13888133.6067151 5444.4919581
35481.3448326 0.3562661 15562583.5093122 15562583.5093122 5444.5077595
39810.8123001 0.3505412 17420426.5628607 17420426.5628607 5444.3346096
44668.4408210 0.3560276 19508658.6915193 19508658.6915193 5442.9420944
50118.8218320 0.3525364 21849581.7741127 21849581.7741127 5442.9429302
56234.1823694 0.3505422 24464598.4788643 24464598.4788643 5442.8821941
