7008 -3.8 0 790.423
0.0325500 0.9800383 25.5037814 25.5037814 31.2836898
0.0357000 0.9778442 27.9402677 27.9402677 31.2669423
0.0399000 0.9749398 31.1804587 31.1804587 31.2449601
0.0451500 0.9713437 35.2172197 35.2172197 31.2180270
0.0504000 0.9677844 39.2391493 39.2391493 31.1916798
0.0567000 0.9635633 44.0461084 44.0461084 31.1608149
0.0640500 0.9587056 49.6278733 49.6278733 31.1258028
0.0714000 0.9539180 55.1816505 55.1816505 31.0918206
0.0798000 0.9485278 61.4950606 61.4950606 31.0541868
0.0892500 0.9425665 68.5552837 68.5552837 31.0133073
0.1008000 0.9354238 77.1246462 77.1246462 30.9653242
0.1123500 0.9284408 85.6296005 85.6296005 30.9193934
0.1260000 0.9203833 95.5998017 95.5998017 30.8675857
0.1417500 0.9113452 106.9975155 106.9975155 30.8109007
0.1585500 0.9019981 119.0330932 119.0330932 30.7537971
0.1785000 0.8912787 133.1671490 133.1671490 30.6900850
0.2005500 0.8798861 148.5964155 148.5964155 30.6243342
0.2247000 0.8679169 165.2722766 165.2722766 30.5573652
0.2520000 0.8549899 183.8547084 183.8547084 30.4873112
0.2824500 0.8412755 204.2607717 204.2607717 30.4154114
0.3171000 0.8265099 227.0914597 227.0914597 30.3405700
0.3549000 0.8113414 251.5506491 251.5506491 30.2662490
0.3990000 0.7947918 279.5333402 279.5333402 30.1878043
0.4473000 0.7779288 309.5436469 309.5436469 30.1105436
0.5019000 0.7602556 342.7231103 342.7231103 30.0323469
0.5628000 0.7421035 378.8685999 378.8685999 29.9546635
0.6310500 0.7234677 418.3845723 418.3845723 29.8774942
0.7087500 0.7041371 462.2056730 462.2056730 29.8000524
0.7948500 0.6847379 509.4467198 509.4467198 29.7248139
0.8914500 0.6651060 560.9590931 560.9590931 29.6511101
1.0006500 0.6452141 617.4843661 617.4843661 29.5788431
1.1227651 0.6253227 678.7756725 678.7756725 29.5091727
1.2594751 0.6055374 745.2478984 745.2478984 29.4423807
1.4127226 0.5858917 817.3742585 817.3742585 29.3784656
1.5858151 0.5663022 896.1564744 896.1564744 29.3173195
1.7787526 0.5471185 981.0152483 981.0152483 29.2600450
1.9959451 0.5282736 1073.2781118 1073.2781118 29.2063091
2.2393220 0.5098829 1173.0856134 1173.0856134 29.1565810
2.5125215 0.4918597 1281.1944186 1281.1944186 29.1108932
2.8192921 0.4742672 1398.2669326 1398.2669326 29.0696040
3.1631068 0.4572364 1524.7767620 1524.7767620 29.0333142
3.5483644 0.4407041 1661.4249650 1661.4249650 29.0018956
3.9810846 0.4246684 1809.3433688 1809.3433688 28.9752758
4.4672872 0.4092585 1969.5009550 1969.5009550 28.9538073
5.0118948 0.3942409 2142.3604244 2142.3604244 28.9376773
5.6245099 0.3797307 2329.6697456 2329.6697456 28.9270735
6.3098094 0.3656425 2531.4335995 2531.4335995 28.9214769
7.0803644 0.3521095 2749.9024440 2749.9024440 28.9205259
7.9440561 0.3391058 2985.7149071 2985.7149071 28.9236856
8.9125633 0.3268216 3240.4697710 3240.4697710 28.9307181
10.0014481 0.3150407 3516.5200435 3516.5200435 28.9416063
11.2210876 0.3035058 3814.5758860 3814.5758860 28.9543355
12.5894367 0.2925963 4136.6709116 4136.6709116 28.9696962
14.1269504 0.2826587 4486.1415815 4486.1415815 28.9845683
15.8491767 0.2729081 4864.0661812 4864.0661812 28.9958762
17.7840324 0.2633620 5274.1060706 5274.1060706 29.0085785
19.9529062 0.2541854 5717.6244523 5717.6244523 29.0166294
22.3872322 0.2451683 6197.7402352 6197.7402352 29.0211917
25.1199938 0.2369965 6718.5495818 6718.5495818 29.0213278
28.1840786 0.2287179 7281.9333622 7281.9333622 29.0135384
31.6237393 0.2205907 7892.1398278 7892.1398278 29.0138336
35.4826072 0.2136663 8554.3104169 8554.3104169 29.0065669
39.8132470 0.2062099 9273.8375872 9273.8375872 28.9883250
44.6694872 0.1985273 10049.1048304 10049.1048304 28.9679644
50.1205675 0.1930158 10893.5645532 10893.5645532 28.9580720
56.2377471 0.1849469 11805.7141591 11805.7141591 28.9404861
63.0967693 0.1787605 12793.3376940 12793.3376940 28.9108828
70.7954662 0.1720638 13859.2882986 13859.2882986 28.8648214
79.4340106 0.1646692 15009.4231049 15009.4231049 28.8193598
89.1259377 0.1605136 16256.4353720 16256.4353720 28.7735723
100.0026275 0.1570228 17620.3322145 17620.3322145 28.7365901
112.2074471 0.1492414 19099.8715274 19099.8715274 28.6836133
125.8964104 0.1458138 20693.5245777 20693.5245777 28.6165127
141.2559945 0.1352871 22405.3520662 22405.3520662 28.5501339
158.4947918 0.1294238 24203.1835933 24203.1835933 28.4659606
177.8326602 0.1271015 26188.4178840 26188.4178840 28.4064194
199.5344894 0.1190075 28296.5918997 28296.5918997 28.2866629
223.8731455 0.1159029 30547.8887013 30547.8887013 28.1793160
251.1895596 0.1077939 32972.3040320 32972.3040320 28.0674685
281.8404883 0.1043190 35529.6549806 35529.6549806 27.9179832
316.2378815 0.0997437 38261.5505130 38261.5505130 27.7564337
354.8252370 0.0934492 41205.4512173 41205.4512173 27.5883705
398.1250863 0.0909652 44409.5579876 44409.5579876 27.4162462
446.6934609 0.0867097 47807.2301787 47807.2301787 27.2696236
501.1903976 0.0753919 51362.0047922 51362.0047922 27.0812657
562.3470481 0.0746214 55021.7497370 55021.7497370 26.8589719
630.9576992 0.0738286 59112.6630743 59112.6630743 26.6216666
707.9626349 0.0726787 63392.5308234 63392.5308234 26.4069807
794.3311114 0.0658869 68008.0682959 68008.0682959 26.1806857
891.2901875 0.0635968 72835.5028374 72835.5028374 25.9278382
1000.0152949 0.0610007 78065.0922712 78065.0922712 25.6969835
1122.0453570 0.0606712 83760.9183162 83760.9183162 25.4205451
1258.9519017 0.0584855 90056.9922624 90056.9922624 25.1081921
1412.6025846 0.0541603 96870.9474437 96870.9474437 24.7387746
1584.9192513 0.0507599 104139.6790768 104139.6790768 24.4514430
1778.3297629 0.0504877 111961.9833786 111961.9833786 24.1762776
1995.3396487 0.0502971 120683.8211530 120683.8211530 23.8371853
2238.7495208 0.0473727 129864.5656393 129864.5656393 23.4231540
2511.9332487 0.0454167 139924.1261003 139924.1261003 22.9619376
2818.4067961 0.0443627 151212.7096173 151212.7096173 22.4411888
3162.3160538 0.0454597 164024.2553656 164024.2553656 21.9863624
3548.2246552 0.0423432 177496.2424102 177496.2424102 21.5123192
3981.0824729 0.0431691 192377.1874834 192377.1874834 21.0300743
4466.8445267 0.0350875 207307.9814384 207307.9814384 20.5072981
5011.9508737 0.0302559 221180.6657123 221180.6657123 20.0064954
5623.4686414 0.0220706 233990.7092530 233990.7092530 19.5285511
6309.6060499 0.0253107 247865.6537317 247865.6537317 19.0475279
7079.5178905 0.0214309 262079.9457197 262079.9457197 18.5052955
7943.3360745 0.0244385 276058.2523995 276058.2523995 18.0589525
8912.5538779 0.0242145 293316.3159844 293316.3159844 17.4803214
10000.0576380 0.0208550 313002.5144713 313002.5144713 16.9472039
11220.2837932 0.0174056 331223.3908959 331223.3908959 16.5165791
12589.2832138 0.0236049 352654.3543771 352654.3543771 16.0662385
14125.4898594 0.0177693 377466.8585359 377466.8585359 15.6566895
15849.0266991 0.0171296 403046.5955978 403046.5955978 15.3443725
17782.8284773 0.0220639 431657.9078612 431657.9078612 15.0005905
19952.6405589 0.0267004 469062.0104203 469062.0104203 14.7373490
22387.3110130 0.0234343 510546.3018457 510546.3018457 14.4212207
25118.9399788 0.0190351 553264.7392452 553264.7392452 14.1090062
28183.8378200 0.0188908 597394.4354649 597394.4354649 13.8172085
31622.8492882 0.0105538 632683.3014715 632683.3014715 13.5443959
35481.3448326 0.0092185 670181.5749528 670181.5749528 13.2614811
39810.8123001 0.0093726 711090.1155756 711090.1155756 12.9705538
44668.4408210 0.0128866 759605.7184340 759605.7184340 12.6799828
50118.8218320 0.0113073 806712.2697777 806712.2697777 12.4177714
56234.1823694 0.0078900 864812.0558743 864812.0558743 12.1819669
63095.8439737 0.0109659 916022.0123309 916022.0123309 11.9728026
70794.7386130 0.0135480 987716.8344136 987716.8344136 11.8072457
79432.9897122 0.0118409 1065432.2917577 1065432.2917577 11.5600051
89125.2011949 0.0104948 1170072.9401950 1170072.9401950 11.3164116
100000.1496297 0.0088163 1281995.5597243 1281995.5597243 11.0771516
112201.9339986 0.0148534 1405006.6550157 1405006.6550157 10.9192662
125892.6936390 0.0113312 1517705.7472515 1517705.7472515 10.8306403
141253.8311154 0.0094492 1669037.9745904 1669037.9745904 10.6665933
