6013 -4.2 0 344.887
0.0325500 0.9725527 11.0645078 11.0645078 1.8058108
0.0357000 0.9700631 12.1192240 12.1192240 1.8125325
0.0399000 0.9673227 13.5219087 13.5219087 1.8210034
0.0451500 0.9640286 15.2696558 15.2696558 1.8331586
0.0504000 0.9601855 17.0110910 17.0110910 1.8436989
0.0567000 0.9556781 19.0917805 19.0917805 1.8551220
0.0640500 0.9504360 21.5062325 21.5062325 1.8679198
0.0714000 0.9447198 23.9073973 23.9073973 1.8778957
0.0798000 0.9386163 26.6344481 26.6344481 1.8933598
0.0892500 0.9314421 29.6808598 29.6808598 1.9093191
0.1008000 0.9236380 33.3760647 33.3760647 1.9296435
0.1123500 0.9157528 37.0384209 37.0384209 1.9460330
0.1260000 0.9074500 41.3281105 41.3281105 1.9638447
0.1417500 0.8971957 46.2262552 46.2262552 1.9884666
0.1585500 0.8856102 51.3872139 51.3872139 2.0065531
0.1785000 0.8757183 57.4453963 57.4453963 2.0382508
0.2005500 0.8625408 64.0522763 64.0522763 2.0572444
0.2247000 0.8482654 71.1730797 71.1730797 2.0813222
0.2520000 0.8339216 79.0912044 79.0912044 2.1010322
0.2824500 0.8175997 87.7599668 87.7599668 2.1172498
0.3171000 0.7999058 97.4200652 97.4200652 2.1352072
0.3549000 0.7823164 107.7268393 107.7268393 2.1566190
0.3990000 0.7594532 119.4388622 119.4388622 2.1766157
0.4473000 0.7399661 131.9254318 131.9254318 2.1905617
0.5019000 0.7197294 145.6601299 145.6601299 2.2076583
0.5628000 0.6976659 160.5370757 160.5370757 2.2173009
0.6310500 0.6745207 176.6865405 176.6865405 2.2243952
0.7087500 0.6522749 194.4538506 194.4538506 2.2363877
0.7948500 0.6293084 213.4676429 213.4676429 2.2515889
0.8914500 0.6085113 234.0835006 234.0835006 2.2589612
1.0006500 0.5823550 256.5037275 256.5037275 2.2698012
1.1227651 0.5586315 280.5367813 280.5367813 2.2710899
1.2594751 0.5378287 306.4090134 306.4090134 2.2760030
1.4127226 0.5155018 334.2206559 334.2206559 2.2837877
1.5858151 0.4949498 364.4557855 364.4557855 2.2952035
1.7787526 0.4692056 396.5933041 396.5933041 2.2918748
1.9959451 0.4489474 430.8833944 430.8833944 2.2828851
2.2393220 0.4300441 467.7755258 467.7755258 2.2868258
2.5125215 0.4138175 507.3603682 507.3603682 2.2778408
2.8192921 0.3966399 550.2396691 550.2396691 2.2789457
3.1631068 0.3737598 595.7126552 595.7126552 2.2903933
3.5483644 0.3556248 643.9452964 643.9452964 2.2944119
3.9810846 0.3339081 695.5052083 695.5052083 2.2866704
4.4672872 0.3157955 750.0503147 750.0503147 2.2948703
5.0118948 0.2980732 807.7736243 807.7736243 2.3115425
5.6245099 0.2822339 869.1381761 869.1381761 2.2907461
6.3098094 0.2751976 935.1760673 935.1760673 2.2878454
7.0803644 0.2582371 1006.0917373 1006.0917373 2.2848988
7.9440561 0.2446351 1080.2894364 1080.2894364 2.2864815
8.9125633 0.2343842 1160.7695802 1160.7695802 2.2667715
10.0014481 0.2245297 1247.1075519 1247.1075519 2.2845452
11.2210876 0.2067325 1337.4578068 1337.4578068 2.2667051
12.5894367 0.1947287 1433.7790070 1433.7790070 2.2693426
14.1269504 0.1913515 1536.0169437 1536.0169437 2.2854822
15.8491767 0.1797319 1645.8377841 1645.8377841 2.2775144
17.7840324 0.1698549 1757.5349350 1757.5349350 2.2591837
19.9529062 0.1620740 1880.6131206 1880.6131206 2.2716552
22.3872322 0.1415621 2006.8291416 2006.8291416 2.2439597
25.1199938 0.1317404 2138.0127309 2138.0127309 2.2576202
28.1840786 0.1353191 2275.9867368 2275.9867368 2.2278649
31.6237393 0.1263494 2431.3599986 2431.3599986 2.2339304
35.4826072 0.1185389 2597.4478549 2597.4478549 2.2292981
39.8132470 0.1098789 2768.1920205 2768.1920205 2.1881384
44.6694872 0.1053271 2951.4705247 2951.4705247 2.2062968
50.1205675 0.0959339 3138.0959693 3138.0959693 2.1807012
56.2377471 0.0929176 3339.4864175 3339.4864175 2.1684981
63.0967693 0.0866118 3547.4736087 3547.4736087 2.1381292
70.7954662 0.0895363 3775.1082225 3775.1082225 2.1409627
79.4340106 0.0748695 4014.7293025 4014.7293025 2.0993276
89.1259377 0.0727305 4266.2548118 4266.2548118 2.0785961
100.0026275 0.0646544 4535.9041611 4535.9041611 2.0662987
112.2074471 0.0577164 4791.5845851 4791.5845851 2.0277633
125.8964104 0.0503297 5052.9061343 5052.9061343 2.0189309
141.2559945 0.0542859 5332.0751250 5332.0751250 1.9579723
158.4947918 0.0422762 5612.9239647 5612.9239647 1.9112634
177.8326602 0.0427654 5925.9734044 5925.9734044 1.8910644
199.5344894 0.0481710 6269.9529395 6269.9529395 1.8630253
223.8731455 0.0390217 6631.0211988 6631.0211988 1.8191343
251.1895596 0.0385695 6988.6464898 6988.6464898 1.7860959
281.8404883 0.0357961 7356.2425040 7356.2425040 1.7309132
316.2378815 0.0274880 7731.2500186 7731.2500186 1.6961514
354.8252370 0.0221606 8105.3509335 8105.3509335 1.6678597
398.1250863 0.0218084 8511.9253927 8511.9253927 1.6151275
446.6934609 0.0204941 8901.2709914 8901.2709914 1.5512626
501.1903976 0.0199612 9268.8310969 9268.8310969 1.4882398
562.3470481 0.0157572 9693.9298670 9693.9298670 1.4443224
630.9576992 0.0156689 10071.4826022 10071.4826022 1.3906437
707.9626349 0.0139928 10442.3981019 10442.3981019 1.3515137
794.3311114 0.0148512 10817.9330449 10817.9161518 1.2987131
891.2901875 0.0160073 11207.0243568 11207.0074638 1.2530999
1000.0152949 0.0068093 11617.7010648 11617.6682640 1.2051021
1122.0453570 0.0175580 12152.5260218 12152.4932210 1.1779255
1258.9519017 0.0075884 12624.1761858 12624.1389746 1.1227353
1412.6025846 0.0062762 13169.3979216 13169.1879318 1.0971494
1584.9192513 0.0051833 13668.9427250 13668.4549786 1.0574273
1778.3297629 0.0027959 14241.1313719 14240.5953619 1.0147310
1995.3396487 0.0121747 14813.0155937 14811.0175452 0.9813718
2238.7495208 0.0014365 15485.1868309 15482.4854252 0.9701333
2511.9332487 0.0052288 16120.2211087 16116.3999498 0.9026357
2818.4067961 0.0112948 16709.2997931 16702.7745217 0.8656437
3162.3160538 0.0061927 17377.4378104 17367.8365767 0.8342042
3548.2246552 0.0022664 17992.4957309 17967.9494265 0.8174379
3981.0824729 0.0036123 18719.4095985 18681.6443747 0.8013615
4466.8445267 0.0041515 19332.3275174 19263.3714685 0.7618191
5011.9508737 0.0040733 19897.6769839 19765.0399560 0.7452318
5623.4686414 0.0009468 20284.6846179 20018.9556205 0.7126280
6309.6060499 0.0016656 20860.6320636 20508.7279468 0.6972789
7079.5178905 0.0035788 21577.4620126 21149.9085037 0.6717446
7943.3360745 0.0032645 22086.3808293 21470.5404296 0.6471986
8912.5538779 0.0013527 22830.3647352 22074.1906735 0.6218467
10000.0576380 0.0050057 23468.1500252 22481.8627000 0.5996516
11220.2837932 -0.0010689 24453.9909710 23338.2890882 0.5967531
12589.2832138 0.0026988 25287.2182518 23932.7510771 0.5782626
14125.4898594 -0.0005558 26104.8951408 24407.1586722 0.5623789
15849.0266991 0.0026902 26721.6922722 24408.0198269 0.5519103
17782.8284773 -0.0020937 27335.4326729 24249.3649389 0.5366544
19952.6405589 -0.0006346 28224.4883894 24441.3440151 0.5337940
22387.3110130 0.0001594 28961.9055886 24178.9881991 0.5014754
25118.9399788 -0.0022762 29498.9314659 23217.5215655 0.5173043
28183.8378200 -0.0047050 30379.9347441 22861.5185280 0.5014220
31622.8492882 -0.0008284 31200.2469739 22068.3822448 0.4953069
35481.3448326 0.0027977 32714.5729664 22487.2541704 0.4797503
39810.8123001 -0.0001761 33921.8058016 21882.1520503 0.4734639
44668.4408210 0.0005343 35250.7303432 21269.4913102 0.4591603
50118.8218320 -0.0013271 36842.7224664 20794.0046655 0.4467094
56234.1823694 -0.0007879 38589.9980992 20342.4824507 0.4480250
63095.8439737 -0.0011488 40820.2081539 20273.5910577 0.4617622
70794.7386130 0.0017095 43037.1584230 19686.1557897 0.4552399
79432.9897122 0.0058845 46134.5572984 20205.5978925 0.4367629
89125.2011949 -0.0040117 49341.8556766 20313.0959370 0.4396863
100000.1496297 -0.0007917 52229.0602479 18961.5908593 0.4416162
112201.9339986 -0.0022408 55888.1124878 18335.4185682 0.4340573
125892.6936390 0.0023443 60322.6710316 18358.1981323 0.4212962
141253.8311154 0.0044463 64652.0409412 17141.8416549 0.4328326
158489.5061793 -0.0033709 69855.1842094 16325.6299269 0.4316737
177827.9574712 -0.0022805 76270.3121701 16523.1593313 0.4464797
199526.2758973 0.0016703 84680.8057699 19041.8534926 0.4376600
