1013 0
0 877.301 0 0
0 0.994754 8.74707 8.74707
0 0.989603 17.4492 17.4492
0 0.984537 26.1068 26.1068
0 0.974748 43.2891 43.2891
0 0.964869 60.3008 60.3008
0 0.95093 85.5059 85.5059
0 0.908838 167.02 167.02
0 0.872336 245.101 245.101
0 0.812782 392.663 392.663
0 0.765072 530.891 530.891
1 0.710841 724.822 724.822
2 0.598219 1294.07 1294.07
3 0.534278 1788.47 1788.47
5 0.462869 2656.39 2656.39
7 0.421632 3430.14 3430.14
10 0.381316 4481.42 4481.42
15 0.343187 6061.01 6061.01
20 0.316538 7502.55 7502.55
30 0.284104 10122.6 10122.6
50 0.250331 14774.1 14774.1
70 0.231493 18975.1 18975.1
100 0.211301 24795.6 24795.6
150 0.192472 33671.8 33671.8
200 0.180758 41832.5 41832.5
300 0.163647 56871.4 56871.4
500 0.143755 83564.9 83564.9
700 0.131329 107497 107497
1000 0.118501 140254 140254
1500 0.10613 189661 189661
2000 0.0979194 234504 234504
3000 0.0756163 309921 309921
5000 0.0685506 434295 434295
7000 0.0616396 548871 548871
10000 0.0446568 691975 691975
15000 0.0409208 880659 880659
20000 0.0361526 1.04075e+06 1.04075e+06
30000 0.0220282 1.28564e+06 1.28564e+06
40000 0.0231391 1.48723e+06 1.48723e+06
50000 0.0220918 1.68128e+06 1.68128e+06
60000 0.0312262 1.88746e+06 1.88746e+06
70000 0.0210179 2.09552e+06 2.09552e+06
80000 0.0232298 2.2849e+06 2.2849e+06
90000 0.0260932 2.50474e+06 2.50474e+06
100000 0.0318997 2.76453e+06 2.76453e+06
150000 0.0271708 4.00749e+06 4.00749e+06
200000 0.0165833 5.05883e+06 5.05883e+06
300000 0.0119708 6.63105e+06 6.63105e+06
400000 0.0062119 7.80557e+06 7.80557e+06
500000 0.0103163 8.54736e+06 8.54723e+06
600000 0.00725627 8.99608e+06 8.99391e+06
700000 0.0102837 9.60785e+06 9.6055e+06
800000 0.00727824 1.04577e+07 1.04553e+07
900000 0.00692546 1.12767e+07 1.12744e+07
