1000 0
0 76.9551 0 0
0 0.994411 0.767181 0.767181
0 0.988904 1.5301 1.5301
0 0.983469 2.2888 2.2888
0 0.97285 3.79384 3.79384
0 0.962541 5.28279 5.28279
0 0.947644 7.48705 7.48705
0 0.902882 14.6012 14.6012
0 0.864239 21.3957 21.3957
0 0.801128 34.1875 34.1875
0 0.752166 46.1238 46.1238
1 0.695777 62.8042 62.8042
2 0.581268 111.434 111.434
3 0.516429 153.474 153.474
5 0.442371 226.648 226.648
7 0.399447 291.174 291.174
10 0.359132 378.369 378.369
15 0.319004 508.147 508.147
20 0.293559 625.661 625.661
30 0.262032 838.363 838.363
50 0.228598 1212.82 1212.82
70 0.209427 1548.86 1548.86
100 0.191463 2009.99 2009.99
150 0.173391 2709.21 2709.21
200 0.161053 3351.17 3351.17
300 0.145739 4525.65 4525.65
500 0.130815 6639.34 6639.34
700 0.121372 8578.52 8578.52
1000 0.109565 11222 11222
1500 0.103773 15306.8 15306.8
2000 0.100756 19249.9 19249.9
3000 0.0907637 26580.6 26580.6
5000 0.0844965 40011 40011
7000 0.0840135 52986.1 52986.1
10000 0.0809252 71982.5 71982.5
15000 0.0801475 102906 102906
20000 0.0773602 133028 133028
30000 0.0768792 192101 192101
40000 0.0773419 251473 251473
50000 0.0773318 310968 310968
60000 0.0773536 370489 370489
70000 0.0773589 430020 430020
80000 0.0773601 489552 489552
90000 0.0773604 549085 549085
100000 0.0773605 608617 608617
150000 0.0773605 906282 906282
200000 0.0773605 1.20395e+06 1.20395e+06
300000 0.0773605 1.79928e+06 1.79928e+06
400000 0.0773605 2.3946e+06 2.3946e+06
500000 0.0773521 2.98994e+06 2.98994e+06
600000 0.0769684 3.58754e+06 3.58754e+06
700000 0.0733599 4.1637e+06 4.1637e+06
800000 0.0742855 4.74712e+06 4.74712e+06
900000 0.07425 5.33162e+06 5.33162e+06
1000000 0.0691201 5.85787e+06 5.85787e+06
