6005 -3.66 0 659.973
0.0325500 0.9473861 20.8422908 20.8422908 10.7525631
0.0357000 0.9420990 22.8044219 22.8044219 10.8185788
0.0399000 0.9364095 25.4051794 25.4051794 10.9078951
0.0451500 0.9291909 28.6347806 28.6347806 11.0141928
0.0504000 0.9219966 31.8392959 31.8392959 11.1199111
0.0567000 0.9138894 35.6531655 35.6531655 11.2349081
0.0640500 0.9061036 40.0641859 40.0641859 11.3796393
0.0714000 0.8986211 44.4391399 44.4391399 11.5231313
0.0798000 0.8901292 49.3913726 49.3913726 11.6697726
0.0892500 0.8808409 54.9087408 54.9087408 11.8460002
0.1008000 0.8687427 61.5719402 61.5719402 12.0271721
0.1123500 0.8582469 68.1477434 68.1477434 12.1823761
0.1260000 0.8452215 75.8124347 75.8124347 12.3561730
0.1417500 0.8310010 84.5133822 84.5133822 12.5486988
0.1585500 0.8197757 93.6582481 93.6582481 12.7514315
0.1785000 0.8051129 104.3490279 104.3490279 12.9627436
0.2005500 0.7906526 115.9568483 115.9568483 13.1747147
0.2247000 0.7768343 128.4340130 128.4340130 13.3846982
0.2520000 0.7619399 142.2913652 142.2913652 13.6055510
0.2824500 0.7430362 157.4050428 157.4050428 13.7893365
0.3171000 0.7271541 174.2088137 174.2088137 13.9899405
0.3549000 0.7081537 192.1116110 192.1116110 14.2291057
0.3990000 0.6913165 212.4760569 212.4760569 14.4505378
0.4473000 0.6711191 234.1611066 234.1611066 14.6087106
0.5019000 0.6517117 258.0091659 258.0091659 14.7606557
0.5628000 0.6397447 283.9531377 283.9531377 14.9970939
0.6310500 0.6209652 312.3724527 312.3724527 15.1663073
0.7087500 0.6035373 343.7217623 343.7217623 15.3259281
0.7948500 0.5832253 377.4253055 377.4253055 15.4469480
0.8914500 0.5643389 413.9442730 413.9442730 15.6004858
1.0006500 0.5471990 453.9537714 453.9537714 15.7277153
1.1227651 0.5249919 497.1233429 497.1233429 15.8044580
1.2594751 0.5055320 543.5590303 543.5590303 15.9404232
1.4127226 0.4878024 593.5541192 593.5541192 16.0180906
1.5858151 0.4697234 648.2626075 648.2626075 16.1186439
1.7787526 0.4514225 706.8431648 706.8431648 16.2247009
1.9959451 0.4299856 770.0367955 770.0367955 16.3029108
2.2393220 0.4139208 838.1508625 838.1508625 16.4291661
2.5125215 0.3944108 910.8219722 910.8219722 16.5518532
2.8192921 0.3832194 989.7271738 989.7271738 16.6106609
3.1631068 0.3711193 1075.5932285 1075.5932285 16.6796598
3.5483644 0.3551296 1167.7194335 1167.7194335 16.7671393
3.9810846 0.3368414 1266.2301189 1266.2301189 16.7772152
4.4672872 0.3311315 1372.6038950 1372.6038950 16.8890679
5.0118948 0.3196176 1489.0124499 1489.0124499 16.9071384
5.6245099 0.3047693 1615.0711093 1615.0711093 16.9422204
6.3098094 0.2874809 1749.6349804 1749.6349804 17.0527394
7.0803644 0.2757957 1893.8916940 1893.8916940 17.1104456
7.9440561 0.2693324 2049.8798955 2049.8798955 17.0828312
8.9125633 0.2505939 2216.3353231 2216.3353231 17.1189907
10.0014481 0.2445468 2395.7072319 2395.7072319 17.2428217
11.2210876 0.2413114 2590.5714384 2590.5714384 17.3194306
12.5894367 0.2253883 2802.5632627 2802.5632627 17.3235823
14.1269504 0.2118831 3026.0512339 3026.0512339 17.4300387
15.8491767 0.2102824 3267.0892751 3267.0892751 17.4402703
17.7840324 0.2075328 3532.5168827 3532.5168827 17.5435362
19.9529062 0.1907713 3815.9393191 3815.9393191 17.4387620
22.3872322 0.1949801 4117.8017338 4117.8017338 17.5222559
25.1199938 0.1818267 4453.7602694 4453.7602694 17.4443089
28.1840786 0.1695352 4807.3223445 4807.3223445 17.6153184
31.6237393 0.1745891 5197.8931307 5197.8931307 17.5743564
35.4826072 0.1618751 5616.8464517 5616.8464517 17.5992543
39.8132470 0.1521371 6070.0214254 6070.0214254 17.5925098
44.6694872 0.1489915 6549.1313341 6549.1313341 17.6748003
50.1205675 0.1472055 7072.6178397 7072.6178397 17.5845389
56.2377471 0.1327360 7631.6130060 7631.6130060 17.6188224
63.0967693 0.1220712 8219.1291051 8219.1291051 17.6074251
70.7954662 0.1285835 8860.8199074 8860.8199074 17.6097853
79.4340106 0.1169737 9554.0552238 9554.0552238 17.6854421
89.1259377 0.1114295 10291.7444215 10291.7444215 17.6541279
100.0026275 0.1110372 11090.7546168 11090.7546168 17.5911930
112.2074471 0.1036611 11968.4001259 11968.4001259 17.6093894
125.8964104 0.1013778 12870.5795423 12870.5795423 17.6385566
141.2559945 0.0961822 13908.8942279 13908.8942279 17.5318096
158.4947918 0.0977700 14991.1513306 14991.1513306 17.6129103
177.8326602 0.0830122 16200.3614530 16200.3614530 17.5756635
199.5344894 0.0876121 17499.0914528 17499.0914528 17.4269176
223.8731455 0.0839846 18933.0698533 18933.0698533 17.4502503
251.1895596 0.0806690 20312.1621922 20312.1621922 17.4945356
281.8404883 0.0787679 21887.1126769 21887.1126769 17.3760147
316.2378815 0.0668302 23591.3384986 23591.3384986 17.2557447
354.8252370 0.0656513 25438.0462010 25438.0462010 17.1794905
398.1250863 0.0634073 27392.7952622 27392.7952622 17.1456036
446.6934609 0.0505117 29249.1895615 29249.1895615 16.9018294
501.1903976 0.0658795 31334.9313823 31334.9313823 16.8094110
562.3470481 0.0445697 33538.9490798 33538.9490798 16.6292835
630.9576992 0.0556270 35946.7776287 35946.7776287 16.4754967
707.9626349 0.0439054 38347.0755964 38347.0755964 16.4014927
794.3311114 0.0411237 40828.8213789 40828.8213789 16.2273955
891.2901875 0.0454551 43277.9257128 43277.9257128 16.0290938
1000.0152949 0.0293316 45740.6008864 45740.6008864 15.8181659
1122.0453570 0.0422501 48590.6906996 48590.6906996 15.6570390
1258.9519017 0.0360620 51658.8520718 51658.8520718 15.3941847
1412.6025846 0.0279229 54523.2407337 54523.2407337 15.2112969
1584.9192513 0.0228233 57533.2009950 57533.2009950 14.8862883
1778.3297629 0.0230199 60243.7667909 60243.7667909 14.7146363
1995.3396487 0.0209352 63140.2985222 63140.2985222 14.4916567
2238.7495208 0.0315759 66779.1110320 66779.1110320 14.3074393
2511.9332487 0.0143763 70262.4210562 70262.4210562 13.9371405
2818.4067961 0.0223506 74091.8153905 74091.8153905 13.6531185
3162.3160538 0.0186452 77282.4879634 77282.1267591 13.1928458
3548.2246552 0.0042616 80422.0342955 80417.7330667 12.8704379
3981.0824729 0.0074517 83184.4231804 83176.0011952 12.5642751
4466.8445267 0.0016136 85666.4889588 85636.3939208 12.3019030
5011.9508737 0.0053758 87998.9433159 87911.3053072 12.0631940
5623.4686414 0.0061785 91173.2139733 91051.7418290 11.7708727
6309.6060499 0.0091495 94884.4048864 94714.1441852 11.5833001
7079.5178905 0.0085322 99597.5423496 99414.2046932 11.3334860
7943.3360745 0.0057690 103375.3533201 103068.4154599 11.0141976
8912.5538779 -0.0028376 105658.7437911 104849.7414083 10.7723303
10000.0576380 0.0070652 108829.0809724 107700.8294669 10.6360570
11220.2837932 -0.0068283 111405.4141981 109560.6354950 10.3468167
12589.2832138 0.0014988 114786.9619689 112361.6615304 10.1718688
14125.4898594 -0.0060623 117244.6889840 113566.1399911 10.0046199
15849.0266991 -0.0015806 119207.3461124 113411.5928417 9.9596245
17782.8284773 -0.0010374 121056.7927020 112725.7076392 9.7505063
19952.6405589 -0.0004998 122515.6296021 109647.8696306 9.4071801
22387.3110130 -0.0072594 122901.9464255 100625.7131912 9.3769652
25118.9399788 -0.0159340 123113.7482345 88487.0427013 9.3141605
28183.8378200 -0.0039353 123279.6985396 73398.5876291 9.0850149
31622.8492882 -0.0049569 123504.8410866 57532.9252520 8.9736040
35481.3448326 0.0061645 125030.8093706 48261.2257568 8.8334945
39810.8123001 -0.0095592 127063.2170268 40272.4179729 8.6711275
44668.4408210 -0.0094438 128304.0964543 25621.5170621 8.6317578
50118.8218320 -0.0029204 129036.1521025 4497.9717159 8.5193475
56234.1823694 -0.0030287 129755.0426617 -19451.9155291 8.4200315
63095.8439737 -0.0091802 130380.3851626 -48544.5549489 8.3268174
70794.7386130 -0.0087548 132127.0487587 -72285.4479549 8.3740034
79432.9897122 -0.0111418 134001.8401881 -100533.8836168 8.4144612
89125.2011949 -0.0047887 135420.8471582 -135330.6362204 8.3018823
100000.1496297 -0.0053153 136927.1204743 -175594.9514206 8.2845303
112201.9339986 -0.0067299 138862.5156072 -218294.5589320 8.3547910
125892.6936390 -0.0047565 144866.1825422 -244375.3702673 8.3207306
141253.8311154 -0.0038063 150464.5155526 -279130.5794717 8.4584629
158489.5061793 -0.0055421 155699.2537671 -324248.6578929 8.4496593
