6007 -3.66 0 672.553
0.0325500 0.9473304 21.2573709 21.2573709 11.8412940
0.0357000 0.9425004 23.2576490 23.2576490 11.9043213
0.0399000 0.9362542 25.9084182 25.9084182 11.9917005
0.0451500 0.9296596 29.2002035 29.2002035 12.0998496
0.0504000 0.9240761 32.4710774 32.4710774 12.2144864
0.0567000 0.9165233 36.3669375 36.3669375 12.3389062
0.0640500 0.9076806 40.8733196 40.8733196 12.4800296
0.0714000 0.9002105 45.3399679 45.3399679 12.6089395
0.0798000 0.8921565 50.4011528 50.4011528 12.7496620
0.0892500 0.8816090 56.0371598 56.0371598 12.9184764
0.1008000 0.8704228 62.8368725 62.8368725 13.0974556
0.1123500 0.8593367 69.5499762 69.5499762 13.2672351
0.1260000 0.8483109 77.3856561 77.3856561 13.4415778
0.1417500 0.8362763 86.3035651 86.3035651 13.6479088
0.1585500 0.8230661 95.6663427 95.6663427 13.8567514
0.1785000 0.8071807 106.6000067 106.6000067 14.0642860
0.2005500 0.7923306 118.4552829 118.4552829 14.2715630
0.2247000 0.7772716 131.1889172 131.1889172 14.4636882
0.2520000 0.7631993 145.3280326 145.3280326 14.6786112
0.2824500 0.7454815 160.7692828 160.7692828 14.8663827
0.3171000 0.7278471 177.9294289 177.9294289 15.0806791
0.3549000 0.7099811 196.1891834 196.1891834 15.2852916
0.3990000 0.6907093 216.9475164 216.9475164 15.4751451
0.4473000 0.6693580 239.0440253 239.0440253 15.6770035
0.5019000 0.6513771 263.3036389 263.3036389 15.9103853
0.5628000 0.6324671 289.5607195 289.5607195 16.0984187
0.6310500 0.6127085 318.1570706 318.1570706 16.2400602
0.7087500 0.5953340 349.7083006 349.7083006 16.4350192
0.7948500 0.5763113 383.6091907 383.6091907 16.5699233
0.8914500 0.5597226 420.5071360 420.5071360 16.6860423
1.0006500 0.5411974 460.9258934 460.9258934 16.7985930
1.1227651 0.5207187 504.3846424 504.3846424 16.9098469
1.2594751 0.5038034 551.4875699 551.4875699 17.0310509
1.4127226 0.4838916 602.3322493 602.3322493 17.1283430
1.5858151 0.4693208 657.8738986 657.8738986 17.2707579
1.7787526 0.4540738 717.5897978 717.5897978 17.3872322
1.9959451 0.4332520 782.3755963 782.3755963 17.4330397
2.2393220 0.4200791 852.1939137 852.1939137 17.5462766
2.5125215 0.3979641 927.2118194 927.2118194 17.5831191
2.8192921 0.3777662 1007.1981166 1007.1981166 17.6812706
3.1631068 0.3635934 1092.7763671 1092.7763671 17.6936852
3.5483644 0.3479885 1184.7710294 1184.7710294 17.8631824
3.9810846 0.3322196 1283.7092288 1283.7092288 17.9192074
4.4672872 0.3198455 1389.5994901 1389.5994901 17.9324251
5.0118948 0.3017725 1503.3405261 1503.3405261 18.0070845
5.6245099 0.2896719 1625.4365228 1625.4365228 18.0711810
6.3098094 0.2762635 1757.5104805 1757.5104805 18.0514047
7.0803644 0.2690961 1898.6989897 1898.6989897 18.1804607
7.9440561 0.2580048 2052.8370171 2052.8370171 18.2603606
8.9125633 0.2491381 2217.5157518 2217.5157518 18.2147147
10.0014481 0.2357900 2396.4830982 2396.4830982 18.3496792
11.2210876 0.2339153 2587.7029560 2587.7029560 18.4282043
12.5894367 0.2230150 2795.9506020 2795.9506020 18.4445498
14.1269504 0.2195444 3025.4614005 3025.4614005 18.4735642
15.8491767 0.2075695 3269.2208928 3269.2208928 18.4756648
17.7840324 0.1990814 3535.1641736 3535.1641736 18.5153436
19.9529062 0.1836672 3813.1774255 3813.1774255 18.6242279
22.3872322 0.1807037 4115.9080209 4115.9080209 18.6829775
25.1199938 0.1751897 4431.2952383 4431.2952383 18.5590468
28.1840786 0.1711431 4783.6149202 4783.6149202 18.6519975
31.6237393 0.1553005 5173.9236382 5173.9236382 18.7054990
35.4826072 0.1541073 5588.8504665 5588.8504665 18.6665609
39.8132470 0.1523068 6037.6060229 6037.6060229 18.7289375
44.6694872 0.1440972 6511.8583176 6511.8583176 18.7547337
50.1205675 0.1339320 7027.2900547 7027.2900547 18.7698536
56.2377471 0.1244642 7552.1348837 7552.1348837 18.7695063
63.0967693 0.1210511 8141.4375742 8141.4375742 18.7693847
70.7954662 0.1289760 8759.0513677 8759.0513677 18.7732149
79.4340106 0.1201387 9468.6972500 9468.6972500 18.6974734
89.1259377 0.1144977 10260.5348620 10260.5348620 18.7890351
100.0026275 0.1127186 11079.9087767 11079.9087767 18.7184600
112.2074471 0.1210535 12005.5290935 12005.5290935 18.7390412
125.8964104 0.1017809 12996.1991758 12996.1991758 18.6127201
141.2559945 0.0970706 14037.0576288 14037.0576288 18.6449080
158.4947918 0.0939089 15129.5523687 15129.5523687 18.5815361
177.8326602 0.0914991 16324.5829392 16324.5829392 18.5577234
199.5344894 0.0900113 17565.2158561 17565.2158561 18.4069546
223.8731455 0.0822173 18969.4052168 18969.4052168 18.4182931
251.1895596 0.0695350 20434.5710450 20434.5710450 18.3251224
281.8404883 0.0702950 21905.6815133 21905.6815133 18.3640529
316.2378815 0.0660908 23513.3792884 23513.3792884 18.2014200
354.8252370 0.0625658 25114.8738395 25114.8738395 18.0917427
398.1250863 0.0485537 26718.8197906 26718.8197906 18.0604887
446.6934609 0.0570173 28531.6069644 28531.6069644 17.8523699
501.1903976 0.0529204 30396.8995777 30396.8995777 17.7025862
562.3470481 0.0447111 32484.9651788 32484.9651788 17.5940811
630.9576992 0.0416961 34573.8611399 34573.8611399 17.4420435
707.9626349 0.0394233 36851.6534030 36851.6534030 17.2689478
794.3311114 0.0348669 39021.4987289 39021.4987289 17.1615939
891.2901875 0.0345992 41492.6686372 41492.6686372 16.9791602
1000.0152949 0.0284605 43959.0991816 43959.0991816 16.7733643
1122.0453570 0.0304580 46678.5959411 46678.5959411 16.4522363
1258.9519017 0.0280871 49466.1645226 49466.1645226 16.2533206
1412.6025846 0.0193181 52348.6661792 52348.6661792 16.0340856
1584.9192513 0.0155846 54617.4278518 54617.4278518 15.6410410
1778.3297629 0.0124991 57213.9115797 57213.9058900 15.6230499
1995.3396487 0.0109819 59811.6391675 59811.6334778 15.3646282
2238.7495208 0.0149527 61860.8618581 61860.8405375 15.1831204
2511.9332487 0.0159858 64143.4355702 64143.4050976 14.7303409
2818.4067961 0.0076525 66691.3828726 66690.6144046 14.4969561
3162.3160538 0.0103518 70183.3123668 70182.4626129 14.2217769
3548.2246552 0.0066678 72941.9209892 72923.5013495 13.8833308
3981.0824729 -0.0013911 74544.0194781 74382.0065568 13.4817057
4466.8445267 0.0003580 76328.8214791 76043.4606083 12.9813087
5011.9508737 0.0051513 78042.8822439 77616.4617298 12.7628448
5623.4686414 -0.0022022 80408.5988227 79870.1505284 12.4925035
6309.6060499 0.0034739 83269.6377035 82605.0012937 12.2323538
7079.5178905 -0.0019801 86215.5268195 85430.1730575 11.9536329
7943.3360745 0.0129170 89983.9471191 89104.6887852 11.6924195
8912.5538779 0.0066507 94032.7772045 92945.3321701 11.5045445
10000.0576380 -0.0037350 97334.3562649 95934.9476564 11.1875872
11220.2837932 -0.0024522 99722.3669364 97518.6597678 10.9579141
12589.2832138 -0.0027994 101411.3523991 97674.9652462 10.6805291
14125.4898594 0.0031451 103967.8539686 99084.6690115 10.4152922
15849.0266991 0.0062791 106177.3667197 99470.3284750 10.1631490
17782.8284773 0.0083118 113433.3698156 106429.9099716 10.0355806
19952.6405589 0.0142987 120220.0039508 112694.6702127 9.8176942
22387.3110130 0.0022569 126473.5151514 117940.3688572 9.5847480
25118.9399788 0.0027057 132171.7595697 122093.6284173 9.6082914
28183.8378200 0.0010156 139412.4471057 127896.7529304 9.4263442
31622.8492882 0.0043914 148511.4799358 135789.0915265 9.3038679
35481.3448326 -0.0037575 155913.0944931 140548.0142171 9.1548410
39810.8123001 0.0061228 163009.5403498 144247.2102259 9.1546886
44668.4408210 -0.0002656 168176.4957389 143290.7236491 8.9854851
50118.8218320 -0.0074833 172088.2644250 137304.2365053 8.8879226
56234.1823694 0.0041015 176716.5198303 131465.1640639 8.7371411
63095.8439737 -0.0025243 183169.3833497 128217.2719297 8.6523865
70794.7386130 0.0069807 188152.2213239 119293.6133311 8.6394506
79432.9897122 0.0007111 194477.1516223 110205.4855976 8.6092598
89125.2011949 0.0055148 203119.2616774 104895.7557335 8.6068023
100000.1496297 -0.0010860 212996.2665475 99307.6750992 8.5654724
112201.9339986 -0.0006882 223962.2422251 92891.6232869 8.6693666
125892.6936390 -0.0112450 231023.5646433 68181.9420536 8.5211286
141253.8311154 -0.0025646 240337.6720479 45929.0927359 8.6512791
158489.5061793 0.0033398 253909.5257896 30639.5972722 8.6663079
