1007 0
0 8.78489 0.311679
1 13.7994 0.361935
2 17.2658 0.412176
3 25.2817 0.462392
4 32.6507 0.512577
5 38.7897 0.562722
6 47.4743 0.612819
7 52.0986 0.662861
8 57.264 0.71284
9 60.6882 0.762747
10 63.3233 0.812575
11 70.0793 0.862316
12 75.3342 0.911962
13 77.411 0.961505
14 83.3969 1.01094
15 87.9697 1.06025
16 91.8137 1.10944
17 94.7795 1.15849
18 100.599 1.20741
19 107.425 1.25617
20 114.232 1.30478
21 118.69 1.35322
22 120.049 1.40149
23 124.562 1.44958
24 128.973 1.49748
25 134.615 1.54518
26 140.948 1.59269
27 145.15 1.63998
28 148.798 1.68705
29 153.92 1.7339
30 155.304 1.78052
31 157.85 1.8269
32 164.592 1.87303
33 168.057 1.91891
34 171.613 1.96452
35 177.296 2.00987
36 178.431 2.05493
37 178.566 2.09972
38 181.033 2.14422
39 178.535 2.18841
40 180.531 2.23231
41 181.037 2.27589
42 181.336 2.31916
43 184.078 2.36209
44 188.06 2.4047
45 199.754 2.44697
46 196.042 2.4889
47 199.23 2.53047
48 203.678 2.57168
49 205.631 2.61253
50 209.941 2.65301
51 206.949 2.69311
52 213.554 2.73283
53 215.815 2.77215
54 216.585 2.81108
55 211.525 2.84961
56 216.088 2.88773
57 222.359 2.92543
58 227.335 2.96271
59 225.968 2.99957
60 226.791 3.03599
61 233.041 3.07198
62 234.189 3.10752
63 233.887 3.14261
64 236.242 3.17725
65 235.763 3.21143
66 238.299 3.24514
67 237.65 3.27838
68 240.094 3.31114
69 239.421 3.34342
70 240.729 3.37522
71 238.451 3.40652
72 245.48 3.43733
73 246.522 3.46763
74 250.743 3.49743
75 257.279 3.52672
76 255.84 3.55549
77 260.383 3.58374
78 261.808 3.61147
79 261.568 3.63867
80 268.183 3.66533
81 267.081 3.69146
82 265.425 3.71705
83 269.144 3.74209
84 271.53 3.76658
85 269.886 3.79051
86 270.101 3.81389
87 270.024 3.83671
88 269.143 3.85897
89 269.836 3.88065
90 274.392 3.90177
91 273.451 3.9223
92 274.715 3.94227
93 276.512 3.96165
94 276.106 3.98044
95 273.367 3.99865
96 270.461 4.01627
97 270.992 4.03329
98 271.081 4.04972
99 266.627 4.06555
100 267.341 4.08078
101 262.679 4.09541
102 260.737 4.10943
103 266.282 4.12285
104 264.489 4.13565
105 265.097 4.14785
106 264.287 4.15943
107 262.498 4.17039
108 264.732 4.18073
109 259.381 4.19046
110 262.396 4.19957
111 262.288 4.20805
112 258.733 4.21592
113 262.021 4.22315
114 260.638 4.22976
115 252.893 4.23575
116 247.568 4.24111
117 248.368 4.24583
118 249.425 4.24993
119 244.878 4.2534
120 247.929 4.25624
121 250.803 4.25845
122 243.958 4.26003
123 249.048 4.26098
124 248.322 4.26129
125 247.992 4.26097
126 240.395 4.26002
127 243.137 4.25844
128 242.684 4.25623
129 240.161 4.25339
130 232.561 4.24992
131 232.082 4.24581
132 230.995 4.24108
133 233.315 4.23572
134 231.525 4.22973
135 229.431 4.22312
136 225.945 4.21588
137 225.349 4.20801
138 217.66 4.19952
139 215.88 4.19041
140 211.108 4.18068
141 208.934 4.17034
142 206.62 4.15937
143 205.196 4.14779
144 204.436 4.13559
145 207.624 4.12278
146 207.407 4.10937
147 208.053 4.09534
148 204.072 4.08071
149 196.152 4.06548
150 195.117 4.04964
151 192.363 4.03321
152 195.849 4.01618
153 191.683 3.99856
154 186.447 3.98035
155 181.552 3.96155
156 175.104 3.94217
157 178.2 3.9222
158 172.834 3.90166
159 168.983 3.88054
160 166.967 3.85886
161 164.461 3.8366
162 163.039 3.81378
163 161.373 3.7904
164 158.751 3.76646
165 157.585 3.74196
166 152.595 3.71692
167 150.084 3.69133
168 148.919 3.6652
169 145.378 3.63853
170 139.656 3.61133
171 136.074 3.5836
172 137.904 3.55535
173 134.884 3.52657
174 131.433 3.49728
175 126.648 3.46748
176 125.011 3.43717
177 119.367 3.40637
178 121.088 3.37506
179 120.783 3.34326
180 113.933 3.31098
181 107.772 3.27821
182 110.242 3.24497
183 108.662 3.21126
184 107.078 3.17708
185 101.369 3.14244
186 97.575 3.10734
187 93.0881 3.0718
188 86.4104 3.03581
189 81.6634 2.99939
190 83.8686 2.96253
191 77.4047 2.92524
192 71.3393 2.88754
193 65.9492 2.84942
194 66.1751 2.81089
195 57.5874 2.77196
196 59.2516 2.73263
197 56.6456 2.69291
198 49.329 2.65281
199 48.8258 2.61233
200 45.1513 2.57148
201 45.405 2.53026
202 41.2145 2.48869
203 32.556 2.44676
204 29.9942 2.40449
205 30.0144 2.36188
206 23.1814 2.31894
207 12.5089 2.27567
208 12.7075 2.23209
209 8.21711 2.18819
210 0.772442 2.14399
211 -5.3595 2.0995
212 -6.29978 2.05471
213 -11.5522 2.00964
214 -11.4506 1.96429
215 -17.1179 1.91868
216 -20.2507 1.8728
217 -25.1877 1.82667
218 -31.3731 1.78029
219 -33.9781 1.73367
220 -40.0802 1.68682
221 -46.5971 1.63974
222 -42.2847 1.59245
223 -44.3366 1.54494
224 -46.0572 1.49724
225 -53.2067 1.44934
226 -57.1454 1.40125
227 -60.4126 1.35298
228 -59.6763 1.30453
229 -66.9569 1.25593
230 -71.1737 1.20716
231 -68.845 1.15825
232 -72.2926 1.10919
233 -79.8381 1.06001
234 -80.7537 1.01069
235 -79.7799 0.961258
236 -86.2396 0.911714
237 -88.7525 0.862067
238 -89.2844 0.812326
239 -93.4103 0.762498
240 -97.7149 0.71259
241 -100.099 0.662611
242 -104.488 0.612569
243 -102.729 0.562471
244 -106.946 0.512326
245 -106.017 0.462141
246 -110.361 0.411925
247 -116.141 0.361684
248 -120.883 0.311428
249 -124.134 0.261164
250 -127.905 0.2109
251 -131.357 0.160643
252 -134.013 0.110403
253 -136.115 0.0601866
254 -138.646 0.0100019
255 -142.58 -0.0401432
256 -147.727 -0.0902406
257 -157.728 -0.140283
258 -156.295 -0.190261
259 -163.505 -0.240168
260 -164.414 -0.289996
261 -164.222 -0.339737
262 -169.792 -0.389383
263 -171.506 -0.438927
264 -171.994 -0.488359
265 -177.578 -0.537674
266 -178.5 -0.586862
267 -188.344 -0.635916
268 -184.986 -0.684829
269 -185.003 -0.733592
270 -188.262 -0.782198
271 -192.217 -0.830639
272 -192.993 -0.878908
273 -194.132 -0.926997
274 -196.207 -0.974898
275 -200.702 -1.0226
276 -207.791 -1.07011
277 -216.963 -1.1174
278 -217.88 -1.16448
279 -216.492 -1.21133
280 -214.81 -1.25794
281 -219.168 -1.30432
282 -220.027 -1.35045
283 -224.552 -1.39633
284 -224.592 -1.44194
285 -233.222 -1.48729
286 -231.66 -1.53236
287 -233.124 -1.57714
288 -238.752 -1.62164
289 -242.451 -1.66584
290 -245.933 -1.70973
291 -237.205 -1.75331
292 -238.88 -1.79658
293 -243.109 -1.83952
294 -243.964 -1.88212
295 -249.442 -1.92439
296 -248.867 -1.96632
297 -247.841 -2.00789
298 -246.593 -2.0491
299 -249.794 -2.08995
300 -247.598 -2.13043
301 -249.72 -2.17053
302 -252.898 -2.21025
303 -255.929 -2.24957
304 -256.346 -2.2885
305 -263.231 -2.32703
306 -266.154 -2.36515
307 -271.187 -2.40285
308 -267.916 -2.44013
309 -272.475 -2.47699
310 -274.39 -2.51341
311 -275.798 -2.5494
312 -270.685 -2.58494
313 -274.633 -2.62003
314 -279.011 -2.65467
315 -282.001 -2.68885
316 -282.035 -2.72256
317 -280.691 -2.7558
318 -279.04 -2.78856
319 -283.479 -2.82084
320 -283.937 -2.85264
321 -280.98 -2.88394
322 -280.116 -2.91475
323 -284.276 -2.94505
324 -283.428 -2.97485
325 -282.94 -3.00414
326 -284.8 -3.03291
327 -286.01 -3.06116
328 -292.502 -3.08889
329 -290.916 -3.11609
330 -294.093 -3.14275
331 -288.336 -3.16888
332 -290.555 -3.19447
333 -290.003 -3.21951
334 -291.427 -3.244
335 -288.896 -3.26793
336 -292.082 -3.29131
337 -289.501 -3.31413
338 -292.05 -3.33639
339 -288.959 -3.35807
340 -288.858 -3.37919
341 -288.459 -3.39973
342 -292.007 -3.41969
343 -296.412 -3.43907
344 -290.996 -3.45786
345 -288.688 -3.47607
346 -291.122 -3.49369
347 -289.106 -3.51071
348 -288.826 -3.52714
349 -284.569 -3.54298
350 -284.116 -3.55821
351 -283.592 -3.57283
352 -282.815 -3.58686
353 -285.274 -3.60027
354 -287.896 -3.61307
355 -281.943 -3.62527
356 -278.442 -3.63685
357 -278.299 -3.64781
358 -276.202 -3.65816
359 -274.117 -3.66788
360 -275.648 -3.67699
361 -279.622 -3.68547
362 -279.977 -3.69334
363 -276.463 -3.70057
364 -277.168 -3.70719
365 -271.982 -3.71317
366 -270.439 -3.71853
367 -267.376 -3.72326
368 -267.319 -3.72736
369 -266.713 -3.73083
370 -267.242 -3.73366
371 -262.035 -3.73587
372 -258.64 -3.73745
373 -262.276 -3.7384
374 -256.872 -3.73871
375 -254.22 -3.73839
376 -254.516 -3.73744
377 -249.771 -3.73586
378 -249.895 -3.73365
379 -250.088 -3.73081
380 -249.411 -3.72734
381 -254.264 -3.72323
382 -251.366 -3.7185
383 -252.89 -3.71314
384 -251.53 -3.70715
385 -253.251 -3.70054
386 -244.616 -3.6933
387 -242.156 -3.68543
388 -238.468 -3.67695
389 -242.114 -3.66784
390 -240.821 -3.65811
391 -241.758 -3.64776
392 -235.083 -3.63679
393 -234.337 -3.62521
394 -232.957 -3.61301
395 -228.822 -3.6002
396 -221.503 -3.58679
397 -216.272 -3.57276
398 -217.032 -3.55813
399 -213.295 -3.5429
400 -213.955 -3.52706
401 -209.431 -3.51063
402 -207.686 -3.4936
403 -203.738 -3.47598
404 -200.528 -3.45777
405 -201.233 -3.43897
406 -196.247 -3.41959
407 -196.903 -3.39962
408 -197.422 -3.37908
409 -198.297 -3.35797
410 -188.307 -3.33628
411 -189.692 -3.31402
412 -183.613 -3.2912
413 -180.993 -3.26782
414 -177.476 -3.24388
415 -175.725 -3.21938
416 -171.2 -3.19434
417 -169.476 -3.16875
418 -172.808 -3.14262
419 -169.115 -3.11596
420 -166.113 -3.08875
421 -164.262 -3.06102
422 -159.822 -3.03277
423 -157.13 -3.004
424 -153.223 -2.9747
425 -148.033 -2.9449
426 -149.183 -2.9146
427 -142.444 -2.88379
428 -136.762 -2.85248
429 -134.72 -2.82068
430 -131.471 -2.7884
431 -128.337 -2.75563
432 -121.767 -2.72239
433 -122.34 -2.68868
434 -122.651 -2.6545
435 -120.098 -2.61986
436 -117.894 -2.58477
437 -110.677 -2.54922
438 -113.019 -2.51323
439 -110.336 -2.47681
440 -107.248 -2.43995
441 -99.9528 -2.40266
442 -93.115 -2.36496
443 -96.591 -2.32684
444 -93.2945 -2.28831
445 -89.0503 -2.24938
446 -84.3747 -2.21005
447 -80.8653 -2.17033
448 -76.4182 -2.13023
449 -72.5171 -2.08975
450 -68.7042 -2.0489
451 -65.7649 -2.00768
452 -63.8673 -1.96611
453 -59.5534 -1.92418
454 -54.7983 -1.88191
455 -52.5834 -1.8393
456 -49.762 -1.79636
457 -50.3974 -1.75309
458 -47.3015 -1.70951
459 -39.2153 -1.66562
460 -38.8713 -1.62142
461 -37.4762 -1.57692
462 -30.3803 -1.53213
463 -23.2806 -1.48706
464 -23.1918 -1.44171
465 -15.1905 -1.3961
466 -10.9239 -1.35022
467 -8.20396 -1.30409
468 -2.78046 -1.25771
469 3.53528 -1.21109
470 9.19905 -1.16424
471 11.9004 -1.11716
472 12.3795 -1.06987
473 13.0081 -1.02237
474 15.0972 -0.974659
475 18.328 -0.926757
476 26.0745 -0.878667
477 29.2421 -0.830398
478 32.9831 -0.781955
479 35.4261 -0.733349
480 38.0486 -0.684585
481 43.2128 -0.635671
482 46.941 -0.586616
483 46.1605 -0.537427
484 45.989 -0.488113
485 52.6952 -0.438679
486 62.3194 -0.389135
487 62.9312 -0.339489
488 62.9861 -0.289747
489 65.9685 -0.239919
490 74.9342 -0.190011
491 77.5447 -0.140033
492 79.806 -0.0899903
493 84.8903 -0.0398926
494 91.9209 0.0102526
495 89.4436 0.0604375
496 91.9453 0.110654
497 96.6815 0.160895
498 98.6543 0.211151
499 101.346 0.261415
500 107.607 0.311679
501 105.215 0.361935
502 106.552 0.412176
503 113.066 0.462392
504 113.06 0.512577
505 114.194 0.562722
506 118.991 0.612819
507 124.981 0.662861
508 123.898 0.71284
509 130.292 0.762747
510 132.797 0.812575
511 132.245 0.862316
512 138.574 0.911962
513 140.071 0.961505
514 144.128 1.01094
515 143.093 1.06025
516 145.668 1.10944
517 143.461 1.15849
518 149.279 1.20741
519 153.878 1.25617
520 161.94 1.30478
521 166.2 1.35322
522 164.83 1.40149
523 167.792 1.44958
524 167.785 1.49748
525 170.459 1.54518
526 172.745 1.59269
527 174.492 1.63998
528 176.371 1.68705
529 179.016 1.7339
530 181.721 1.78052
531 183.803 1.8269
532 184.983 1.87303
533 184.609 1.91891
534 187.543 1.96452
535 189.321 2.00987
536 195.582 2.05493
537 198.857 2.09972
538 203.784 2.14422
539 206.354 2.18841
540 209.954 2.23231
541 207.498 2.27589
542 211.401 2.31916
543 215.983 2.36209
544 220.295 2.4047
545 219.755 2.44697
546 219.896 2.4889
547 222.894 2.53047
548 224.466 2.57168
549 224.944 2.61253
550 225.838 2.65301
551 229.788 2.69311
552 229.969 2.73283
553 232.464 2.77215
554 235.537 2.81108
555 235.947 2.84961
556 236.741 2.88773
557 239.692 2.92543
558 241.041 2.96271
559 244.386 2.99957
560 243.816 3.03599
561 246.901 3.07198
562 249.799 3.10752
563 250.985 3.14261
564 249.752 3.17725
565 253.403 3.21143
566 251.45 3.24514
567 256.977 3.27838
568 258.541 3.31114
569 256.691 3.34342
570 255.258 3.37522
571 256.066 3.40652
572 257.5 3.43733
573 256.991 3.46763
574 255.929 3.49743
575 250.404 3.52672
576 253.785 3.55549
577 255.132 3.58374
578 260.583 3.61147
579 263.159 3.63867
580 266.99 3.66533
581 266.155 3.69146
582 264.398 3.71705
583 265.087 3.74209
584 263.074 3.76658
585 260.325 3.79051
586 266.788 3.81389
587 267.955 3.83671
588 261.33 3.85897
589 265.195 3.88065
590 265.661 3.90177
591 264.095 3.9223
592 267.087 3.94227
593 270.28 3.96165
594 272.05 3.98044
595 271.681 3.99865
596 267.748 4.01627
597 263.931 4.03329
598 267.463 4.04972
599 269.442 4.06555
600 265.652 4.08078
601 263.322 4.09541
602 261.285 4.10943
603 264.529 4.12285
604 264.043 4.13565
605 258.987 4.14785
606 254.425 4.15942
607 258.101 4.17039
608 255.58 4.18073
609 256.773 4.19046
610 257.035 4.19957
611 259.478 4.20805
612 258.938 4.21592
613 256.588 4.22315
614 257.481 4.22976
615 259.563 4.23575
616 255.479 4.24111
617 253.047 4.24583
618 250.768 4.24993
619 245.856 4.2534
620 247.224 4.25624
621 250.482 4.25845
622 243.577 4.26003
623 238.651 4.26098
624 239.542 4.26129
625 236.982 4.26097
626 238.296 4.26002
627 234.628 4.25844
628 235.881 4.25623
629 234.089 4.25339
630 232.578 4.24992
631 229.461 4.24581
632 230.125 4.24108
633 227.121 4.23572
634 228.53 4.22973
635 225.756 4.22312
636 228.726 4.21588
637 227.236 4.20801
638 225.507 4.19952
639 219.343 4.19041
640 220.493 4.18068
641 215.532 4.17034
642 215.939 4.15937
643 214.911 4.14779
644 210.067 4.13559
645 204.63 4.12278
646 198.253 4.10937
647 202.202 4.09534
648 205.554 4.08071
649 199.421 4.06548
650 193.837 4.04964
651 194.501 4.03321
652 192.874 4.01618
653 195.153 3.99856
654 186.754 3.98035
655 184.062 3.96155
656 183.57 3.94217
657 176.611 3.9222
658 181.099 3.90166
659 178.723 3.88054
660 174.538 3.85886
661 173.539 3.8366
662 170.247 3.81378
663 169.023 3.7904
664 167.209 3.76646
665 159.14 3.74196
666 159.805 3.71692
667 150.069 3.69133
668 148.25 3.6652
669 152.242 3.63853
670 149.559 3.61133
671 144.981 3.5836
672 144.837 3.55535
673 142.205 3.52657
674 139.346 3.49728
675 134.926 3.46748
676 133.511 3.43717
677 126.77 3.40637
678 130.896 3.37506
679 123.473 3.34326
680 116.183 3.31098
681 114.786 3.27821
682 111.503 3.24497
683 103.963 3.21126
684 101.346 3.17708
685 98.5923 3.14244
686 96.3918 3.10734
687 91.3024 3.0718
688 89.3949 3.03581
689 85.1517 2.99939
690 79.1095 2.96253
691 73.702 2.92524
692 75.1653 2.88754
693 67.9593 2.84942
694 69.5818 2.81089
695 69.377 2.77196
696 61.165 2.73263
697 59.9054 2.69291
698 56.0106 2.65281
699 52.8757 2.61233
700 55.6613 2.57148
701 50.2584 2.53026
702 42.8638 2.48869
703 39.8241 2.44676
704 31.8565 2.40449
705 32.3323 2.36188
706 27.81 2.31894
707 26.5955 2.27567
708 19.9521 2.23209
709 10.6837 2.18819
710 13.2029 2.14399
711 11.12 2.0995
712 8.74551 2.05471
713 8.33858 2.00964
714 6.61016 1.96429
715 0.125483 1.91868
716 -3.84649 1.8728
717 -13.0116 1.82667
718 -14.1735 1.78029
719 -17.7397 1.73367
720 -22.5427 1.68682
721 -24.8958 1.63974
722 -28.0146 1.59245
723 -31.4668 1.54494
724 -36.7429 1.49724
725 -38.4667 1.44934
726 -42.9813 1.40125
727 -46.6723 1.35298
728 -50.7364 1.30453
729 -56.3199 1.25593
730 -63.9511 1.20716
731 -64.8987 1.15825
732 -64.6676 1.1092
733 -73.22 1.06001
734 -75.5744 1.01069
735 -80.5655 0.961258
736 -81.9672 0.911714
737 -90.5286 0.862068
738 -91.777 0.812326
739 -93.1517 0.762498
740 -98.5312 0.71259
741 -101.152 0.662611
742 -104.712 0.612569
743 -104.2 0.562471
744 -111.351 0.512326
745 -109.11 0.462141
746 -114.507 0.411925
747 -115.753 0.361684
748 -124.952 0.311428
749 -130.669 0.261164
750 -135.805 0.2109
751 -135.432 0.160643
752 -137.922 0.110403
753 -146.286 0.0601866
754 -147.262 0.0100019
755 -156.715 -0.0401431
756 -153.804 -0.0902406
757 -153.843 -0.140282
758 -157.674 -0.190261
759 -162.653 -0.240168
760 -168.573 -0.289996
761 -169.057 -0.339737
762 -172.5 -0.389383
763 -166.928 -0.438927
764 -176.359 -0.488359
765 -181.123 -0.537674
766 -178.242 -0.586862
767 -178.487 -0.635916
768 -182.35 -0.684829
769 -183.557 -0.733592
770 -186.594 -0.782198
771 -186.988 -0.830639
772 -192.948 -0.878908
773 -195.081 -0.926997
774 -198.705 -0.974898
775 -203.814 -1.0226
776 -210.516 -1.07011
777 -207.994 -1.1174
778 -211.851 -1.16448
779 -210.573 -1.21133
780 -214.853 -1.25794
781 -220.648 -1.30432
782 -220.949 -1.35045
783 -216.43 -1.39633
784 -223.118 -1.44194
785 -227.496 -1.48729
786 -230.837 -1.53236
787 -234.632 -1.57714
788 -238.014 -1.62164
789 -242.657 -1.66584
790 -237.73 -1.70973
791 -243.141 -1.75331
792 -243.282 -1.79658
793 -244.767 -1.83952
794 -245.971 -1.88212
795 -244.898 -1.92439
796 -250.664 -1.96632
797 -249.338 -2.00789
798 -251.775 -2.0491
799 -254.435 -2.08995
800 -257.821 -2.13043
801 -261.616 -2.17053
802 -262.237 -2.21025
803 -267.266 -2.24957
804 -264.94 -2.2885
805 -269.108 -2.32703
806 -270.998 -2.36515
807 -271.109 -2.40285
808 -277.882 -2.44013
809 -276.163 -2.47699
810 -277.704 -2.51341
811 -282.831 -2.5494
812 -283.904 -2.58494
813 -278.571 -2.62003
814 -275.409 -2.65467
815 -274.938 -2.68885
816 -280.083 -2.72256
817 -280.911 -2.7558
818 -277.375 -2.78856
819 -279.251 -2.82084
820 -277.646 -2.85264
821 -277.327 -2.88394
822 -278.381 -2.91475
823 -281.175 -2.94505
824 -280.824 -2.97485
825 -281.499 -3.00414
826 -280.388 -3.03291
827 -282.777 -3.06116
828 -283.524 -3.08889
829 -282.879 -3.11609
830 -277.216 -3.14275
831 -283.256 -3.16888
832 -286.792 -3.19447
833 -288.869 -3.21951
834 -288.947 -3.244
835 -285.658 -3.26793
836 -288.743 -3.29131
837 -288.033 -3.31413
838 -288.715 -3.33639
839 -291.763 -3.35807
840 -293.429 -3.37919
841 -288.417 -3.39973
842 -284.646 -3.41969
843 -289.842 -3.43907
844 -283.446 -3.45786
845 -290.339 -3.47607
846 -285.597 -3.49369
847 -282.724 -3.51071
848 -284.21 -3.52714
849 -285.243 -3.54298
850 -282.392 -3.55821
851 -283.051 -3.57283
852 -287.526 -3.58686
853 -286.439 -3.60027
854 -290.666 -3.61307
855 -291.922 -3.62527
856 -289.601 -3.63685
857 -288.643 -3.64781
858 -290.458 -3.65816
859 -294.438 -3.66788
860 -288.829 -3.67699
861 -289.316 -3.68547
862 -284.075 -3.69334
863 -282.221 -3.70057
864 -280.066 -3.70719
865 -277.065 -3.71317
866 -274.815 -3.71853
867 -278.273 -3.72326
868 -276.344 -3.72736
869 -274.433 -3.73083
870 -270.318 -3.73366
871 -268.951 -3.73587
872 -268.916 -3.73745
873 -270.51 -3.7384
874 -270.726 -3.73871
875 -269.107 -3.73839
876 -266.568 -3.73744
877 -261.579 -3.73586
878 -262.057 -3.73365
879 -259.506 -3.73081
880 -253.997 -3.72734
881 -255.196 -3.72323
882 -251.972 -3.7185
883 -248.281 -3.71314
884 -248.65 -3.70715
885 -248.442 -3.70054
886 -247.333 -3.6933
887 -243.636 -3.68543
888 -242.86 -3.67695
889 -239.488 -3.66784
890 -242.385 -3.65811
891 -243.221 -3.64776
892 -236.492 -3.63679
893 -226.95 -3.62521
894 -225.083 -3.61301
895 -223.435 -3.6002
896 -222.551 -3.58679
897 -218.517 -3.57276
898 -213.305 -3.55813
899 -214.205 -3.5429
900 -210.489 -3.52706
901 -208.962 -3.51063
902 -206.227 -3.4936
903 -209.373 -3.47598
904 -202.794 -3.45777
905 -202.822 -3.43897
906 -197.679 -3.41959
907 -193.273 -3.39962
908 -191.122 -3.37908
909 -186.015 -3.35797
910 -183.69 -3.33628
911 -183.123 -3.31402
912 -180.43 -3.2912
913 -176.93 -3.26782
914 -176.646 -3.24388
915 -171.48 -3.21938
916 -167.149 -3.19434
917 -167.835 -3.16875
918 -164.777 -3.14262
919 -163.056 -3.11596
920 -160.854 -3.08875
921 -154.439 -3.06102
922 -151.777 -3.03277
923 -159.161 -3.004
924 -156.094 -2.9747
925 -157.188 -2.9449
926 -150.94 -2.9146
927 -146.246 -2.88379
928 -142.771 -2.85248
929 -135.041 -2.82068
930 -133.234 -2.7884
931 -127.552 -2.75563
932 -121.868 -2.72239
933 -117.999 -2.68868
934 -117.363 -2.6545
935 -108.125 -2.61986
936 -107.865 -2.58477
937 -101.297 -2.54922
938 -99.8912 -2.51323
939 -96.322 -2.47681
940 -92.179 -2.43995
941 -93.8529 -2.40266
942 -89.6942 -2.36496
943 -88.9129 -2.32684
944 -86.841 -2.28831
945 -82.1957 -2.24938
946 -76.1245 -2.21005
947 -75.5301 -2.17033
948 -68.263 -2.13023
949 -70.8141 -2.08975
950 -64.6789 -2.0489
951 -64.6723 -2.00768
952 -57.0205 -1.96611
953 -63.3229 -1.92418
954 -57.1719 -1.88191
955 -56.6145 -1.8393
956 -52.2409 -1.79636
957 -49.9145 -1.75309
958 -46.1207 -1.70951
959 -41.3641 -1.66562
960 -38.4549 -1.62142
961 -36.8245 -1.57692
962 -38.0453 -1.53213
963 -33.5864 -1.48706
964 -24.1405 -1.44171
965 -16.9293 -1.3961
966 -15.6329 -1.35022
967 -12.0081 -1.30409
968 -7.70064 -1.25771
969 -4.65129 -1.21109
970 -3.71327 -1.16424
971 3.01659 -1.11716
972 10.2222 -1.06987
973 9.80295 -1.02237
974 17.1636 -0.974659
975 23.5334 -0.926757
976 28.2591 -0.878667
977 28.2536 -0.830398
978 28.5484 -0.781955
979 35.0453 -0.733349
980 38.2066 -0.684585
981 45.1132 -0.635671
982 45.6642 -0.586616
983 46.955 -0.537428
984 52.5128 -0.488113
985 55.7321 -0.438679
986 56.9797 -0.389135
987 59.9367 -0.339489
988 64.6914 -0.289747
989 70.9804 -0.239919
990 72.9881 -0.190011
991 79.7829 -0.140033
992 77.8991 -0.0899903
993 84.4068 -0.0398926
994 88.2905 0.0102526
995 93.2294 0.0604375
996 93.37 0.110654
997 98.2789 0.160895
998 101.312 0.211151
999 107.757 0.261415
