6005 -3.36 0 654.491
0.0325500 0.9257099 20.4010752 20.4010752 11.9557353
0.0357000 0.9201321 22.3015068 22.3015068 12.0955920
0.0399000 0.9129066 24.8184120 24.8184120 12.2946977
0.0451500 0.9039613 27.9375406 27.9375406 12.5416173
0.0504000 0.8948221 31.0235524 31.0235524 12.7570440
0.0567000 0.8872805 34.6941689 34.6941689 13.0345169
0.0640500 0.8773817 38.9350287 38.9350287 13.3260587
0.0714000 0.8691688 43.1317032 43.1317032 13.6169490
0.0798000 0.8567907 47.8719125 47.8719125 13.9393468
0.0892500 0.8468260 53.1354876 53.1354876 14.2841382
0.1008000 0.8316502 59.4770519 59.4770519 14.6210514
0.1123500 0.8192422 65.7129453 65.7129453 14.9442828
0.1260000 0.8074927 72.9734558 72.9734558 15.3372492
0.1417500 0.7936639 81.2190372 81.2190372 15.7405091
0.1585500 0.7802039 89.8579051 89.8579051 16.1666902
0.1785000 0.7648537 99.9380211 99.9380211 16.6596391
0.2005500 0.7500450 110.8688633 110.8688633 17.1143924
0.2247000 0.7351160 122.5979909 122.5979909 17.5738120
0.2520000 0.7177524 135.5513973 135.5513973 18.0654355
0.2824500 0.7012416 149.6881847 149.6881847 18.5529214
0.3171000 0.6814232 165.3478162 165.3478162 19.0953259
0.3549000 0.6652950 181.9931258 181.9931258 19.5278022
0.3990000 0.6486658 200.9481528 200.9481528 20.0080620
0.4473000 0.6296261 221.1489188 221.1489188 20.4294678
0.5019000 0.6162268 243.4170586 243.4170586 20.9279932
0.5628000 0.5989549 267.6221772 267.6221772 21.4283731
0.6310500 0.5795431 293.8964334 293.8964334 21.8037343
0.7087500 0.5626157 322.9070278 322.9070278 22.2292063
0.7948500 0.5429989 353.9575340 353.9575340 22.5994970
0.8914500 0.5230201 387.5908890 387.5908890 22.9433764
1.0006500 0.5030810 424.2384788 424.2384788 23.3312026
1.1227651 0.4889520 463.8195617 463.8195617 23.6394244
1.2594751 0.4699748 506.7505508 506.7505508 23.8846222
1.4127226 0.4559594 553.1240428 553.1240428 24.1532759
1.5858151 0.4403361 603.7235745 603.7235745 24.4793739
1.7787526 0.4262688 658.2151125 658.2151125 24.7173884
1.9959451 0.4090814 717.3525220 717.3525220 24.9932474
2.2393220 0.3882009 780.8172206 780.8172206 25.2536665
2.5125215 0.3772108 849.1174257 849.1174257 25.2795651
2.8192921 0.3581133 922.6364346 922.6364346 25.5546316
3.1631068 0.3431522 1001.8161618 1001.8161618 25.7741777
3.5483644 0.3387275 1087.0995137 1087.0995137 25.9184865
3.9810846 0.3207265 1179.3688273 1179.3688273 26.1797528
4.4672872 0.3172106 1280.8064429 1280.8064429 26.4470071
5.0118948 0.2923535 1388.2580465 1388.2580465 26.4569019
5.6245099 0.2796027 1503.7156390 1503.7156390 26.6591235
6.3098094 0.2749120 1627.1469895 1627.1469895 26.7355534
7.0803644 0.2750801 1763.1230104 1763.1230104 26.8069165
7.9440561 0.2579083 1912.2709830 1912.2709830 26.9241816
8.9125633 0.2516408 2072.4092491 2072.4092491 27.0592309
10.0014481 0.2438135 2247.5777899 2247.5777899 27.1759717
11.2210876 0.2412442 2438.1125321 2438.1125321 27.3021748
12.5894367 0.2279699 2645.5740288 2645.5740288 27.5319911
14.1269504 0.2137588 2870.1786342 2870.1786342 27.6874051
15.8491767 0.2074740 3104.8639191 3104.8639191 27.6891206
17.7840324 0.1917869 3358.6995694 3358.6995694 27.7698492
19.9529062 0.1787356 3633.6977485 3633.6977485 27.8043488
22.3872322 0.1802772 3920.1269649 3920.1269649 27.9217167
25.1199938 0.1671902 4227.9842897 4227.9842897 27.9863326
28.1840786 0.1676320 4559.0362487 4559.0362487 28.1566710
31.6237393 0.1685266 4937.2713161 4937.2713161 28.0450245
35.4826072 0.1514604 5339.1534502 5339.1534502 28.0748067
39.8132470 0.1503475 5763.7841396 5763.7841396 28.2216082
44.6694872 0.1284827 6210.8949341 6210.8949341 28.2725294
50.1205675 0.1290451 6704.9126355 6704.9126355 28.0571393
56.2377471 0.1316291 7219.9753523 7219.9753523 28.2365470
63.0967693 0.1304954 7795.6997630 7795.6997630 28.1889901
70.7954662 0.1219028 8400.5181987 8400.5181987 28.3329110
79.4340106 0.1134531 9055.4093157 9055.4093157 28.3514481
89.1259377 0.1194284 9767.5655540 9767.5655540 28.4835008
100.0026275 0.1179040 10566.8108156 10566.8108156 28.3361078
112.2074471 0.0895373 11390.4583972 11390.4583972 28.2199486
125.8964104 0.0993717 12236.1543803 12236.1543803 28.3457468
141.2559945 0.0895996 13184.4111325 13184.4111325 28.2737774
158.4947918 0.0896898 14168.5163405 14168.5163405 28.1888838
177.8326602 0.0852699 15264.9321653 15264.9321653 28.1103916
199.5344894 0.0763983 16382.5119294 16382.5119294 28.0467018
223.8731455 0.0863037 17582.8249029 17582.8249029 28.0212508
251.1895596 0.0808824 18896.8100365 18896.8100365 27.7992322
281.8404883 0.0692107 20348.3722500 20348.3722500 27.7633098
316.2378815 0.0683491 21896.1276912 21896.1276912 27.5839317
354.8252370 0.0662275 23531.2141356 23531.2141356 27.4477003
398.1250863 0.0595249 25211.6040240 25211.6040240 27.2590310
446.6934609 0.0510484 26954.7660832 26954.7660832 26.9980206
501.1903976 0.0456037 28602.7170822 28602.7170822 27.0229767
562.3470481 0.0481740 30464.5102569 30464.5102569 26.6423014
630.9576992 0.0349289 32405.5517040 32405.5517040 26.4131023
707.9626349 0.0363873 34403.0264424 34403.0264424 26.2273999
794.3311114 0.0287875 36439.7076626 36439.7076626 26.1550364
891.2901875 0.0278978 38384.9233189 38384.9233189 25.7452178
1000.0152949 0.0395179 40484.5696668 40484.5696668 25.4382739
1122.0453570 0.0173182 42817.4405614 42817.4405614 25.2125705
1258.9519017 0.0149709 45183.8716290 45183.8716290 24.8915810
1412.6025846 0.0337075 47387.9341392 47387.9341392 24.6303880
1584.9192513 0.0134893 49824.1896740 49824.1896740 24.1430517
1778.3297629 0.0124311 52025.0196682 52023.6647152 24.3267348
1995.3396487 0.0347045 54434.1629609 54432.3864011 23.8530974
2238.7495208 0.0179517 57250.1703451 57247.8728818 23.5079673
2511.9332487 0.0154951 59663.4101920 59659.4535485 23.1419341
2818.4067961 0.0154841 62204.7512457 62191.3318407 22.6962118
3162.3160538 0.0047406 64797.2854024 64763.9275905 22.4519623
3548.2246552 0.0182427 66852.8714424 66731.6624349 22.2172538
3981.0824729 0.0203829 70806.0329883 70678.5956750 21.6415442
4466.8445267 0.0100060 73725.8842364 73500.0632790 21.3762059
5011.9508737 0.0036713 75910.8140260 75383.1357273 21.1882818
5623.4686414 0.0073628 77393.7028666 76184.1793983 20.5765598
6309.6060499 -0.0115143 78445.3334623 76078.6967895 20.2842546
7079.5178905 -0.0061576 79238.7729935 74677.3925323 19.8324452
7943.3360745 -0.0107277 80289.9986946 73758.7510435 19.3630045
8912.5538779 0.0052573 81976.3070315 73818.6519033 19.0936824
10000.0576380 0.0054033 85410.6560689 76512.0645969 18.9454915
11220.2837932 0.0022138 88492.8450395 78472.7526088 18.6965522
12589.2832138 0.0015864 92791.0944461 81683.7603992 18.4742378
14125.4898594 -0.0126723 95703.6950010 82473.9153282 18.1186927
15849.0266991 0.0011091 98819.4067590 83109.1113020 17.7926978
17782.8284773 0.0026193 101743.9304863 82693.5199491 17.8081843
19952.6405589 0.0012434 105312.2251176 82201.9326342 17.5414126
22387.3110130 0.0172657 110975.1850362 85169.7010733 17.5577166
25118.9399788 0.0077148 119775.1037242 92127.2163512 17.3874515
28183.8378200 0.0030291 128942.0832642 98883.4704242 17.1722494
31622.8492882 0.0033184 135892.1511938 101193.1382568 17.0829642
35481.3448326 0.0044909 139346.9061181 94890.4096676 16.7043481
39810.8123001 0.0021492 143769.3818064 88672.6462897 16.6037439
44668.4408210 -0.0081490 151138.3583542 87775.9577835 16.4889819
50118.8218320 0.0078152 165502.2663362 97335.1086613 16.5483123
56234.1823694 0.0126676 185323.9768018 113359.6333035 16.4865037
63095.8439737 0.0041283 210835.6949454 135694.5702787 16.3871717
70794.7386130 -0.0091366 241312.9989883 162791.8129218 16.5067453
79432.9897122 0.0035899 268757.3923593 184132.1694590 16.3977301
89125.2011949 0.0104645 295174.4902424 202082.7131245 16.4207764
100000.1496297 -0.0006128 312380.2425350 199964.8406093 16.2876443
112201.9339986 -0.0092120 328546.9218495 191598.4875388 16.5321006
125892.6936390 0.0015359 341754.3543756 170824.0155204 16.6107903
141253.8311154 -0.0069061 354903.8597183 141313.1297791 16.7123429
158489.5061793 -0.0022313 366066.5163940 96329.7009412 16.9387008
