1002 0
0 56.0552 0 0
0 0.999057 0.561687 0.561687
0 0.992548 1.1197 1.1197
0 0.986146 1.67409 1.67409
0 0.97367 2.77228 2.77228
0 0.961601 3.85673 3.85673
0 0.944203 5.45858 5.45858
0 0.891868 10.5994 10.5994
0 0.846953 15.4684 15.4684
0 0.774085 24.5354 24.5354
0 0.717148 32.8809 32.8809
1 0.651399 44.3594 44.3594
2 0.518452 76.717 76.717
3 0.443814 103.523 103.523
5 0.358693 148 148
7 0.30913 185.227 185.227
10 0.262439 232.969 232.969
15 0.216481 299.506 299.506
20 0.186612 355.735 355.735
30 0.149101 448.893 448.893
50 0.106832 589.922 589.922
70 0.0837115 695.561 695.561
100 0.0644565 818.094 818.094
150 0.0472106 971.435 971.435
200 0.0333668 1084.6 1084.6
300 0.017938 1221.19 1221.19
500 0.00627876 1345.21 1345.21
700 0.00386376 1401.66 1401.66
1000 -0.000208829 1431.58 1431.5
1500 -0.00127311 1431.58 1404.34
2000 -0.00226526 1431.58 1352.84
3000 0.00190498 1459.76 1340.56
5000 0.00472153 1861.77 1742.57
7000 0.00536344 2439.6 2320.4
10000 0.00559579 3363.88 3244.68
15000 0.00566446 4946.03 4826.83
20000 0.00567117 6534.84 6415.64
30000 0.00567233 9714.32 9595.12
40000 0.00567236 12894 12774.8
50000 0.00567236 16073.6 15954.4
60000 0.00567236 19253.2 19134.1
70000 0.00567236 22432.9 22313.7
80000 0.00567236 25612.6 25493.4
90000 0.00567236 28792.2 28673
100000 0.00567236 31971.9 31852.7
150000 0.00567236 47870.1 47750.9
200000 0.00567236 63768.4 63649.2
300000 0.00567236 95564.9 95445.7
400000 0.00567236 127361 127242
500000 0.00567236 159158 159039
600000 0.00567236 190954 190835
700000 0.00567236 222751 222632
800000 0.00567236 254547 254428
900000 0.00567236 286344 286225
1000000 0.00567236 318140 318021
1500000 0.00567236 477123 477004
2000000 0.00567236 636105 635986
