1000 0
0 61.1887 0 0
0 0.987149 0.605699 0.605699
0 0.981124 1.20769 1.20769
0 0.975155 1.80602 1.80602
0 0.963426 2.99182 2.99182
0 0.951991 4.16347 4.16347
0 0.935368 5.89514 5.89514
0 0.884535 11.4579 11.4579
0 0.840061 16.73 16.73
0 0.766483 26.5393 26.5393
0 0.708446 35.5496 35.5496
1 0.640339 47.8985 47.8985
2 0.502491 82.3673 82.3673
3 0.426113 110.59 110.59
5 0.340676 156.923 156.923
7 0.291167 195.357 195.357
10 0.244643 244.196 244.196
15 0.197352 311.194 311.194
20 0.166538 366.573 366.573
30 0.127585 455.495 455.495
50 0.0840157 582.073 582.073
70 0.0599538 668.92 668.92
100 0.0377454 756.877 756.877
150 0.0168799 836.684 836.684
200 0.00607127 870.793 870.793
300 -0.00368689 880.005 875.268
500 -0.0100881 880.005 777.577
700 -0.0119053 880.005 641.732
1000 -0.0111801 880.005 422.727
1500 -0.0104306 880.005 82.238
2000 -0.00950078 880.005 -224.24
3000 -0.00833376 880.005 -769.954
5000 -0.00787302 880.005 -1778.19
7000 -0.00715993 880.005 -2688.92
10000 -0.00688326 880.005 -3969.91
15000 -0.00677792 880.005 -6055.48
20000 -0.00675771 880.005 -8125.2
30000 -0.00675348 880.005 -12258.2
40000 -0.00675335 880.005 -16390.5
50000 -0.00675335 880.005 -20522.8
60000 -0.00675335 880.005 -24655.1
70000 -0.00675335 880.005 -28787.4
80000 -0.00675335 880.005 -32919.7
90000 -0.00675335 880.005 -37052
100000 -0.00675335 880.005 -41184.3
150000 -0.00675335 880.005 -61845.7
200000 -0.00675335 880.005 -82507.2
300000 -0.00675335 880.005 -123830
400000 -0.00675335 880.005 -165153
500000 -0.00675335 880.005 -206476
600000 -0.00675335 880.005 -247799
700000 -0.00675335 880.005 -289122
800000 -0.00675335 880.005 -330445
900000 -0.00675335 880.005 -371767
1000000 -0.00675335 880.005 -413090
