1005 0
0 44.5184 0 0
0 0.993799 0.443616 0.443616
0 0.987927 0.884598 0.884598
0 0.982151 1.32299 1.32299
0 0.970896 2.19218 2.19218
0 0.960018 3.05152 3.05152
0 0.944348 4.32278 4.32278
0 0.897077 8.41794 8.41794
0 0.856296 12.3178 12.3178
0 0.789017 19.629 19.629
0 0.735238 26.4053 26.4053
1 0.671085 35.7774 35.7774
2 0.531696 62.2352 62.2352
3 0.451199 83.9601 83.9601
5 0.362207 119.715 119.715
7 0.312386 149.58 149.58
10 0.265443 187.897 187.897
15 0.220564 241.472 241.472
20 0.193503 287.36 287.36
30 0.160984 365.583 365.583
50 0.126858 491.971 491.971
70 0.108129 595.931 595.931
100 0.0914576 728.103 728.103
150 0.0756065 912.206 912.206
200 0.066304 1069.49 1069.49
300 0.054894 1336.97 1336.97
500 0.0420706 1762.6 1762.6
700 0.0347652 2102.18 2102.18
1000 0.0288282 2521.34 2521.34
1500 0.0225538 3092.25 3092.25
2000 0.018554 3544.5 3544.5
3000 0.0147047 4281.65 4281.65
5000 0.00974459 5343.03 5343.03
7000 0.00724723 6096.3 6096.3
10000 0.00486124 6887.34 6887.34
15000 0.00299035 7747.65 7747.65
20000 0.0022589 8304.28 8304.28
30000 0.00161289 9135.69 9135.69
40000 0.00117165 9727.22 9727.22
50000 0.00104548 10205.1 10205.1
60000 0.000800455 10606 10606
70000 0.000775605 10950.7 10950.7
80000 0.000687291 11263.9 11263.9
90000 0.000598853 11562.4 11562.4
100000 0.000436764 11796.4 11796.4
150000 9.0168e-05 12265.8 12265.8
200000 -6.29546e-05 12333.2 12304.2
300000 -0.000208909 12333.2 11600.8
400000 -0.000228615 12333.2 10612.7
500000 -0.000230927 12333.2 9588
600000 -0.000231181 12333.2 8559.18
700000 -0.000231209 12333.2 7529.92
800000 -0.000231212 12333.2 6500.6
900000 -0.000231212 12333.2 5471.29
1000000 -0.000231212 12333.2 4441.96
