1007 0
0 51.8956 0 0
0 0.994678 0.517434 0.517434
0 0.989435 1.03213 1.03213
0 0.984271 1.54412 1.54412
0 0.974172 2.56018 2.56018
0 0.964369 3.56592 3.56592
0 0.950171 5.05582 5.05582
0 0.907065 9.87114 9.87114
0 0.869392 14.4776 14.4776
0 0.806473 23.1605 23.1605
0 0.7554 31.2559 31.2559
1 0.693546 42.514 42.514
2 0.561299 74.6961 74.6961
3 0.486633 101.734 101.734
5 0.40486 147.512 147.512
7 0.358307 186.927 186.927
10 0.314916 239.066 239.066
15 0.272868 314.827 314.827
20 0.24649 381.993 381.993
30 0.214155 500.671 500.671
50 0.181208 703.988 703.988
70 0.162763 881.762 881.762
100 0.144448 1119.71 1119.71
150 0.126391 1469.27 1469.27
200 0.114738 1780.94 1780.94
300 0.101027 2337.08 2337.08
500 0.0868342 3305.49 3305.49
700 0.0778923 4156.6 4156.6
1000 0.068989 5295.94 5295.94
1500 0.0610524 6973.92 6973.92
2000 0.0564964 8497.32 8497.32
3000 0.0462103 11138.6 11138.6
5000 0.0411433 15632.7 15632.7
7000 0.0375538 19725.1 19725.1
10000 0.0331531 25202.4 25202.4
15000 0.0297375 33404.3 33404.3
20000 0.0278757 41001.6 41001.6
30000 0.023693 54337.3 54337.3
40000 0.0219391 66295.9 66295.9
50000 0.02045 77628.2 77628.2
60000 0.0190169 87770.1 87770.1
70000 0.019144 97680.8 97680.8
80000 0.0178575 107319 107319
90000 0.0167658 116498 116498
100000 0.0161122 124943 124943
150000 0.0156037 167589 167589
200000 0.0129661 202459 202459
300000 0.0115218 264480 264480
400000 0.0120983 322278 322278
500000 0.0118603 384484 384484
600000 0.00884597 434740 434740
700000 0.00936261 484211 484211
800000 0.00906391 533884 533884
900000 0.010603 584786 584786
1000000 0.0100404 633659 633659
