1010 0
0 0.981099 4.65181 4.65181
0 0.973954 9.26974 9.26974
0 0.967812 13.8586 13.8586
0 0.95388 22.936 22.936
0 0.94122 31.8909 31.8909
0 0.924046 45.112 45.112
0 0.871024 87.4695 87.4695
0 0.833974 123.715 123.715
0 0.77544 195.889 195.889
0 0.731241 263.504 263.504
1 0.686745 360.655 360.655
2 0.5924 645.521 645.521
3 0.544502 900.009 900.009
5 0.493669 1366.72 1366.72
7 0.465137 1795.28 1795.28
10 0.434386 2404.9 2404.9
15 0.40518 3352.03 3352.03
20 0.382581 4242.13 4242.13
30 0.36009 5928.05 5928.05
50 0.328479 9017.68 9017.68
70 0.306932 11868.5 11868.5
100 0.283041 15856.9 15856.9
150 0.270115 22064.1 22064.1
200 0.24907 27887.2 27887.2
300 0.231746 38715.3 38715.3
500 0.213165 58794.6 58794.6
700 0.197131 77019.2 77019.2
1000 0.176475 102108 102108
1500 0.131679 137137 137137
2000 0.106517 165010 165010
3000 0.0926911 209646 209646
5000 0.0672582 291424 291424
7000 0.0547139 342098 342098
10000 0.0615387 414570 414570
15000 0.0467326 533585 533585
20000 0.0551168 650452 650452
