1012 0
0 0.987947 4.64961 4.64961
0 0.979995 9.26178 9.26178
0 0.972991 13.841 13.841
0 0.959463 22.8993 22.8993
0 0.946977 31.8426 31.8426
0 0.929352 45.0431 45.0431
0 0.87775 87.4001 87.4001
0 0.840222 123.668 123.668
0 0.778999 195.773 195.773
0 0.734666 263.289 263.289
1 0.682912 359.648 359.648
2 0.591667 642.2 642.2
3 0.545599 895.001 895.001
5 0.494415 1359.77 1359.77
7 0.462511 1787.25 1787.25
10 0.43312 2391.44 2391.44
15 0.399193 3321.02 3321.02
20 0.385626 4196.12 4196.12
30 0.361357 5864.26 5864.26
50 0.321175 8915.58 8915.58
70 0.296838 11732.2 11732.2
100 0.275999 15664.9 15664.9
150 0.259062 21654.8 21654.8
200 0.247322 27317.4 27317.4
300 0.242427 38262.4 38262.4
500 0.210206 58353.4 58353.4
700 0.182891 75529 75529
1000 0.158855 98511.2 98511.2
1500 0.155681 134577 134577
2000 0.136278 167095 167095
3000 0.117633 222558 222558
5000 0.1171603 307588 307588
7000 0.0909377 387796 387796
10000 0.0935497 516092 516092
15000 0.100628 730538 730538
20000 0.0983008 944793 944793
