7004 -3.6 0 790.008
0.0325500 0.9819891 25.5425173 25.5425173 32.2029958
0.0357000 0.9797799 27.9825549 27.9825549 32.1861730
0.0399000 0.9768561 31.2274286 31.2274286 32.1640910
0.0451500 0.9732350 35.2699577 35.2699577 32.1370344
0.0504000 0.9696509 39.2975600 39.2975600 32.1105666
0.0567000 0.9653981 44.1111944 44.1111944 32.0795561
0.0640500 0.9605030 49.7005607 49.7005607 32.0443745
0.0714000 0.9556791 55.2617398 55.2617398 32.0102228
0.0798000 0.9502495 61.5833757 61.5833757 31.9723971
0.0892500 0.9442455 68.6525679 68.6525679 31.9313057
0.1008000 0.9370526 77.2325108 77.2325108 31.8830702
0.1123500 0.9300126 85.7475794 85.7475794 31.8368909
0.1260000 0.9218894 95.7291206 95.7291206 31.7847910
0.1417500 0.9127732 107.1390653 107.1390653 31.7277667
0.1585500 0.9033495 119.1867382 119.1867382 31.6702980
0.1785000 0.8925356 133.3338926 133.3338926 31.6061566
0.2005500 0.8810476 148.7760675 148.7760675 31.5399466
0.2247000 0.8689763 165.4643214 165.4643214 31.4724799
0.2520000 0.8559452 184.0586763 184.0586763 31.4018589
0.2824500 0.8421268 204.4756669 204.4756669 31.3293106
0.3171000 0.8272610 227.3162242 227.3162242 31.2537042
0.3549000 0.8119967 251.7835939 251.7835939 31.1785129
0.3990000 0.7953195 279.7722278 279.7722278 31.0990067
0.4473000 0.7783164 309.7841208 309.7841208 31.0205226
0.5019000 0.7605273 342.9601957 342.9601957 30.9408711
0.5628000 0.7422687 379.0972779 379.0972779 30.8614688
0.6310500 0.7235067 418.5978776 418.5978776 30.7822523
0.7087500 0.7040495 462.3943779 462.3943779 30.7023841
0.7948500 0.6845308 509.6005360 509.6005360 30.6243362
0.8914500 0.6648142 561.0662440 561.0662440 30.5473490
1.0006500 0.6448558 617.5336987 617.5336987 30.4711159
1.1227651 0.6249342 678.7562897 678.7562897 30.3967046
1.2594751 0.6050971 745.1490492 745.1490492 30.3241888
1.4127226 0.5854410 817.1827868 817.1827868 30.2535933
1.5858151 0.5659169 895.8661117 895.8661117 30.1845357
1.7787526 0.5468284 980.6297857 980.6297857 30.1179974
1.9959451 0.5280212 1072.7987512 1072.7987512 30.0533800
2.2393220 0.5096575 1172.5065451 1172.5065451 29.9910460
2.5125215 0.4917301 1280.5176353 1280.5176353 29.9308915
2.8192921 0.4743029 1397.5181932 1397.5181932 29.8728841
3.1631068 0.4574199 1523.9898701 1523.9898701 29.8170532
3.5483644 0.4411113 1660.6577807 1660.6577807 29.7633202
3.9810846 0.4253666 1808.6843541 1808.6843541 29.7114685
4.4672872 0.4102019 1969.0755102 1969.0755102 29.6614120
5.0118948 0.3956345 2142.3412362 2142.3412362 29.6132226
5.6245099 0.3816254 2330.3306730 2330.3306730 29.5665867
6.3098094 0.3682380 2533.2161642 2533.2161642 29.5216263
7.0803644 0.3553042 2753.3329628 2753.3329628 29.4780485
7.9440561 0.3429285 2991.4284098 2991.4284098 29.4359076
8.9125633 0.3310540 3249.1416214 3249.1416214 29.3950371
10.0014481 0.3196928 3528.8992125 3528.8992125 29.3551964
11.2210876 0.3088217 3831.5487398 3831.5487398 29.3164251
12.5894367 0.2984335 4159.6133564 4159.6133564 29.2785342
14.1269504 0.2884748 4515.8938142 4515.8938142 29.2413651
15.8491767 0.2789148 4901.7043440 4901.7043440 29.2048482
17.7840324 0.2697453 5320.8396685 5320.8396685 29.1687232
19.9529062 0.2609091 5775.2655076 5775.2655076 29.1329205
22.3872322 0.2524422 6268.6675158 6268.6675158 29.0972911
25.1199938 0.2442533 6804.6097723 6804.6097723 29.0616541
28.1840786 0.2363226 7386.0131504 7386.0131504 29.0258268
31.6237393 0.2286436 8017.4875138 8017.4875138 28.9894653
35.4826072 0.2211744 8702.8688568 8702.8688568 28.9522867
39.8132470 0.2138891 9446.7706248 9446.7706248 28.9141294
44.6694872 0.2068526 10253.4931746 10253.4931746 28.8749708
50.1205675 0.2000083 11129.2040485 11129.2040485 28.8344175
56.2377471 0.1934173 12079.4151477 12079.4151477 28.7921624
63.0967693 0.1870098 13109.7170427 13109.7170427 28.7479202
70.7954662 0.1807018 14227.5052781 14227.5052781 28.7007947
79.4340106 0.1746308 15439.4277261 15439.4277261 28.6505798
89.1259377 0.1687269 16753.4378732 16753.4378732 28.5971773
100.0026275 0.1629712 18177.8589499 18177.8589499 28.5404215
112.2074471 0.1573542 19721.3885503 19721.3885503 28.4819155
125.8964104 0.1518225 21392.6305662 21392.6305662 28.4209899
141.2559945 0.1463070 23200.7473673 23200.7473673 28.3560796
158.4947918 0.1408439 25154.9011654 25154.9011654 28.2873541
177.8326602 0.1357080 27266.2087843 27266.2087843 28.2151548
199.5344894 0.1308096 29550.3245714 29550.3245714 28.1380535
223.8731455 0.1261689 32019.2868960 32019.2868960 28.0542284
251.1895596 0.1220588 34696.4644039 34696.4644039 27.9672952
281.8404883 0.1181328 37603.3141940 37603.3141940 27.8753559
316.2378815 0.1143406 40761.0135061 40761.0135061 27.7722320
354.8252370 0.1103686 44186.1974728 44186.1974728 27.6610449
398.1250863 0.1062772 47890.3006692 47890.3006692 27.5385595
446.6934609 0.1024833 51894.4442050 51894.4442050 27.4070472
501.1903976 0.0988822 56229.5234739 56229.5234739 27.2672648
562.3470481 0.0954965 60915.7208616 60915.7208616 27.1190216
630.9576992 0.0927955 66022.5514250 66022.5514250 26.9571426
707.9626349 0.0892469 71563.0769327 71563.0769327 26.7736812
794.3311114 0.0849473 77500.6319856 77500.6319856 26.5715851
891.2901875 0.0803721 83839.2751147 83839.2751147 26.3542615
1000.0152949 0.0756823 90536.4080321 90536.4080321 26.1292796
1122.0453570 0.0707977 97593.0869527 97593.0869527 25.8787435
1258.9519017 0.0674429 105043.1641653 105043.1641653 25.6324306
1412.6025846 0.0664518 113177.7831928 113177.7831928 25.4067737
1584.9192513 0.0650508 122100.3713254 122100.3713254 25.1290054
1778.3297629 0.0612217 131746.2381653 131746.2381653 24.8423307
1995.3396487 0.0545022 141622.2625589 141622.2625589 24.5234480
2238.7495208 0.0493206 151562.8584312 151562.8584312 24.2090584
2511.9332487 0.0455622 161795.9022973 161795.9022973 23.8519268
2818.4067961 0.0440896 172606.5053978 172606.5053978 23.4650453
3162.3160538 0.0448830 184580.9120774 184580.9120774 23.0640496
3548.2246552 0.0436556 198203.8475179 198203.8475179 22.6441700
3981.0824729 0.0438002 213064.1189036 213064.1189036 22.2351881
4466.8445267 0.0419368 229476.2352732 229476.2352732 21.8723529
5011.9508737 0.0387587 246847.8450381 246847.8450381 21.5341546
5623.4686414 0.0376526 265298.1385835 265298.1385835 21.1688681
6309.6060499 0.0380409 285843.8200786 285843.8200786 20.7350710
7079.5178905 0.0320367 307203.7680281 307203.7680281 20.3317266
7943.3360745 0.0334846 328961.9349415 328961.9349415 19.9036325
8912.5538779 0.0363908 355561.6502049 355561.6502049 19.4449767
10000.0576380 0.0332678 385778.6661692 385778.6661692 19.0629499
11220.2837932 0.0317902 416898.1477655 416898.1477655 18.7519069
12589.2832138 0.0333520 451745.7860471 451745.7860471 18.4412162
14125.4898594 0.0299231 490980.4693822 490980.4693822 18.1679992
15849.0266991 0.0287713 530217.3871471 530217.3871471 17.9049932
17782.8284773 0.0273023 573146.1931460 573146.1931460 17.6383560
19952.6405589 0.0224203 616008.8924045 616008.8924045 17.3259350
22387.3110130 0.0179191 654043.1659888 654043.1659888 17.0106713
25118.9399788 0.0180630 691536.8076201 691536.8076201 16.7802922
28183.8378200 0.0145906 731310.6503864 731310.6503864 16.4319522
31622.8492882 0.0151568 771294.0857124 771294.0857124 16.0835627
35481.3448326 0.0159775 821421.7659515 821421.7659515 15.8403460
39810.8123001 0.0133011 871224.1298715 871224.1298715 15.5166965
44668.4408210 0.0160305 931744.3868219 931744.3868219 15.1895080
50118.8218320 0.0235068 1019513.7972225 1019513.7972225 14.7859794
56234.1823694 0.0175533 1116414.6489324 1116414.6489324 14.4052644
63095.8439737 0.0167856 1206221.1337174 1206221.1337174 14.1992281
70794.7386130 0.0178274 1300541.9842188 1300541.9842188 13.9389177
79432.9897122 0.0157825 1406989.8388359 1406989.8388359 13.6763731
89125.2011949 0.0135251 1522080.6427937 1522080.6427937 13.3678881
100000.1496297 0.0129520 1636351.6509116 1636351.6509116 13.1662483
112201.9339986 0.0103189 1760114.4445285 1760114.4445285 12.9451037
125892.6936390 0.0081474 1849683.2043004 1849683.2043004 12.7299972
141253.8311154 0.0031142 1920071.4801432 1920071.4801432 12.5368754
158489.5061793 0.0059931 1973591.6580894 1973591.6580894 12.3214057
