1002 0
0 91.801 0 0
0 0.994972 0.915463 0.915463
0 0.990044 1.82636 1.82636
0 0.985214 2.73279 2.73279
0 0.975825 4.53256 4.53256
0 0.966781 6.31542 6.31542
0 0.953843 8.95939 8.95939
0 0.915401 17.5324 17.5324
0 0.882941 25.7814 25.7814
0 0.830907 41.4902 41.4902
0 0.790505 56.3587 56.3587
1 0.74375 77.4529 77.4529
2 0.647306 140.811 140.811
3 0.591691 197.49 197.49
5 0.526814 299.544 299.544
7 0.488546 392.5 392.5
10 0.452062 521.629 521.629
15 0.415349 719.951 719.951
20 0.391887 904.888 904.888
30 0.362491 1249.93 1249.93
50 0.330392 1882.92 1882.92
70 0.311418 2470.53 2470.53
100 0.294551 3302.99 3302.99
150 0.278792 4615.02 4615.02
200 0.268514 5869.85 5869.85
300 0.254885 8267.02 8267.02
500 0.240745 12794.9 12794.9
700 0.232451 17133.5 17133.5
1000 0.211483 23262.9 23262.9
1500 0.192536 32444.4 32444.4
2000 0.180552 41009.2 41009.2
3000 0.175192 57208.5 57208.5
5000 0.173488 89118.2 89118.2
7000 0.170314 120774 120774
10000 0.160828 165277 165277
15000 0.154693 234640 234640
20000 0.154446 306396 306396
30000 0.154493 450443 450443
40000 0.156611 593468 593468
50000 0.156522 737178 737178
60000 0.156516 880863 880863
70000 0.156516 1.02455e+06 1.02455e+06
80000 0.156515 1.16823e+06 1.16823e+06
90000 0.156515 1.31191e+06 1.31191e+06
100000 0.156515 1.45559e+06 1.45559e+06
150000 0.156515 2.17401e+06 2.17401e+06
200000 0.156515 2.89242e+06 2.89242e+06
300000 0.156515 4.32925e+06 4.32925e+06
400000 0.156481 5.76607e+06 5.76607e+06
500000 0.156856 7.20279e+06 7.20279e+06
600000 0.136459 8.6204e+06 8.6204e+06
700000 0.124718 9.85679e+06 9.85679e+06
800000 0.125478 1.09997e+07 1.09997e+07
900000 0.0809325 1.1898e+07 1.1898e+07
1000000 0.0873787 1.2649e+07 1.2649e+07
