1005 0
0 89.9887 0 0
0 0.99487 0.897341 0.897341
0 0.989834 1.79011 1.79011
0 0.984886 2.6784 2.6784
0 0.97526 4.44182 4.44182
0 0.965987 6.18825 6.18825
0 0.952694 8.77739 8.77739
0 0.913047 17.1655 17.1655
0 0.879375 25.2248 25.2248
0 0.825305 40.5401 40.5401
0 0.783283 54.9996 54.9996
1 0.734453 75.4528 75.4528
2 0.633627 136.507 136.507
3 0.575867 190.727 190.727
5 0.508818 287.707 287.707
7 0.46924 375.462 375.462
10 0.431437 496.624 496.624
15 0.394107 681.573 681.573
20 0.370927 853.327 853.327
30 0.342122 1173 1173
50 0.310089 1756.85 1756.85
70 0.290972 2296.6 2296.6
100 0.270899 3053.26 3053.26
150 0.249619 4220.35 4220.35
200 0.235454 5309.73 5309.73
300 0.216096 7333.98 7333.98
500 0.192984 11000.5 11000.5
700 0.179563 14333.2 14333.2
1000 0.16864 19009.8 19009.8
1500 0.152417 26232.3 26232.3
2000 0.128421 32597 32597
3000 0.121189 43540 43540
5000 0.117813 64987.9 64987.9
7000 0.109808 85481.5 85481.5
10000 0.107849 115222 115222
15000 0.10812 164089 164089
20000 0.108625 213134 213134
30000 0.0947563 302812 302812
40000 0.0766852 376459 376459
50000 0.0762038 445187 445187
60000 0.0762025 513761 513761
70000 0.0762023 582335 582335
80000 0.0762023 650909 650909
90000 0.0762023 719481 719481
100000 0.0762023 788055 788055
150000 0.0762023 1.13092e+06 1.13092e+06
200000 0.0762023 1.47379e+06 1.47379e+06
300000 0.0762023 2.15953e+06 2.15953e+06
400000 0.0761954 2.84526e+06 2.84526e+06
500000 0.0759034 3.53091e+06 3.53091e+06
600000 0.0737794 4.21278e+06 4.21278e+06
700000 0.0706681 4.86011e+06 4.86011e+06
800000 0.072942 5.48465e+06 5.48465e+06
900000 0.0515331 6.06147e+06 6.06147e+06
1000000 0.0491774 6.53675e+06 6.53675e+06
