1002 0
0 877.87 0 0
0 0.994617 8.75244 8.75244
0 0.989526 17.4588 17.4588
0 0.984368 26.1204 26.1204
0 0.974588 43.3113 43.3113
0 0.964989 60.3324 60.3324
0 0.951445 85.5597 85.5597
0 0.909561 167.175 167.175
0 0.873065 245.358 245.358
0 0.811616 392.996 392.996
0 0.763577 531.099 531.099
1 0.706333 724.214 724.214
2 0.58622 1285.89 1285.89
3 0.523431 1770.06 1770.06
5 0.451361 2617.73 2617.73
7 0.409084 3368.72 3368.72
10 0.369908 4389.1 4389.1
15 0.328083 5914.07 5914.07
20 0.305712 7306.25 7306.25
30 0.276115 9834.95 9834.95
50 0.236342 14337.4 14337.4
70 0.222253 18375 18375
100 0.199743 23898.9 23898.9
150 0.182297 32300.3 32300.3
200 0.172702 40044.4 40044.4
300 0.157266 54512.7 54512.7
500 0.138756 79835 79835
700 0.12377 102712 102712
1000 0.114374 133701 133701
1500 0.0978404 180411 180411
2000 0.0905703 222179 222179
3000 0.0788538 297289 297289
5000 0.0781093 433580 433580
7000 0.0714346 562990 562990
10000 0.0643935 746628 746628
15000 0.0606774 1.02502e+06 1.02502e+06
20000 0.0554149 1.27588e+06 1.27588e+06
30000 0.0616475 1.77974e+06 1.77974e+06
40000 0.0564923 2.29683e+06 2.29683e+06
50000 0.05571 2.79368e+06 2.79368e+06
60000 0.0530034 3.28307e+06 3.28307e+06
70000 0.0550741 3.75383e+06 3.75383e+06
80000 0.0532234 4.20991e+06 4.20991e+06
90000 0.047575 4.67335e+06 4.67335e+06
100000 0.0561288 5.12653e+06 5.12653e+06
150000 0.0456509 7.21868e+06 7.21868e+06
200000 0.0459671 9.28215e+06 9.28215e+06
300000 0.0393615 1.26856e+07 1.26856e+07
400000 0.0399016 1.63162e+07 1.63162e+07
500000 0.0427963 1.98439e+07 1.98439e+07
600000 0.035758 2.32266e+07 2.32266e+07
700000 0.0313406 2.62063e+07 2.62063e+07
800000 0.0399058 2.94859e+07 2.94859e+07
900000 0.0409687 3.28398e+07 3.28398e+07
1000000 0.039505 3.63441e+07 3.63441e+07
1500000 0.0289941 5.45063e+07 5.45063e+07
