1003 0
0 876.94 0 0
0 0.99483 8.74461 8.74461
0 0.989622 17.4435 17.4435
0 0.984598 26.0973 26.0973
0 0.974659 43.2752 43.2752
0 0.965343 60.2837 60.2837
0 0.951705 85.4943 85.4943
0 0.909475 167.048 167.048
0 0.873883 245.173 245.173
0 0.813775 392.917 392.917
0 0.76659 531.355 531.355
1 0.711161 725.447 725.447
2 0.593922 1291.63 1291.63
3 0.527344 1780.94 1780.94
5 0.458543 2638.71 2638.71
7 0.417495 3402.76 3402.76
10 0.377004 4443.03 4443.03
15 0.337156 6009.55 6009.55
20 0.315971 7442.48 7442.48
30 0.284139 10071.4 10071.4
50 0.250007 14703.6 14703.6
70 0.230874 18885.4 18885.4
100 0.213751 24631.4 24631.4
150 0.190534 33443.5 33443.5
200 0.17592 41467.3 41467.3
300 0.165543 56328.6 56328.6
500 0.141431 82974 82974
700 0.122304 106328 106328
1000 0.111922 137263 137263
1500 0.100444 184302 184302
2000 0.0908917 227199 227199
3000 0.0849518 302173 302173
5000 0.0742311 439061 439061
7000 0.0738074 564042 564042
10000 0.066401 734287 734287
15000 0.0558259 998017 998017
20000 0.0531389 1.23058e+06 1.23058e+06
30000 0.0410474 1.63889e+06 1.63889e+06
40000 0.0418496 2.01229e+06 2.01229e+06
50000 0.0341005 2.35989e+06 2.35989e+06
60000 0.0310548 2.66799e+06 2.66799e+06
70000 0.0283679 2.95479e+06 2.95479e+06
80000 0.0290338 3.20141e+06 3.20141e+06
90000 0.0277881 3.4496e+06 3.4496e+06
100000 0.029707 3.71206e+06 3.71206e+06
150000 0.0349419 5.02312e+06 5.02312e+06
200000 0.0287582 6.36957e+06 6.36957e+06
300000 0.0235175 8.60934e+06 8.60934e+06
400000 0.0197052 1.05639e+07 1.05639e+07
500000 0.0186206 1.2392e+07 1.2392e+07
600000 0.0158114 1.40097e+07 1.40097e+07
700000 0.0130283 1.53863e+07 1.53863e+07
800000 0.0109352 1.68436e+07 1.68436e+07
900000 0.015265 1.79678e+07 1.79678e+07
1000000 0.012367 1.9054e+07 1.9054e+07
