1004 0
0 879.855 0 0
0 0.994787 8.77294 8.77294
0 0.989853 17.5021 17.5021
0 0.984967 26.1875 26.1875
0 0.975099 43.4273 43.4273
0 0.965455 60.4957 60.4957
0 0.951544 85.7869 85.7869
0 0.910569 167.628 167.628
0 0.875174 246.147 246.147
0 0.816851 394.79 394.79
0 0.769494 534.19 534.19
1 0.713688 729.461 729.461
2 0.598964 1301.34 1301.34
3 0.53442 1797.52 1797.52
5 0.461894 2668.1 2668.1
7 0.4195 3440.01 3440.01
10 0.383559 4496.42 4496.42
15 0.342882 6089.71 6089.71
20 0.316484 7542.59 7542.59
30 0.284485 10183.9 10183.9
50 0.252656 14862.9 14862.9
70 0.232714 19089.6 19089.6
100 0.213424 24969.5 24969.5
150 0.194812 33949.2 33949.2
200 0.184396 42310.6 42310.6
300 0.169532 57682.7 57682.7
500 0.148383 85635.2 85635.2
700 0.135078 110530 110530
1000 0.127681 145202 145202
1500 0.109977 197485 197485
2000 0.102691 244495 244495
3000 0.0910635 330054 330054
5000 0.0784837 478545 478545
7000 0.0728205 611878 611878
10000 0.0705276 801298 801298
15000 0.0650361 1.07831e+06 1.07831e+06
20000 0.0578859 1.34026e+06 1.34026e+06
30000 0.0491399 1.79657e+06 1.79657e+06
40000 0.0454027 2.19799e+06 2.19799e+06
50000 0.0426983 2.58307e+06 2.58307e+06
60000 0.0431446 2.95448e+06 2.95448e+06
70000 0.0483551 3.33523e+06 3.33523e+06
80000 0.0417024 3.71881e+06 3.71881e+06
90000 0.0473074 4.09488e+06 4.09488e+06
100000 0.0438415 4.48031e+06 4.48031e+06
150000 0.0347375 6.19008e+06 6.19008e+06
200000 0.0377365 7.73618e+06 7.73618e+06
300000 0.0329131 1.08851e+07 1.08851e+07
400000 0.0260139 1.3592e+07 1.3592e+07
500000 0.0274807 1.60179e+07 1.60179e+07
600000 0.0271441 1.85257e+07 1.85257e+07
700000 0.0284285 2.10561e+07 2.10561e+07
800000 0.0301197 2.36833e+07 2.36833e+07
900000 0.023638 2.65217e+07 2.65217e+07
1000000 0.0376521 2.95302e+07 2.95302e+07
