6002 -3.46 0 789.765
0.0325500 0.9452191 24.9145076 24.9145076 31.5148433
0.0357000 0.9401362 27.2574819 27.2574819 31.6548031
0.0399000 0.9343505 30.3633179 30.3633179 31.8315813
0.0451500 0.9274842 34.2213455 34.2213455 32.0364706
0.0504000 0.9204686 38.0493332 38.0493332 32.2468740
0.0567000 0.9122107 42.6046210 42.6046210 32.5018818
0.0640500 0.9044351 47.8750410 47.8750410 32.7613369
0.0714000 0.8966055 53.0980808 53.0980808 33.0084979
0.0798000 0.8879809 59.0137899 59.0137899 33.2654515
0.0892500 0.8787651 65.5991030 65.5991030 33.5669487
0.1008000 0.8691283 73.5620657 73.5620657 33.9558337
0.1123500 0.8583377 81.4435926 81.4435926 34.2797910
0.1260000 0.8465673 90.6291203 90.6291203 34.6359478
0.1417500 0.8353454 101.0870948 101.0870948 34.9881242
0.1585500 0.8228656 112.0830357 112.0830357 35.3638307
0.1785000 0.8096003 124.9389836 124.9389836 35.7824649
0.2005500 0.7938570 138.8958601 138.8958601 36.1647538
0.2247000 0.7805220 153.9096414 153.9096414 36.5436196
0.2520000 0.7618381 170.5302339 170.5302339 36.9523912
0.2824500 0.7480028 188.6909393 188.6909393 37.4070317
0.3171000 0.7341900 208.9657270 208.9657270 37.8042583
0.3549000 0.7219132 230.6969939 230.6969939 38.1909132
0.3990000 0.7038990 255.5363781 255.5363781 38.5244174
0.4473000 0.6826238 281.9682451 281.9682451 38.8874588
0.5019000 0.6658725 311.0312041 311.0312041 39.2146123
0.5628000 0.6511310 342.7585848 342.7585848 39.4841891
0.6310500 0.6302506 377.2748758 377.2748758 39.8206688
0.7087500 0.6112996 415.2905548 415.2905548 40.0930440
0.7948500 0.5906371 456.1393309 456.1393309 40.3259998
0.8914500 0.5733799 500.4833956 500.4833956 40.6157935
1.0006500 0.5543726 549.0172273 549.0172273 40.9640769
1.1227651 0.5357900 601.5187536 601.5187536 41.0887152
1.2594751 0.5168279 658.4358765 658.4358765 41.3380230
1.4127226 0.4955313 719.7233901 719.7233901 41.4401981
1.5858151 0.4756706 786.1951411 786.1951411 41.6469410
1.7787526 0.4594364 857.4606430 857.4606430 41.9122092
1.9959451 0.4478992 935.4294950 935.4294950 42.0313424
2.2393220 0.4331799 1020.0828362 1020.0828362 42.1829040
2.5125215 0.4108123 1111.4549053 1111.4549053 42.3288637
2.8192921 0.3976936 1209.6718436 1209.6718436 42.3543251
3.1631068 0.3803202 1315.3703005 1315.3703005 42.5386042
3.5483644 0.3625190 1427.8909406 1427.8909406 42.6297630
3.9810846 0.3574674 1550.3600548 1550.3600548 42.7720725
4.4672872 0.3467409 1684.6959476 1684.6959476 42.7413279
5.0118948 0.3302136 1830.1290569 1830.1290569 42.9404262
5.6245099 0.3223775 1986.9189445 1986.9189445 42.9523580
6.3098094 0.3279820 2161.2413591 2161.2413591 43.2053350
7.0803644 0.3073244 2351.4017885 2351.4017885 43.1632325
7.9440561 0.2882566 2554.7009012 2554.7009012 43.4240920
8.9125633 0.2772084 2771.8781034 2771.8781034 43.4326835
10.0014481 0.2670592 3003.8320049 3003.8320049 43.5393250
11.2210876 0.2608833 3258.0132306 3258.0132306 43.6190799
12.5894367 0.2520635 3535.2550700 3535.2550700 43.7014170
14.1269504 0.2348998 3832.7626448 3832.7626448 43.7094457
15.8491767 0.2218133 4145.5044514 4145.5044514 43.9380421
17.7840324 0.2186689 4483.3084937 4483.3084937 43.9223325
19.9529062 0.2118136 4851.3669285 4851.3669285 44.0474884
22.3872322 0.2109715 5258.4746242 5258.4746242 43.7838710
25.1199938 0.1962593 5700.1088570 5700.1088570 43.9596299
28.1840786 0.1876769 6160.2590298 6160.2590298 44.0383255
31.6237393 0.1744836 6647.2845756 6647.2845756 44.2115600
35.4826072 0.1766674 7198.4953371 7198.4953371 44.1674325
39.8132470 0.1684344 7795.5460485 7795.5460485 44.0494764
44.6694872 0.1707836 8438.3786976 8438.3786976 44.1610170
50.1205675 0.1697271 9172.1453652 9172.1453652 44.0636591
56.2377471 0.1583217 9958.8261588 9958.8261588 44.1326578
63.0967693 0.1473870 10797.0970326 10797.0970326 44.0730536
70.7954662 0.1522205 11702.7919735 11702.7919735 44.2373927
79.4340106 0.1470516 12684.8265495 12684.8265495 44.0030715
89.1259377 0.1376585 13745.9565228 13745.9565228 44.1296578
100.0026275 0.1306207 14873.5993811 14873.5993811 44.0894749
112.2074471 0.1222264 16065.7340365 16065.7340365 44.1651893
125.8964104 0.1148108 17309.8687647 17309.8687647 43.9638065
141.2559945 0.1156243 18676.0031839 18676.0031839 43.8256892
158.4947918 0.1189683 20272.4007667 20272.4007667 43.9504333
177.8326602 0.1042595 22017.1286099 22017.1286099 43.7841573
199.5344894 0.1038540 23756.8900886 23756.8900886 43.6198903
223.8731455 0.1013107 25705.9335452 25705.9335452 43.6196749
251.1895596 0.0864362 27798.1242723 27798.1242723 43.4927190
281.8404883 0.0889451 30032.1006501 30032.1006501 43.1698355
316.2378815 0.0875146 32398.1457347 32398.1457347 43.1957449
354.8252370 0.0794567 34939.0949628 34939.0949628 43.0082347
398.1250863 0.0790705 37650.2437366 37650.2437366 42.8522309
446.6934609 0.0753202 40586.7925128 40586.7925128 42.7980503
501.1903976 0.0694790 43735.2927677 43735.2927677 42.6103660
562.3470481 0.0700874 46966.6610868 46966.6610868 42.3582438
630.9576992 0.0543468 50669.3758242 50669.3758242 41.9467086
707.9626349 0.0571171 54369.6260519 54369.6260519 41.7417607
794.3311114 0.0612965 58687.0800908 58687.0800908 41.4280875
891.2901875 0.0514238 63138.6044729 63138.6044729 41.3670865
1000.0152949 0.0461917 67656.1253840 67656.1253840 41.0339051
1122.0453570 0.0474420 72259.2200603 72259.2200603 40.5601385
1258.9519017 0.0442260 77203.7551822 77203.7551822 40.4953759
1412.6025846 0.0460729 82160.2998931 82160.2998931 40.0381241
1584.9192513 0.0287160 87202.3454378 87202.3454378 39.6928870
1778.3297629 0.0431852 92923.9706604 92923.9706604 39.2938525
1995.3396487 0.0359891 99457.8579944 99457.8579944 39.0423637
2238.7495208 0.0284031 105604.1374283 105604.1374283 38.1878020
2511.9332487 0.0284235 112701.2155348 112701.2155348 37.8501280
2818.4067961 0.0328183 119904.8380022 119904.8380022 37.0868599
3162.3160538 0.0063195 126071.8129427 126071.8129427 36.4236424
3548.2246552 0.0111802 131319.1361468 131318.9928088 35.6530348
3981.0824729 0.0104316 135883.9825915 135881.6853659 35.1120289
4466.8445267 0.0174302 139643.2306411 139626.8884626 34.5612504
5011.9508737 0.0129260 145543.0553224 145525.0964829 33.7416052
5623.4686414 0.0140219 153493.5733014 153474.9928682 33.1588307
6309.6060499 0.0139274 162560.7550066 162541.8969616 32.9190756
7079.5178905 0.0132267 171799.2344185 171776.4616918 32.3555860
7943.3360745 0.0183364 182666.3625218 182643.5641985 31.8628352
8912.5538779 0.0061668 192711.7467848 192681.7790040 31.4249716
10000.0576380 0.0109593 200410.2954001 200285.8615337 30.9597749
11220.2837932 0.0058049 205251.0811677 204448.5863547 30.5393902
12589.2832138 0.0016882 209765.3503145 207944.2137178 30.3631129
14125.4898594 0.0070361 214815.5947083 212052.1445862 29.7186840
15849.0266991 0.0062630 219586.8377636 215439.6128921 29.2027890
17782.8284773 -0.0011079 224284.7335729 217617.5080701 28.8038860
19952.6405589 -0.0066042 227458.8072598 216723.5652469 28.4600580
22387.3110130 -0.0058889 231583.9437292 216608.4074584 27.8678000
25118.9399788 0.0076110 236645.8153971 217112.7553567 27.7087601
28183.8378200 -0.0032219 240285.3163934 213746.0386076 27.3581150
31622.8492882 0.0017772 248195.4553714 217554.3277361 27.1067092
35481.3448326 0.0048507 258227.6547025 223877.8712888 26.9294726
39810.8123001 -0.0040821 270047.2547029 231713.9476651 26.7946848
44668.4408210 0.0002861 286754.2265388 245179.9627895 26.5146961
50118.8218320 0.0069924 300457.2764109 252708.3896229 26.3567291
56234.1823694 -0.0008727 321302.6741895 269648.5012364 26.2020775
63095.8439737 -0.0020200 339812.0645100 281025.1384264 26.1803043
70794.7386130 -0.0072502 350942.8124044 277547.6028048 26.1977390
79432.9897122 -0.0110652 356523.3915778 253016.4403655 26.1985431
89125.2011949 -0.0032675 374673.7501069 254897.5393868 25.9808985
100000.1496297 -0.0021582 385749.7211767 237281.9315644 26.0980492
112201.9339986 0.0041266 405728.3452417 234457.3825371 26.1596296
125892.6936390 0.0069795 439346.3459730 252816.6466417 26.4381279
141253.8311154 0.0086505 476193.0865199 271357.7069357 26.5418120
158489.5061793 0.0047483 520132.0268255 296408.7438249 26.8221284
