7004 -99 0 889.306
0.0325500 0.9751616 28.5438542 28.5438542 88.1893056
0.0357000 0.9730370 31.2716171 31.2716171 88.1716974
0.0399000 0.9702260 34.8994237 34.8994237 88.1486001
0.0451500 0.9667490 39.4195137 39.4195137 88.1203234
0.0504000 0.9633124 43.9234844 43.9234844 88.0926870
0.0567000 0.9592399 49.3072306 49.3072306 88.0603386
0.0640500 0.9545578 55.5596778 55.5596778 88.0236787
0.0714000 0.9499495 61.7817978 61.7817978 87.9881316
0.0798000 0.9447694 68.8562597 68.8562597 87.9488050
0.0892500 0.9390506 76.7692686 76.7692686 87.9061351
0.1008000 0.9322145 86.3762663 86.3762663 87.8561130
0.1123500 0.9255461 95.9139952 95.9139952 87.8082852
0.1260000 0.9178677 107.0988184 107.0988184 87.7543928
0.1417500 0.9092691 119.8904515 119.8904515 87.6954841
0.1585500 0.9003905 133.4043982 133.4043982 87.6361964
0.1785000 0.8902235 149.2832925 149.2832925 87.5701129
0.2005500 0.8794337 166.6282864 166.6282864 87.5019886
0.2247000 0.8681277 185.3880361 185.3880361 87.4326595
0.2520000 0.8559499 206.3097313 206.3097313 87.3601691
0.2824500 0.8430641 229.3062354 229.3062354 87.2857725
0.3171000 0.8292245 255.0629464 255.0629464 87.2083072
0.3549000 0.8150490 282.6905267 282.6905267 87.1313143
0.3990000 0.7995991 314.3416500 314.3416500 87.0499232
0.4473000 0.7838765 348.3379385 348.3379385 86.9695855
0.5019000 0.7674500 385.9880326 385.9880326 86.8880414
0.5628000 0.7506050 427.0815753 427.0815753 86.8067322
0.6310500 0.7333246 472.0992565 472.0992565 86.7255908
0.7087500 0.7154245 522.1343824 522.1343824 86.6437385
0.7948500 0.6974800 576.2069184 576.2069184 86.5636884
0.8914500 0.6793212 635.3230649 635.3230649 86.4846559
1.0006500 0.6609248 700.3748473 700.3748473 86.4063522
1.1227651 0.6425828 771.1258081 771.1258081 86.3298592
1.2594751 0.6243239 848.1080425 848.1080425 86.2552530
1.4127226 0.6061915 931.9235698 931.9235698 86.1825668
1.5858151 0.5881207 1023.8069933 1023.8069933 86.1114130
1.7787526 0.5704150 1123.1565139 1123.1565139 86.0428312
1.9959451 0.5529567 1231.5999250 1231.5999250 85.9762031
2.2393220 0.5358892 1349.3817146 1349.3817146 85.9118900
2.5125215 0.5192100 1477.4982868 1477.4982868 85.8497820
2.8192921 0.5029763 1616.8691158 1616.8691158 85.7898468
3.1631068 0.4872669 1768.1885985 1768.1885985 85.7321261
3.5483644 0.4720499 1932.4537191 1932.4537191 85.6765568
3.9810846 0.4573300 2111.1965313 2111.1965313 85.6229518
4.4672872 0.4431270 2305.7822639 2305.7822639 85.5712061
5.0118948 0.4294596 2516.9965742 2516.9965742 85.5214159
5.6245099 0.4162675 2747.2749096 2747.2749096 85.4733281
6.3098094 0.4036182 2997.0041006 2997.0041006 85.4271581
7.0803644 0.3914426 3269.2986062 3269.2986062 85.3825607
7.9440561 0.3797514 3565.3509042 3565.3509042 85.3395631
8.9125633 0.3685106 3887.4572206 3887.4572206 85.2980886
10.0014481 0.3577023 4238.9269621 4238.9269621 85.2579368
11.2210876 0.3473617 4621.1421584 4621.1421584 85.2191503
12.5894367 0.3374474 5037.6389232 5037.6389232 85.1815334
14.1269504 0.3279373 5492.3578357 5492.3578357 85.1448411
15.8491767 0.3188481 5987.4732619 5987.4732619 85.1090364
17.7840324 0.3100981 6528.3809362 6528.3809362 85.0739059
19.9529062 0.3016823 7118.1659767 7118.1659767 85.0393884
22.3872322 0.2936363 7762.3080550 7762.3080550 85.0053234
25.1199938 0.2859077 8466.2816675 8466.2816675 84.9716059
28.1840786 0.2785369 9235.0269033 9235.0269033 84.9382729
31.6237393 0.2714752 10075.9579409 10075.9579409 84.9049984
35.4826072 0.2646903 10995.6510946 10995.6510946 84.8716405
39.8132470 0.2581358 12002.1076151 12002.1076151 84.8380202
44.6694872 0.2518442 13102.9559194 13102.9559194 84.8044345
50.1205675 0.2458282 14308.8501909 14308.8501909 84.7703912
56.2377471 0.2400273 15629.9757754 15629.9757754 84.7355736
63.0967693 0.2344125 17076.5396052 17076.5396052 84.6997741
70.7954662 0.2290229 18662.4695704 18662.4695704 84.6624722
79.4340106 0.2238800 20401.5592746 20401.5592746 84.6228386
89.1259377 0.2188856 22309.2763483 22309.2763483 84.5798625
100.0026275 0.2139776 24402.2658515 24402.2658515 84.5327087
112.2074471 0.2092807 26698.6350775 26698.6350775 84.4815373
125.8964104 0.2044697 29216.3680879 29216.3680879 84.4296366
141.2559945 0.1998866 31977.0797698 31977.0797698 84.3733900
158.4947918 0.1955947 35007.4595050 35007.4595050 84.3120907
177.8326602 0.1914185 38334.6892864 38334.6892864 84.2430957
199.5344894 0.1872740 41987.7869297 41987.7869297 84.1715529
223.8731455 0.1833099 45997.3357309 45997.3357309 84.0912117
251.1895596 0.1791502 50400.3852388 50400.3852388 84.0121705
281.8404883 0.1745650 55221.1692706 55221.1692706 83.9290469
316.2378815 0.1696383 60484.7081382 60484.7081382 83.8401301
354.8252370 0.1648424 66221.8397315 66221.8397315 83.7408671
398.1250863 0.1600698 72477.3072223 72477.3072223 83.6353880
446.6934609 0.1552187 79281.3544639 79281.3544639 83.5189837
501.1903976 0.1509190 86702.6828713 86702.6828713 83.3627229
562.3470481 0.1461451 94776.8798337 94776.8798337 83.2037696
630.9576992 0.1411100 103543.5634949 103543.5634949 83.0461027
707.9626349 0.1361037 113033.3569953 113033.3569953 82.8796343
794.3311114 0.1314366 123298.0377199 123298.0377199 82.6814399
891.2901875 0.1277678 134469.6435454 134469.6435454 82.4770499
1000.0152949 0.1234420 146636.4447263 146636.4447263 82.2680402
1122.0453570 0.1189243 159769.2699006 159769.2699006 82.0751352
1258.9519017 0.1153784 174010.6736926 174010.6736926 81.7935596
1412.6025846 0.1102772 189481.9280652 189481.9280652 81.4985496
1584.9192513 0.1069658 206059.6185093 206059.6185093 81.2726442
1778.3297629 0.1029065 224110.8583010 224110.8583010 80.9982152
1995.3396487 0.1001750 243636.9327508 243636.9327508 80.7604725
2238.7495208 0.0968906 265021.9675042 265021.9675042 80.4926107
2511.9332487 0.0934677 288133.7965662 288133.7965662 80.1300267
2818.4067961 0.0871986 312693.0869928 312693.0869928 79.8167250
3162.3160538 0.0827543 338628.2036564 338628.2036564 79.5236427
3548.2246552 0.0820455 366913.1269115 366913.1269115 79.1991418
3981.0824729 0.0782131 397746.8687634 397746.8687634 78.8601032
4466.8445267 0.0795615 431840.1582838 431840.1582838 78.3908161
5011.9508737 0.0779970 470265.8011782 470265.8011782 78.1042352
5623.4686414 0.0770731 512031.0521358 512031.0521358 77.6233023
6309.6060499 0.0772703 559098.3090053 559098.3090053 77.1570175
7079.5178905 0.0725515 610806.5882929 610806.5882929 76.7397553
7943.3360745 0.0684838 664433.2653507 664433.2653507 76.4173639
8912.5538779 0.0616590 720392.2235076 720392.2235076 75.9774323
10000.0576380 0.0605106 778848.1790097 778848.1790097 75.5316757
11220.2837932 0.0580914 843328.3668809 843328.3668809 75.0897308
12589.2832138 0.0507169 908309.2073429 908309.2073429 74.6164153
14125.4898594 0.0473947 975181.5173488 975181.5173488 74.2254738
15849.0266991 0.0410631 1043121.0241334 1043121.0241334 73.5487683
17782.8284773 0.0429096 1114927.3923015 1114927.3923015 72.5771096
19952.6405589 0.0426305 1196827.4613342 1196827.4613342 71.9026386
22387.3110130 0.0389757 1285355.7963408 1285355.7963408 71.2310130
25118.9399788 0.0386157 1379372.9443737 1379372.9443737 70.8246284
28183.8378200 0.0352908 1481298.6260983 1481298.6260983 70.5029020
31622.8492882 0.0365932 1588344.1551501 1588344.1551501 70.1940399
35481.3448326 0.0355842 1710224.0879277 1710224.0879277 69.6636556
39810.8123001 0.0316070 1843690.2264890 1843690.2264890 69.2831192
44668.4408210 0.0327564 1978205.1750654 1978205.1750654 68.7452237
50118.8218320 0.0321450 2134414.5092957 2134414.5092957 68.5162514
56234.1823694 0.0332484 2320583.0131286 2320583.0131286 68.2759573
63095.8439737 0.0295857 2501865.1056090 2501865.1056090 68.0266582
70794.7386130 0.0287635 2701101.6045182 2701101.6045182 67.7808205
79432.9897122 0.0325276 2929494.7156684 2929494.7156684 67.5826750
89125.2011949 0.0323184 3215323.3988612 3215323.3988612 67.1326526
100000.1496297 0.0374853 3543209.2135208 3543209.2135208 66.9733039
112201.9339986 0.0381060 3940941.1052159 3940941.1052159 66.8002632
