1005 0
0 1.0403 4.63523 4.63523
0 1.03041 9.2264 9.2264
0 1.02359 13.7872 13.7872
0 1.00874 22.8067 22.8067
0 0.993666 31.6966 31.6966
0 0.97437 44.7983 44.7983
0 0.916671 86.7297 86.7297
0 0.879127 122.642 122.642
0 0.813626 193.991 193.991
0 0.771846 260.875 260.875
1 0.715362 356.682 356.682
2 0.626919 636.437 636.437
3 0.571355 887.143 887.143
5 0.513038 1346.44 1346.44
7 0.487329 1768.5 1768.5
10 0.453245 2360.82 2360.82
15 0.416593 3279.32 3279.32
20 0.395329 4142.87 4142.87
30 0.36223 5751.7 5751.7
50 0.33031 8691.18 8691.18
70 0.302307 11407.4 11407.4
100 0.28509 15223.7 15223.7
150 0.279301 21192.5 21192.5
200 0.255685 26903.6 26903.6
300 0.239686 37828 37828
500 0.214027 57173.5 57173.5
700 0.198591 75344.9 75344.9
1000 0.170856 99256.4 99256.4
1500 0.132294 132664 132664
2000 0.121209 159114 159114
3000 0.109162 209588 209588
5000 0.106995 308969 308969
7000 0.11736 405531 405531
10000 0.107332 550390 550390
15000 0.103344 786402 786402
20000 0.118652 1.03648e+06 1.03648e+06
