1003 0
0 42.4823 0 0
0 0.993492 0.423298 0.423298
0 0.987124 0.843864 0.843864
0 0.980899 1.26176 1.26176
0 0.968823 2.08975 2.08975
0 0.957229 2.90771 2.90771
0 0.940694 4.11667 4.11667
0 0.892062 8.00537 8.00537
0 0.851637 11.7058 11.7058
0 0.788415 18.6579 18.6579
0 0.740559 25.1438 25.1438
1 0.686602 34.219 34.219
2 0.580121 60.8552 60.8552
3 0.521291 84.1515 84.1515
5 0.45428 125.294 125.294
7 0.415007 162.1 162.1
10 0.377673 212.428 212.428
15 0.33977 288.27 288.27
20 0.315676 357.715 357.715
30 0.285461 484.828 484.828
50 0.253594 712.176 712.176
70 0.235753 919.465 919.465
100 0.21949 1208.7 1208.7
150 0.202468 1655.44 1655.44
200 0.191072 2072.63 2072.63
300 0.175004 2848.39 2848.39
500 0.153917 4235.42 4235.42
700 0.141121 5483.99 5483.99
1000 0.129418 7199.79 7199.79
1500 0.116368 9818.5 9818.5
2000 0.10763 12176.9 12176.9
3000 0.0951758 16475.7 16475.7
5000 0.0839182 23960.1 23960.1
7000 0.0797742 30880.5 30880.5
10000 0.0799688 41103.7 41103.7
15000 0.081296 58233.8 58233.8
20000 0.0812901 75492.9 75492.9
30000 0.0810562 109967 109967
40000 0.0810518 144400 144400
50000 0.0810519 178833 178833
60000 0.0810519 213266 213266
70000 0.081052 247698 247698
80000 0.081052 282131 282131
90000 0.081052 316564 316564
100000 0.081052 350997 350997
150000 0.081052 523161 523161
200000 0.081052 695324 695324
300000 0.081052 1.03965e+06 1.03965e+06
400000 0.0815449 1.38397e+06 1.38397e+06
500000 0.082205 1.7281e+06 1.7281e+06
600000 0.0831414 2.07419e+06 2.07419e+06
700000 0.0769547 2.42121e+06 2.42121e+06
800000 0.07571 2.76312e+06 2.76312e+06
900000 0.0905599 3.11672e+06 3.11672e+06
1000000 0.0935203 3.46243e+06 3.46243e+06
