1007 0
0 36.2274 0 0
0 0.993703 0.361016 0.361016
0 0.987515 0.719773 0.719773
0 0.981429 1.07631 1.07631
0 0.969571 1.78287 1.78287
0 0.958103 2.48099 2.48099
0 0.941596 3.51294 3.51294
0 0.892169 6.83114 6.83114
0 0.850138 9.98437 9.98437
0 0.782722 15.8871 15.8871
0 0.730666 21.3614 21.3614
1 0.671178 28.962 28.962
2 0.553049 50.8797 50.8797
3 0.488425 69.6471 69.6471
5 0.417152 102.164 102.164
7 0.376356 130.793 130.793
10 0.338175 169.452 169.452
15 0.300304 226.952 226.952
20 0.276763 279.08 279.08
30 0.247358 373.535 373.535
50 0.21639 540.175 540.175
70 0.198791 690.107 690.107
100 0.182543 896.71 896.71
150 0.1656 1210.76 1210.76
200 0.154035 1499.76 1499.76
300 0.13765 2026.25 2026.25
500 0.119981 2950.55 2950.55
700 0.1114 3786.45 3786.45
1000 0.102733 4947.05 4947.05
1500 0.0927612 6712.86 6712.86
2000 0.0860969 8326.08 8326.08
3000 0.0717872 11185.7 11185.7
5000 0.0558121 15644.1 15644.1
7000 0.0511794 19480 19480
10000 0.0461584 24801.3 24801.3
15000 0.0442231 32943.2 32943.2
20000 0.0378866 40235.8 40235.8
30000 0.0430558 55115.9 55115.9
40000 0.0418269 70580.6 70580.6
50000 0.0409395 85598.6 85598.6
60000 0.0407599 100390 100390
70000 0.0409344 115198 115198
80000 0.0408713 130013 130013
90000 0.0408971 144825 144825
100000 0.0409037 159642 159642
150000 0.0409057 233737 233737
200000 0.0409057 307833 307833
300000 0.0408995 456024 456024
400000 0.0408821 604216 604216
500000 0.0416512 752525 752525
600000 0.041185 899671 899671
700000 0.0500264 1.05147e+06 1.05147e+06
800000 0.0545956 1.22306e+06 1.22306e+06
900000 0.044328 1.40438e+06 1.40438e+06
1000000 0.0462042 1.59431e+06 1.59431e+06
