1002 0
0 877.871 0 0
0 0.99462 8.75246 8.75246
0 0.989525 17.4588 17.4588
0 0.984366 26.1204 26.1204
0 0.974624 43.3111 43.3111
0 0.965164 60.3341 60.3341
0 0.95165 85.5664 85.5664
0 0.910126 167.21 167.21
0 0.874047 245.462 245.462
0 0.814235 393.41 393.41
0 0.768142 532.12 532.12
1 0.714124 726.946 726.946
2 0.602024 1299.49 1299.49
3 0.538968 1798.16 1798.16
5 0.46606 2673.16 2673.16
7 0.425393 3453.17 3453.17
10 0.383109 4515.24 4515.24
15 0.342507 6104.21 6104.21
20 0.318499 7550.64 7550.64
30 0.287635 10193.8 10193.8
50 0.252494 14909.9 14909.9
70 0.234392 19164.2 19164.2
100 0.213527 25026.2 25026.2
150 0.194206 33974.9 33974.9
200 0.183306 42266.1 42266.1
300 0.170147 57679.2 57679.2
500 0.147425 85054.6 85054.6
700 0.133178 109670 109670
1000 0.122913 143312 143312
1500 0.110081 193969 193969
2000 0.100948 240748 240748
3000 0.0921216 325510 325510
5000 0.0739315 465489 465489
7000 0.0702671 591906 591906
10000 0.0660388 767448 767448
15000 0.0577687 1.04043e+06 1.04043e+06
20000 0.055951 1.28018e+06 1.28018e+06
30000 0.0472533 1.71905e+06 1.71905e+06
40000 0.0479132 2.14942e+06 2.14942e+06
50000 0.0512262 2.57627e+06 2.57627e+06
60000 0.0435963 2.98394e+06 2.98394e+06
70000 0.0457412 3.38264e+06 3.38264e+06
80000 0.043603 3.77913e+06 3.77913e+06
90000 0.0471332 4.18089e+06 4.18089e+06
100000 0.0451317 4.58909e+06 4.58909e+06
150000 0.0323251 6.22712e+06 6.22712e+06
200000 0.0263852 7.57415e+06 7.57415e+06
300000 0.0277873 1.00902e+07 1.00902e+07
400000 0.0231093 1.23278e+07 1.23278e+07
500000 0.0189832 1.43534e+07 1.43534e+07
600000 0.0231109 1.6218e+07 1.6218e+07
700000 0.0216562 1.80149e+07 1.80149e+07
800000 0.0242655 1.98433e+07 1.98433e+07
900000 0.0223063 2.17072e+07 2.17072e+07
