6006 -3.46 0 344.795
0.0325500 0.9762626 11.0936621 11.0936621 2.7181929
0.0357000 0.9743600 12.1526956 12.1526956 2.7880198
0.0399000 0.9720290 13.5611989 13.5611989 2.8865554
0.0451500 0.9684497 15.3171435 15.3171435 2.9978409
0.0504000 0.9633391 17.0644738 17.0644738 3.1079970
0.0567000 0.9609398 19.1543669 19.1543669 3.2469753
0.0640500 0.9562730 21.5815224 21.5815224 3.3945689
0.0714000 0.9497949 23.9959232 23.9959232 3.5435338
0.0798000 0.9457550 26.7403458 26.7403458 3.7208666
0.0892500 0.9386386 29.8119846 29.8119846 3.8775718
0.1008000 0.9309001 33.5341936 33.5341936 4.0886340
0.1123500 0.9230436 37.2238225 37.2238225 4.2598500
0.1260000 0.9126251 41.5405066 41.5405066 4.4714594
0.1417500 0.9049574 46.4703774 46.4703774 4.6998380
0.1585500 0.8933556 51.6740724 51.6740724 4.9198043
0.1785000 0.8809194 57.7773306 57.7773306 5.1877746
0.2005500 0.8657926 64.4151732 64.4151732 5.4498895
0.2247000 0.8495499 71.5443687 71.5443687 5.7030707
0.2520000 0.8311609 79.4436792 79.4436792 5.9960894
0.2824500 0.8161303 88.0857868 88.0857868 6.2995080
0.3171000 0.7944183 97.6984765 97.6984765 6.6147135
0.3549000 0.7755256 107.9240184 107.9240184 6.9192525
0.3990000 0.7587355 119.5861192 119.5861192 7.2462884
0.4473000 0.7426167 132.1071847 132.1071847 7.5348740
0.5019000 0.7201198 145.8695161 145.8695161 7.8301859
0.5628000 0.7020656 160.8276157 160.8276157 8.1253304
0.6310500 0.6784251 177.0757268 177.0757268 8.3713446
0.7087500 0.6470055 194.8601291 194.8601291 8.6504978
0.7948500 0.6318813 213.8629406 213.8629406 8.8810418
0.8914500 0.6079376 234.4607228 234.4607228 9.1139147
1.0006500 0.5848642 256.8991011 256.8991011 9.3049848
1.1227651 0.5638141 281.0544724 281.0544724 9.4988445
1.2594751 0.5483340 307.0846592 307.0846592 9.7118377
1.4127226 0.5344956 335.6512269 335.6512269 9.9071883
1.5858151 0.5177766 366.8972222 366.8972222 10.0669764
1.7787526 0.4783200 399.8977195 399.8977195 10.1529490
1.9959451 0.4632572 435.0442958 435.0442958 10.2968151
2.2393220 0.4427233 472.8046337 472.8046337 10.4591750
2.5125215 0.4213574 513.4196302 513.4196302 10.5294444
2.8192921 0.4026728 557.0087271 557.0087271 10.6354926
3.1631068 0.3872907 603.6637638 603.6637638 10.7988373
3.5483644 0.3560216 653.3426829 653.3426829 10.8634134
3.9810846 0.3516552 705.9676659 705.9676659 11.0505197
4.4672872 0.3433734 763.5278043 763.5278043 11.1039941
5.0118948 0.3273557 826.3930169 826.3930169 11.2489220
5.6245099 0.3055407 892.7457595 892.7457595 11.2832522
6.3098094 0.2895150 962.7123456 962.7123456 11.3348408
7.0803644 0.2936192 1038.8894461 1038.8894461 11.4366989
7.9440561 0.2763464 1123.2381249 1123.2381249 11.5093533
8.9125633 0.2501087 1209.2055451 1209.2055451 11.5759300
10.0014481 0.2575315 1302.6773927 1302.6773927 11.6134167
11.2210876 0.2446102 1409.4427154 1409.4427154 11.6475968
12.5894367 0.2071038 1516.2561970 1516.2561970 11.6278472
14.1269504 0.1819536 1621.4891236 1621.4891236 11.8031437
15.8491767 0.1844495 1733.7293671 1733.7293671 11.8612417
17.7840324 0.1929804 1857.0826348 1857.0826348 11.8513499
19.9529062 0.1828793 2001.2166050 2001.2166050 11.8731141
22.3872322 0.1526752 2145.7791330 2145.7791330 11.8285350
25.1199938 0.1577818 2287.6627990 2287.6627990 11.7411877
28.1840786 0.1336803 2440.1142249 2440.1142249 11.7504596
31.6237393 0.1440851 2609.0746978 2609.0746978 11.7903481
35.4826072 0.1358079 2796.0781974 2796.0781974 11.7954281
39.8132470 0.1260909 2997.0556505 2997.0556505 11.8310519
44.6694872 0.1087908 3208.6057821 3208.6057821 11.7782394
50.1205675 0.0994505 3417.1936447 3417.1936447 11.7528505
56.2377471 0.1080994 3656.6479113 3656.6479113 11.5539841
63.0967693 0.0962589 3901.3376251 3901.3376251 11.5927998
70.7954662 0.1028268 4173.2370368 4173.2370368 11.4547869
79.4340106 0.0822889 4435.4037364 4435.4037364 11.3793492
89.1259377 0.0737744 4719.0920874 4719.0920874 11.1477435
100.0026275 0.0746246 4993.6179866 4993.6179866 11.1414986
112.2074471 0.0649237 5266.6156545 5266.6156545 10.8961765
125.8964104 0.0413887 5545.0036285 5545.0036285 10.7724935
141.2559945 0.0607152 5857.6300248 5857.6300248 10.5945540
158.4947918 0.0552502 6156.2848233 6156.2848233 10.3938936
177.8326602 0.0370588 6445.6177317 6445.6177317 10.2346552
199.5344894 0.0565854 6789.9157127 6789.9157127 10.1406482
223.8731455 0.0466323 7139.6827808 7139.6827808 9.8277161
251.1895596 0.0242842 7534.6450639 7534.6450639 9.6659077
281.8404883 0.0378532 7959.9661229 7959.9661229 9.4015761
316.2378815 0.0159933 8345.1557709 8345.1557709 9.2593897
354.8252370 0.0193237 8734.2421209 8734.2421209 9.0318489
398.1250863 0.0074585 9068.3971407 9068.3717139 8.8000642
446.6934609 0.0033131 9299.6811801 9297.7772894 8.5552008
501.1903976 0.0092055 9528.5572315 9522.7991113 8.3301907
562.3470481 0.0194262 9884.7763949 9878.2033814 8.1614579
630.9576992 -0.0054244 10336.5683236 10327.7029788 7.9132960
707.9626349 0.0190823 10743.4283787 10732.5255952 7.8036219
794.3311114 0.0161571 11285.4618764 11272.7185344 7.5083130
891.2901875 0.0139583 11764.9929981 11750.1403655 7.3804080
1000.0152949 0.0068776 12189.5870702 12163.5495042 7.1214369
1122.0453570 0.0121073 12512.2604543 12442.0374229 7.0493980
1258.9519017 -0.0037871 12916.5119167 12824.5413849 6.8491168
1412.6025846 0.0213319 13369.7703859 13231.9199125 6.6963959
1584.9192513 0.0158638 13931.5106156 13760.5472965 6.5568393
1778.3297629 0.0101224 14381.0319947 14122.9008131 6.5462992
1995.3396487 -0.0009703 14700.9324231 14266.4629255 6.2841280
2238.7495208 -0.0007415 15160.1174540 14612.5770340 6.2310004
2511.9332487 0.0062344 15491.0888584 14702.3534643 6.0796830
2818.4067961 -0.0016958 15874.9320103 14795.9700669 6.0041484
3162.3160538 0.0008410 16252.1534508 14847.7027488 5.7313676
3548.2246552 0.0118933 16800.1322472 15044.8932587 5.6611535
3981.0824729 -0.0076485 17469.3616978 15393.8239435 5.6006083
4466.8445267 0.0019715 17971.0427179 15351.8307568 5.4962915
5011.9508737 0.0048148 18603.2689773 15499.3376535 5.3962143
5623.4686414 0.0067152 19809.5998346 16449.5115480 5.2579545
6309.6060499 -0.0002083 21005.1733327 17327.2729018 5.2351112
7079.5178905 0.0091890 22349.3577659 18230.0252866 5.1438037
7943.3360745 0.0004140 23878.1525801 19341.7637578 5.0120096
8912.5538779 0.0083598 25700.3036551 20662.7684941 4.9797376
10000.0576380 0.0133097 27457.7080471 21790.1129843 4.9825566
11220.2837932 -0.0108494 29028.4932629 22537.1345283 4.8227428
12589.2832138 0.0035076 31340.3120420 24071.2469738 4.8466304
14125.4898594 -0.0106803 33929.4351244 25811.6641587 4.7041711
15849.0266991 -0.0032540 36935.6549146 27898.8368768 4.6410463
17782.8284773 0.0122019 39362.6066527 28863.4575829 4.6917576
19952.6405589 -0.0094720 41161.2181808 28123.5493298 4.5819053
22387.3110130 -0.0032123 43364.1611133 27637.7509139 4.5922413
25118.9399788 -0.0065392 45692.5162262 26921.8565072 4.5021847
28183.8378200 0.0042293 47634.4591806 24535.1857804 4.5513593
31622.8492882 -0.0015023 49139.8692314 19337.8780760 4.4225507
35481.3448326 0.0085505 50763.0131240 13820.6038363 4.4323513
39810.8123001 -0.0017568 53927.8873736 11752.7557065 4.4016993
44668.4408210 -0.0113035 58639.7739227 11832.0394855 4.3899859
50118.8218320 -0.0091754 63380.4929674 10752.0940026 4.3845160
56234.1823694 -0.0058117 67952.0376066 7648.0258290 4.4053421
63095.8439737 0.0052523 74225.6522589 6931.9750030 4.3059918
70794.7386130 -0.0002077 80877.3661929 5548.8431249 4.3489108
79432.9897122 0.0059897 92221.4552454 11204.8416241 4.3442728
89125.2011949 -0.0072458 101462.3311311 10999.1113843 4.3488460
100000.1496297 -0.0004174 112473.8961502 12012.4315669 4.2706711
112201.9339986 -0.0069478 121590.5238801 5714.4293339 4.3864295
125892.6936390 -0.0024385 132680.6038469 26.3144253 4.3274470
141253.8311154 0.0096488 144893.3923255 -6184.6164301 4.3591911
158489.5061793 0.0012975 158009.6940372 -14423.7195258 4.4461236
177827.9574712 0.0057038 175430.9844321 -17525.4357213 4.4671289
199526.2758973 0.0017661 193989.1255880 -23427.2321352 4.5484969
