6010 -3.46 0 341.332
0.0325500 0.9724122 10.9494053 10.9494053 2.6897645
0.0357000 0.9706174 11.9936293 11.9936293 2.7605581
0.0399000 0.9682572 13.3828318 13.3828318 2.8546594
0.0451500 0.9629963 15.1126884 15.1126884 2.9619762
0.0504000 0.9595402 16.8343978 16.8343978 3.0667992
0.0567000 0.9544627 18.8917470 18.8917470 3.1855048
0.0640500 0.9504624 21.2812700 21.2812700 3.3324648
0.0714000 0.9454142 23.6578842 23.6578842 3.4661294
0.0798000 0.9393794 26.3584494 26.3584494 3.6251359
0.0892500 0.9314807 29.3753460 29.3753460 3.8133728
0.1008000 0.9255038 33.0339589 33.0339589 4.0219681
0.1123500 0.9194297 36.6651936 36.6651936 4.2332477
0.1260000 0.9090982 40.9214918 40.9214918 4.4338437
0.1417500 0.8989703 45.7823514 45.7823514 4.6620832
0.1585500 0.8855962 50.8960177 50.8960177 4.8990107
0.1785000 0.8747349 56.8873782 56.8873782 5.1513118
0.2005500 0.8622489 63.4203731 63.4203731 5.4200958
0.2247000 0.8456839 70.4637044 70.4637044 5.6901916
0.2520000 0.8306684 78.2686554 78.2686554 5.9911424
0.2824500 0.8141219 86.8052197 86.8052197 6.3048580
0.3171000 0.7927944 96.3233487 96.3233487 6.5965619
0.3549000 0.7726926 106.4264989 106.4264989 6.8814318
0.3990000 0.7578290 117.9561331 117.9561331 7.2008415
0.4473000 0.7380195 130.2874779 130.2874779 7.4935718
0.5019000 0.7159658 143.7890652 143.7890652 7.7721711
0.5628000 0.7035028 158.5381090 158.5381090 8.0482230
0.6310500 0.6843696 174.7355627 174.7355627 8.3255631
0.7087500 0.6551444 192.5146535 192.5146535 8.5887608
0.7948500 0.6347045 211.5520251 211.5520251 8.8090223
0.8914500 0.6175588 232.1412981 232.1412981 9.0164362
1.0006500 0.5971406 254.6964771 254.6964771 9.3242199
1.1227651 0.5787629 279.2389986 279.2389986 9.5641287
1.2594751 0.5577461 305.7376608 305.7376608 9.6619658
1.4127226 0.5340044 334.1553358 334.1553358 9.8120722
1.5858151 0.5198070 365.3458883 365.3458883 10.0329202
1.7787526 0.4866905 398.4412123 398.4412123 10.1703131
1.9959451 0.4623215 433.4417304 433.4417304 10.2874856
2.2393220 0.4391209 471.0256465 471.0256465 10.4792695
2.5125215 0.4302031 511.5176441 511.5176441 10.6454414
2.8192921 0.4120711 555.5873178 555.5873178 10.7916713
3.1631068 0.3962450 603.0995835 603.0995835 10.8846755
3.5483644 0.3854166 654.4295019 654.4295019 10.9115380
3.9810846 0.3548319 709.5259951 709.5259951 10.9805442
4.4672872 0.3294140 766.1177351 766.1177351 11.1054264
5.0118948 0.3093148 826.2659438 826.2659438 11.3485614
5.6245099 0.3040210 891.0246031 891.0246031 11.2559502
6.3098094 0.3055661 961.9141229 961.9141229 11.2585190
7.0803644 0.2844090 1040.1501873 1040.1501873 11.4629244
7.9440561 0.2668341 1122.0932760 1122.0932760 11.4997357
8.9125633 0.2563092 1209.9389748 1209.9389748 11.5100417
10.0014481 0.2484948 1305.8681772 1305.8681772 11.6569285
11.2210876 0.2359175 1406.8014071 1406.8014071 11.6095602
12.5894367 0.2272929 1514.8627293 1514.8627293 11.7703381
14.1269504 0.2323023 1632.4171405 1632.4171405 11.7934220
15.8491767 0.2012964 1755.1499253 1755.1499253 11.6830298
17.7840324 0.1875117 1884.3818611 1884.3818611 11.6859706
19.9529062 0.1693937 2019.5226540 2019.5226540 11.7167681
22.3872322 0.1700652 2159.2269541 2159.2269541 11.8125540
25.1199938 0.1517372 2314.2563890 2314.2563890 11.8632225
28.1840786 0.1596160 2474.3731160 2474.3731160 11.8244734
31.6237393 0.1366082 2661.3888648 2661.3888648 11.8638873
35.4826072 0.1244833 2839.3042120 2839.3042120 11.6681520
39.8132470 0.1251926 3031.0453323 3031.0453323 11.7299948
44.6694872 0.1285278 3245.9195322 3245.9195322 11.6831325
50.1205675 0.1069895 3453.8648068 3453.8648068 11.5470223
56.2377471 0.1002788 3679.9065798 3679.9065798 11.4423194
63.0967693 0.0982769 3909.0351663 3909.0351663 11.4342346
70.7954662 0.1047455 4167.7075732 4167.7075732 11.3378909
79.4340106 0.0826392 4438.1417872 4438.1417872 11.2439773
89.1259377 0.0724336 4725.7280853 4725.7280853 11.0976162
100.0026275 0.0716938 4989.2937036 4989.2937036 10.9459592
112.2074471 0.0694669 5261.5407292 5261.5407292 10.8463212
125.8964104 0.0613380 5535.0396253 5535.0396253 10.7150327
141.2559945 0.0478813 5789.6851108 5789.6851108 10.6492496
158.4947918 0.0386644 6075.5905074 6075.5905074 10.4570492
177.8326602 0.0365125 6360.0037748 6360.0037748 10.3019674
199.5344894 0.0349365 6620.4107771 6620.4107771 10.1151791
223.8731455 0.0201231 6867.9318095 6867.9318095 9.9201121
251.1895596 0.0181898 7148.0702211 7148.0702211 9.6158631
281.8404883 0.0339133 7453.1797630 7453.1797630 9.4514485
316.2378815 0.0369968 7735.1874357 7735.0724734 9.2501133
354.8252370 0.0164615 8012.2238931 8012.0963054 8.9617981
398.1250863 0.0220033 8292.2548177 8292.0747287 8.9227403
446.6934609 0.0136154 8568.8931470 8560.3288014 8.6657294
501.1903976 0.0048340 8822.5680659 8813.4508901 8.4338933
562.3470481 0.0106968 9037.0268491 9018.3161561 8.1641686
630.9576992 0.0274506 9370.8905218 9346.2331354 8.0816452
707.9626349 0.0113669 9685.2328170 9656.9296812 7.8432900
794.3311114 0.0206609 10180.0727187 10150.7066593 7.5754922
891.2901875 -0.0001588 10509.0038812 10470.4686135 7.4482358
1000.0152949 -0.0051793 10637.1580172 10479.1313763 7.1631702
1122.0453570 0.0020544 10777.8793314 10499.9084803 7.1458314
1258.9519017 -0.0025995 10929.1799805 10463.2312365 6.8939299
1412.6025846 -0.0121163 11054.4427030 10390.5806556 6.7812014
1584.9192513 -0.0039470 11179.2312334 10293.9885837 6.7270416
1778.3297629 0.0043565 11252.6986739 9983.5532052 6.5456069
1995.3396487 0.0220677 11397.9011484 9766.7253667 6.3750900
2238.7495208 -0.0015750 11612.0576049 9659.7822721 6.3983554
2511.9332487 0.0113945 12066.4609316 9913.6944575 6.2054487
2818.4067961 -0.0021765 12497.6516590 10098.6277811 5.9553846
3162.3160538 0.0058759 12801.6551732 9893.3256850 5.7912540
3548.2246552 -0.0095772 13090.7190629 9705.4069963 5.7801858
3981.0824729 -0.0030592 13361.8482665 9346.2112841 5.7630364
4466.8445267 -0.0006320 13542.6330926 8474.9966574 5.5280111
5011.9508737 -0.0028844 13932.5425771 8053.9109433 5.5146081
5623.4686414 -0.0107256 14440.5770389 7791.8840333 5.3555394
6309.6060499 -0.0118384 15187.3839504 7784.9456072 5.2272322
7079.5178905 0.0042493 15813.7704761 7455.9589329 5.1186352
7943.3360745 -0.0040606 16525.8230930 7090.8674309 5.0252769
8912.5538779 0.0069730 17615.7583304 7277.9691635 4.9526284
10000.0576380 0.0113951 18551.9492519 6970.5781944 4.9572721
11220.2837932 -0.0053044 19511.2019670 6491.4200792 4.8196725
12589.2832138 -0.0051797 21131.3640416 6945.5764188 4.8612947
14125.4898594 -0.0109071 23014.6057073 7544.8863487 4.6329483
15849.0266991 0.0075381 25096.0456274 8268.0988415 4.6811719
17782.8284773 -0.0033668 26633.2914316 7443.4258969 4.6396053
19952.6405589 -0.0080346 28089.9032694 5782.1748165 4.6604845
22387.3110130 -0.0043264 29731.7357483 3975.0418867 4.5183091
25118.9399788 -0.0043437 31427.3152182 1660.8415328 4.5648732
28183.8378200 -0.0076657 33006.9733450 -2103.7363668 4.4975183
31622.8492882 -0.0032662 34605.8269032 -6731.0054288 4.4082175
35481.3448326 -0.0020043 37395.2780413 -9031.2874380 4.4762860
39810.8123001 -0.0054755 40630.1082418 -11318.4560017 4.4078316
44668.4408210 -0.0088313 44102.9981652 -14102.6576324 4.4590714
50118.8218320 0.0025451 48396.0840697 -16398.7025124 4.4472494
56234.1823694 -0.0045164 52561.6992289 -20604.5108141 4.3308351
63095.8439737 0.0010888 57087.6733378 -25505.8566958 4.3164139
70794.7386130 0.0011530 65472.4928273 -24060.2282348 4.2740878
79432.9897122 0.0120012 75340.5686717 -21834.8444162 4.4099520
89125.2011949 0.0150876 85057.6986516 -21607.7610973 4.3993499
100000.1496297 -0.0043385 100929.9589172 -12623.9700856 4.3717229
112201.9339986 0.0064431 117971.7029392 -3247.7684461 4.4419740
125892.6936390 -0.0120283 134570.7974749 2721.6613251 4.3584988
141253.8311154 0.0027348 160773.2249190 21348.5789075 4.4885005
158489.5061793 0.0073025 192975.5450836 46102.2912626 4.4264235
177827.9574712 0.0040828 226111.6245947 69824.4053973 4.4620500
199526.2758973 0.0151716 267616.8953851 101954.2211687 4.6382544
