1000 0
0 874.687 0 0
0 0.994972 8.72322 8.72322
0 0.989828 17.4019 17.4019
0 0.984782 26.0354 26.0354
0 0.975162 43.1752 43.1752
0 0.965683 60.1454 60.1454
0 0.952056 85.2976 85.2976
0 0.911292 166.727 166.727
0 0.875356 244.824 244.824
0 0.817656 392.609 392.609
0 0.771846 531.477 531.477
1 0.716727 726.447 726.447
2 0.605629 1299.58 1299.58
3 0.542074 1799.71 1799.71
5 0.471484 2678.85 2678.85
7 0.426503 3461.92 3461.92
10 0.387854 4527.18 4527.18
15 0.347735 6126.62 6126.62
20 0.32201 7584.63 7584.63
30 0.289742 10248.8 10248.8
50 0.253884 14959.3 14959.3
70 0.232169 19186.1 19186.1
100 0.21163 25000.6 25000.6
150 0.191227 33770.3 33770.3
200 0.174584 41764.6 41764.6
300 0.158708 56344.4 56344.4
500 0.141535 82433 82433
700 0.129659 106061 106061
1000 0.117624 138122 138122
1500 0.107225 186666 186666
2000 0.099962 231693 231693
3000 0.0914759 314027 314027
5000 0.0800871 462856 462856
7000 0.0776889 605034 605034
10000 0.0711687 799110 799110
15000 0.0668647 1.09616e+06 1.09616e+06
20000 0.0610206 1.38454e+06 1.38454e+06
30000 0.0569613 1.88954e+06 1.88954e+06
40000 0.0541595 2.38297e+06 2.38297e+06
50000 0.0541967 2.8603e+06 2.8603e+06
60000 0.0511268 3.33121e+06 3.33121e+06
70000 0.0538572 3.79998e+06 3.79998e+06
80000 0.0544236 4.27209e+06 4.27209e+06
90000 0.0557266 4.7476e+06 4.7476e+06
100000 0.05478 5.23209e+06 5.23209e+06
150000 0.0541458 7.63563e+06 7.63563e+06
200000 0.0525043 9.9907e+06 9.9907e+06
300000 0.0526198 1.45824e+07 1.45824e+07
400000 0.0501888 1.90357e+07 1.90357e+07
500000 0.0482204 2.34165e+07 2.34165e+07
600000 0.0508717 2.77198e+07 2.77198e+07
700000 0.0502005 3.20209e+07 3.20209e+07
800000 0.0536153 3.6544e+07 3.6544e+07
900000 0.0529756 4.12679e+07 4.12679e+07
1000000 0.0527364 4.60483e+07 4.60483e+07
