1001 0
0 870.114 0 0
0 0.994561 8.67483 8.67483
0 0.9893 17.3036 17.3036
0 0.984263 25.8871 25.8871
0 0.974236 42.9236 42.9236
0 0.96452 59.7879 59.7879
0 0.950545 84.7749 84.7749
0 0.90842 165.587 165.587
0 0.871265 242.957 242.957
0 0.810424 389.071 389.071
0 0.763232 525.84 525.84
1 0.708788 717.589 717.589
2 0.596641 1280.18 1280.18
3 0.531774 1768.5 1768.5
5 0.457144 2622.49 2622.49
7 0.41459 3378.06 3378.06
10 0.373091 4401.94 4401.94
15 0.332066 5926.21 5926.21
20 0.308232 7316.24 7316.24
30 0.276106 9848.68 9848.68
50 0.245088 14356.5 14356.5
70 0.223831 18410.9 18410.9
100 0.204672 23982 23982
150 0.188223 32527.6 32527.6
200 0.178483 40441.3 40441.3
300 0.159332 55128.8 55128.8
500 0.137543 81073.4 81073.4
700 0.127692 104251 104251
1000 0.118229 136419 136419
1500 0.108241 185668 185668
2000 0.0986678 230770 230770
3000 0.0900865 312298 312298
5000 0.0816252 461059 461059
7000 0.0768942 598332 598332
10000 0.0741303 789015 789015
15000 0.0663208 1.08352e+06 1.08352e+06
20000 0.060202 1.36024e+06 1.36024e+06
30000 0.0576716 1.87869e+06 1.87869e+06
40000 0.0600875 2.4008e+06 2.4008e+06
50000 0.0615243 2.92131e+06 2.92131e+06
60000 0.0570089 3.42742e+06 3.42742e+06
70000 0.0566376 3.92179e+06 3.92179e+06
80000 0.0543974 4.39711e+06 4.39711e+06
90000 0.0534064 4.87185e+06 4.87185e+06
100000 0.0523547 5.32484e+06 5.32484e+06
150000 0.0473853 7.52143e+06 7.52143e+06
200000 0.0495182 9.69386e+06 9.69386e+06
300000 0.0504026 1.40286e+07 1.40286e+07
400000 0.0487788 1.83647e+07 1.83647e+07
500000 0.0501447 2.26624e+07 2.26624e+07
600000 0.0496168 2.69048e+07 2.69048e+07
700000 0.050634 3.12042e+07 3.12042e+07
800000 0.0499899 3.55215e+07 3.55215e+07
900000 0.0558875 3.99183e+07 3.99183e+07
1000000 0.0532242 4.44288e+07 4.44288e+07
