1006 0
0 879.491 0 0
0 0.993875 8.76512 8.76512
0 0.987991 17.4776 17.4776
0 0.982384 26.139 26.139
0 0.970812 43.3117 43.3117
0 0.960633 60.2929 60.2929
0 0.94571 85.4323 85.4323
0 0.901715 166.617 166.617
0 0.864222 244.207 244.207
0 0.803629 390.577 390.577
0 0.755936 527.54 527.54
1 0.701233 719.294 719.294
2 0.590065 1282.11 1282.11
3 0.528306 1772.01 1772.01
5 0.454188 2631.07 2631.07
7 0.414511 3391.46 3391.46
10 0.375634 4430.42 4430.42
15 0.337037 5987.64 5987.64
20 0.308941 7403.84 7403.84
30 0.279922 9980.72 9980.72
50 0.244052 14554.2 14554.2
70 0.226299 18698.3 18698.3
100 0.20986 24421.9 24421.9
150 0.188626 33175 33175
200 0.176994 41250.8 41250.8
300 0.163532 56127.1 56127.1
500 0.137977 82174.5 82174.5
700 0.126006 105364 105364
1000 0.111729 137003 137003
1500 0.0976423 183492 183492
2000 0.0915511 225680 225680
3000 0.0834606 303534 303534
5000 0.0715868 437985 437985
7000 0.0677787 562672 562672
10000 0.0648994 740664 740664
15000 0.0592748 1.01857e+06 1.01857e+06
20000 0.058479 1.28931e+06 1.28931e+06
30000 0.0585669 1.79768e+06 1.79768e+06
40000 0.0499222 2.28116e+06 2.28116e+06
50000 0.0521398 2.7235e+06 2.7235e+06
60000 0.0529669 3.17975e+06 3.17975e+06
70000 0.0502926 3.63821e+06 3.63821e+06
80000 0.0504593 4.07279e+06 4.07279e+06
90000 0.0506794 4.52421e+06 4.52421e+06
100000 0.0516358 4.97605e+06 4.97605e+06
150000 0.0456416 7.21994e+06 7.21994e+06
200000 0.0468332 9.20953e+06 9.20953e+06
300000 0.0424325 1.29892e+07 1.29892e+07
400000 0.040402 1.67465e+07 1.67465e+07
500000 0.0410953 2.03067e+07 2.03067e+07
600000 0.0423488 2.39249e+07 2.39249e+07
700000 0.0433236 2.75554e+07 2.75554e+07
800000 0.036313 3.12005e+07 3.12005e+07
900000 0.0448762 3.48735e+07 3.48735e+07
1000000 0.045523 3.8669e+07 3.8669e+07
