1006 0
0 0.999575 4.10956 4.10956
0 0.990513 8.18185 8.18185
0 0.981685 12.2179 12.2179
0 0.964703 20.1847 20.1847
0 0.948559 28.0171 28.0171
0 0.925798 39.5278 39.5278
0 0.860546 76.0639 76.0639
0 0.812867 106.898 106.898
0 0.735777 167.054 167.054
0 0.67963 222.115 222.115
1 0.61767 299.104 299.104
2 0.505407 515.252 515.252
3 0.447449 700.233 700.233
5 0.384004 1023.7 1023.7
7 0.348185 1308.55 1308.55
10 0.314714 1696.57 1696.57
15 0.281405 2276.96 2276.96
20 0.259916 2805.25 2805.25
30 0.233853 3767.74 3767.74
50 0.203246 5467.23 5467.23
70 0.185092 6984.18 6984.18
100 0.168006 9049.11 9049.11
150 0.150148 12138.7 12138.7
200 0.130486 14894.4 14894.4
300 0.105082 19447.8 19447.8
500 0.0764836 26360.2 26360.2
700 0.0652583 31820.2 31820.2
1000 0.0656502 39626.9 39626.9
1500 0.0475424 51180.3 51180.3
2000 0.0288679 57720.8 57720.8
3000 0.0162147 65618.7 65618.7
5000 0.0229946 87739.1 87739.1
7000 0.0243471 104843 104843
10000 0.0251478 130666 130666
15000 0.029897 190820 190820
20000 0.0262291 239590 239590
30000 0.0162093 302936 302936
40000 0.0157939 366379 366379
