1000 0
0 0.953775 4.60351 4.60351
0 0.944863 9.16401 9.16401
0 0.936567 13.6845 13.6845
0 0.921779 22.6171 22.6171
0 0.909666 31.4294 31.4294
0 0.892731 44.4279 44.4279
0 0.838532 85.9605 85.9605
0 0.80487 121.54 121.54
0 0.742976 192.167 192.167
0 0.6972 258.13 258.13
1 0.649072 352.278 352.278
2 0.557605 626.669 626.669
3 0.513778 872.164 872.164
5 0.466264 1320.1 1320.1
7 0.42673 1726.93 1726.93
10 0.402512 2298.02 2298.02
15 0.367133 3170.81 3170.81
20 0.353994 3991.54 3991.54
30 0.31851 5526.19 5526.19
50 0.290191 8297.9 8297.9
70 0.252665 10807 10807
100 0.220868 14122.1 14122.1
150 0.209234 19141.6 19141.6
200 0.196041 23767 23767
300 0.154736 31935.5 31935.5
500 0.142114 45301.7 45301.7
700 0.124349 57916.6 57916.6
1000 0.106526 74143.8 74143.8
1500 0.0613285 93121.7 93121.7
2000 0.0515837 105446 105446
3000 0.0561785 131933 131933
5000 0.0572561 178345 178345
7000 0.0314005 213777 213777
10000 0.0297238 253588 253588
15000 0.0361575 317622 317622
20000 0.0291986 382037 382037
