1006 0
0 1.0305 4.60439 4.60439
0 1.02176 9.16971 9.16971
0 1.01319 13.6967 13.6967
0 0.998513 22.6533 22.6533
0 0.984402 31.4821 31.4821
0 0.964979 44.5005 44.5005
0 0.902843 86.0583 86.0583
0 0.858143 121.348 121.348
0 0.79034 191.055 191.055
0 0.742993 255.945 255.945
1 0.695793 348.657 348.657
2 0.596453 620.426 620.426
3 0.54686 861.452 861.452
5 0.481628 1300.1 1300.1
7 0.451669 1698.08 1698.08
10 0.429367 2267.9 2267.9
15 0.394527 3147.53 3147.53
20 0.373717 3960.84 3960.84
30 0.337637 5450.68 5450.68
50 0.301067 8204.89 8204.89
70 0.287956 10715.8 10715.8
100 0.271355 14287.7 14287.7
150 0.251178 19788 19788
200 0.236322 25032.5 25032.5
300 0.209772 34363.8 34363.8
500 0.157683 49623.4 49623.4
700 0.14367 62190.8 62190.8
1000 0.119596 77986.4 77986.4
1500 0.101804 100714 100714
2000 0.08493 121111 121111
3000 0.126388 169252 169252
5000 0.111304 265762 265762
7000 0.0968728 353565 353565
10000 0.078818 472823 472823
15000 0.060433 673382 673382
20000 0.0409805 887748 887748
