1008 0
0 1.00064 4.66583 4.66583
0 0.991232 9.2878 9.2878
0 0.982903 13.8709 13.8709
0 0.968293 22.9348 22.9348
0 0.953363 31.8595 31.8595
0 0.93229 44.9911 44.9911
0 0.882866 87.1466 87.1466
0 0.845293 123.271 123.271
0 0.773902 194.828 194.828
0 0.730599 261.302 261.302
1 0.677371 356.383 356.383
2 0.58736 634.97 634.97
3 0.542946 884.799 884.799
5 0.486926 1342.69 1342.69
7 0.468066 1768.92 1768.92
10 0.425974 2361.19 2361.19
15 0.379138 3264.74 3264.74
20 0.374201 4108.08 4108.08
30 0.350448 5702.58 5702.58
50 0.312068 8612.23 8612.23
70 0.27705 11211.4 11211.4
100 0.258182 14855.3 14855.3
150 0.223371 19981.3 19981.3
200 0.20033 24744.5 24744.5
300 0.186211 33065.3 33065.3
500 0.163552 47754.1 47754.1
700 0.161815 61170.6 61170.6
1000 0.149347 82928.4 82928.4
1500 0.118697 112717 112717
2000 0.10622 138112 138112
3000 0.0984379 183378 183378
5000 0.093212 272860 272860
7000 0.063248 330000 330000
10000 0.0688825 422905 422905
15000 0.0634074 560597 560597
20000 0.0708301 712066 712066
