1002 0
0 21.3083 0 0
0 0.991063 0.211834 0.211834
0 0.984336 0.422222 0.422222
0 0.977722 0.63119 0.63119
0 0.964833 1.04496 1.04496
0 0.95236 1.45334 1.45334
0 0.934428 2.05616 2.05616
0 0.880612 3.98782 3.98782
0 0.834568 5.81351 5.81351
0 0.75958 9.20224 9.20224
0 0.70111 12.3094 12.3094
1 0.633235 16.5633 16.5633
2 0.494567 28.4077 28.4077
3 0.419011 38.0732 38.0732
5 0.334943 53.9337 53.9337
7 0.287021 67.1134 67.1134
10 0.242625 83.9222 83.9222
15 0.198127 107.185 107.185
20 0.170805 126.738 126.738
30 0.137069 159.216 159.216
50 0.10031 208.853 208.853
70 0.0797581 246.888 246.888
100 0.0616319 291.595 291.595
150 0.0450396 347.485 347.485
200 0.0357077 390.173 390.173
300 0.0234815 451.986 451.986
500 0.0115892 522.61 522.61
700 0.00592644 558.398 558.398
1000 0.00193029 581.94 581.94
1500 -0.000600297 587.518 586.22
2000 -0.00146306 587.518 574.591
3000 -0.00196492 587.518 536.543
5000 -0.00207765 587.518 449.314
7000 -0.00208244 587.518 360.621
10000 -0.00208265 587.518 227.491
15000 -0.00208265 587.518 5.6008
20000 -0.00208265 587.518 -216.288
30000 -0.00208265 587.518 -660.064
40000 -0.00208265 587.518 -1103.84
50000 -0.00208265 587.518 -1547.62
60000 -0.00208265 587.518 -1991.39
70000 -0.00208265 587.518 -2435.17
80000 -0.00208265 587.518 -2878.95
90000 -0.00208265 587.518 -3322.72
100000 -0.00208265 587.518 -3766.5
150000 -0.00208265 587.518 -5985.39
200000 -0.00208265 587.518 -8204.27
300000 -0.00208265 587.518 -12642
400000 -0.00208265 587.518 -17079.8
500000 -0.00208265 587.518 -21517.6
600000 -0.00208265 587.518 -25955.4
700000 -0.00208265 587.518 -30393.1
800000 -0.00208265 587.518 -34830.9
900000 -0.00208265 587.518 -39268.7
1000000 -0.00208265 587.518 -43706.4
