1006 0
0 26.5638 0 0
0 1.01077 0.269318 0.269318
0 1.00401 0.536827 0.536827
0 0.997384 0.80256 0.80256
0 0.984496 1.32883 1.32883
0 0.972037 1.84838 1.84838
0 0.954061 2.61555 2.61555
0 0.899923 5.07545 5.07545
0 0.853386 7.402 7.402
0 0.778004 11.7256 11.7256
0 0.719354 15.6964 15.6964
1 0.652049 21.1462 21.1462
2 0.517311 36.468 36.468
3 0.443354 49.1416 49.1416
5 0.361489 70.2892 70.2892
7 0.313703 88.1305 88.1305
10 0.26898 111.199 111.199
15 0.224787 143.718 143.718
20 0.197407 171.646 171.646
30 0.162828 219.111 219.111
50 0.12416 294.309 294.309
70 0.101706 353.838 353.838
100 0.0810222 426.146 426.146
150 0.0614321 519.4 519.4
200 0.0490878 592.02 592.02
300 0.0370995 704.853 704.853
500 0.0269339 869.445 869.445
700 0.0223463 997.909 997.909
1000 0.0196 1162.05 1162.05
1500 0.0185012 1414.35 1414.35
2000 0.0180106 1656.48 1656.48
3000 0.0177076 2129.65 2129.65
5000 0.0176507 3068.14 3068.14
7000 0.0176484 4005.8 4005.8
10000 0.0176483 5412.23 5412.23
15000 0.0176483 7756.28 7756.28
20000 0.0176483 10100.3 10100.3
30000 0.0176483 14788.4 14788.4
40000 0.0176483 19476.5 19476.5
50000 0.0176483 24164.5 24164.5
60000 0.0176483 28852.6 28852.6
70000 0.0176483 33540.7 33540.7
80000 0.0176483 38228.8 38228.8
90000 0.0176483 42916.8 42916.8
100000 0.0176483 47604.9 47604.9
150000 0.0176483 71045.2 71045.2
200000 0.0176483 94485.6 94485.6
300000 0.0176483 141366 141366
400000 0.0176483 188247 188247
500000 0.0176483 235128 235128
600000 0.0176483 282008 282008
700000 0.0176483 328889 328889
800000 0.0176483 375770 375770
900000 0.0176483 422650 422650
1000000 0.0176483 469531 469531
1500000 0.0176483 703935 703935
