7003 -3.8 0 797.409
0.0325500 0.9795298 25.7135873 25.7135873 32.5323557
0.0357000 0.9773539 28.1703614 28.1703614 32.5156062
0.0399000 0.9744745 31.4376008 31.4376008 32.4936187
0.0451500 0.9709082 35.5081679 35.5081679 32.4666748
0.0504000 0.9673774 39.5638942 39.5638942 32.4403140
0.0567000 0.9631881 44.4113880 44.4113880 32.4094249
0.0640500 0.9583654 50.0404057 50.0404057 32.3743752
0.0714000 0.9536120 55.6413908 55.6413908 32.3403454
0.0798000 0.9482617 62.0087009 62.0087009 32.3026476
0.0892500 0.9423462 69.1295100 69.1295100 32.2616861
0.1008000 0.9352627 77.7728812 77.7728812 32.2135898
0.1123500 0.9283381 86.3518141 86.3518141 32.1675278
0.1260000 0.9203467 96.4094095 96.4094095 32.1155404
0.1417500 0.9113799 107.9078773 107.9078773 32.0586146
0.1585500 0.9020986 120.0507801 120.0507801 32.0012183
0.1785000 0.8914463 134.3119397 134.3119397 31.9371265
0.2005500 0.8801169 149.8811044 149.8811044 31.8709326
0.2247000 0.8682116 166.7094642 166.7094642 31.8034449
0.2520000 0.8553539 185.4633244 185.4633244 31.7327610
0.2824500 0.8417206 206.0596058 206.0596058 31.6601026
0.3171000 0.8270409 229.1056083 229.1056083 31.5843341
0.3549000 0.8119637 253.7984603 253.7984603 31.5089257
0.3990000 0.7954851 282.0517580 282.0517580 31.4291265
0.4473000 0.7786758 312.3551148 312.3551148 31.3502996
0.5019000 0.7610501 345.8614047 345.8614047 31.2702611
0.5628000 0.7429312 382.3659984 382.3659984 31.1904539
0.6310500 0.7243246 422.2769492 422.2769492 31.1108194
0.7087500 0.7050416 466.5400623 466.5400623 31.0304992
0.7948500 0.6856821 514.2622135 514.2622135 30.9519596
0.8914500 0.6660838 566.3037956 566.3037956 30.8744348
1.0006500 0.6462047 623.4145301 623.4145301 30.7976493
1.1227651 0.6263892 685.3472286 685.3472286 30.7226704
1.2594751 0.6066680 752.5272478 752.5272478 30.6495570
1.4127226 0.5870846 825.4325040 825.4325040 30.5783674
1.5858151 0.5676010 905.0833688 905.0833688 30.5087304
1.7787526 0.5485323 990.9014005 990.9014005 30.4416545
1.9959451 0.5297445 1084.2306825 1084.2306825 30.3765029
2.2393220 0.5114186 1185.2101944 1185.2101944 30.3135896
2.5125215 0.4935636 1294.6238903 1294.6238903 30.2527542
2.8192921 0.4761845 1413.1756156 1413.1756156 30.1939570
3.1631068 0.4593518 1541.3550684 1541.3550684 30.1372735
3.5483644 0.4430988 1679.9044751 1679.9044751 30.0826387
3.9810846 0.4273892 1830.0129418 1830.0129418 30.0298877
4.4672872 0.4122031 1992.6866536 1992.6866536 29.9789484
5.0118948 0.3976205 2168.4410196 2168.4410196 29.9298535
5.6245099 0.3835668 2359.1506105 2359.1506105 29.8822998
6.3098094 0.3701516 2564.9881998 2564.9881998 29.8364249
7.0803644 0.3572339 2788.3478039 2788.3478039 29.7918530
7.9440561 0.3448808 3030.0067862 3030.0067862 29.7485798
8.9125633 0.3330544 3291.6636152 3291.6636152 29.7064741
10.0014481 0.3216446 3575.7633350 3575.7633350 29.6653154
11.2210876 0.3106849 3883.1077715 3883.1077715 29.6251042
12.5894367 0.3001537 4216.2073415 4216.2073415 29.5856353
14.1269504 0.2900036 4577.8160015 4577.8160015 29.5467182
15.8491767 0.2802314 4969.1905695 4969.1905695 29.5084137
17.7840324 0.2708674 5394.1293269 5394.1293269 29.4704221
19.9529062 0.2618919 5854.6179958 5854.6179958 29.4326517
22.3872322 0.2532511 6354.3882446 6354.3882446 29.3947685
25.1199938 0.2449473 6896.9684309 6896.9684309 29.3567068
28.1840786 0.2369506 7485.4172431 7485.4172431 29.3184278
31.6237393 0.2292898 8124.5492863 8124.5492863 29.2796507
35.4826072 0.2218805 8818.3994774 8818.3994774 29.2403890
39.8132470 0.2147544 9572.0000851 9572.0000851 29.2003629
44.6694872 0.2079317 10390.0367471 10390.0367471 29.1593612
50.1205675 0.2014002 11279.2757676 11279.2757676 29.1171491
56.2377471 0.1950605 12245.8354378 12245.8354378 29.0735813
63.0967693 0.1888885 13295.3863006 13295.3863006 29.0279797
70.7954662 0.1829496 14436.2246127 14436.2246127 28.9800644
79.4340106 0.1772417 15676.2380107 15676.2380107 28.9297305
89.1259377 0.1718617 17024.7367678 17024.7367678 28.8764255
100.0026275 0.1664965 18491.4916796 18491.4916796 28.8191407
112.2074471 0.1611954 20085.4115196 20085.4115196 28.7571657
125.8964104 0.1560255 21816.2402197 21816.2402197 28.6905678
141.2559945 0.1509936 23695.4831240 23695.4831240 28.6195969
158.4947918 0.1460553 25736.4305146 25736.4305146 28.5426030
177.8326602 0.1412496 27950.7208325 27950.7208325 28.4596238
199.5344894 0.1364935 30353.0759408 30353.0759408 28.3713937
223.8731455 0.1319333 32956.7154768 32956.7154768 28.2768541
251.1895596 0.1275495 35781.2233452 35781.2233452 28.1785106
281.8404883 0.1232447 38846.1827681 38846.1827681 28.0738666
316.2378815 0.1190692 42166.5940632 42166.5940632 27.9593216
354.8252370 0.1154901 45772.4179833 45772.4179833 27.8325409
398.1250863 0.1120785 49700.8707573 49700.8707573 27.6872974
446.6934609 0.1087240 53972.0999740 53972.0999740 27.5257745
501.1903976 0.1054489 58627.0948345 58627.0948345 27.3655912
562.3470481 0.1015855 63675.2077794 63675.2077794 27.1923565
630.9576992 0.0977795 69121.0607350 69121.0607350 27.0036675
707.9626349 0.0947562 75031.1790843 75031.1790843 26.7946358
794.3311114 0.0916762 81440.0273900 81440.0273900 26.5752267
891.2901875 0.0883805 88398.5881801 88398.5881801 26.3272623
1000.0152949 0.0854617 95924.7971785 95924.7971785 26.0571586
1122.0453570 0.0812430 104050.3120071 104050.3120071 25.7913247
1258.9519017 0.0759414 112616.3540576 112616.3540576 25.5116509
1412.6025846 0.0702425 121569.9325217 121569.9325217 25.1851395
1584.9192513 0.0670971 131033.2146314 131033.2146314 24.8874182
1778.3297629 0.0642719 141150.6305340 141150.6305340 24.5736133
1995.3396487 0.0625793 152084.0667577 152084.0667577 24.2463049
2238.7495208 0.0615339 164149.2325381 164149.2325381 23.9386184
2511.9332487 0.0550946 176895.7657430 176895.7657430 23.5978465
2818.4067961 0.0538438 190097.1832703 190097.1832703 23.2459800
3162.3160538 0.0523230 204711.0620696 204711.0620696 22.8724810
3548.2246552 0.0520720 220616.8318148 220616.8318148 22.5063605
3981.0824729 0.0503174 238303.9186851 238303.9186851 22.1558764
4466.8445267 0.0479228 257195.4445727 257195.4445727 21.7542893
5011.9508737 0.0468453 278035.7295612 278035.7295612 21.3414054
5623.4686414 0.0441608 300412.1919666 300412.1919666 20.9030451
6309.6060499 0.0404316 323583.4293910 323583.4293910 20.5239614
7079.5178905 0.0344900 347356.2522351 347356.2522351 20.1335119
7943.3360745 0.0292106 368996.3655098 368996.3655098 19.7234149
8912.5538779 0.0302214 392006.6202409 392006.6202409 19.2978010
10000.0576380 0.0269214 415675.7947648 415675.7947648 18.9453033
11220.2837932 0.0229237 439814.4663343 439814.4663343 18.5859517
12589.2832138 0.0201925 463955.3992724 463955.3992724 18.2046785
14125.4898594 0.0208713 489418.7257212 489418.7257212 17.8261828
15849.0266991 0.0159581 513373.1592733 513373.1592733 17.3992896
17782.8284773 0.0167377 538259.6515202 538259.6515202 17.0736585
19952.6405589 0.0138531 564249.3429996 564249.3429996 16.7269826
22387.3110130 0.0129491 590482.7053591 590482.7053591 16.5097564
25118.9399788 0.0113381 615216.4808157 615216.4808157 16.2123286
28183.8378200 0.0101200 641071.5339274 641071.5339274 15.9000033
31622.8492882 0.0103926 674552.5159860 674552.5159860 15.6171715
35481.3448326 0.0139283 709140.5721525 709140.5721525 15.2843665
39810.8123001 0.0146290 759181.6176998 759181.6176998 15.0292096
44668.4408210 0.0099139 806514.8663785 806514.8663785 14.7219894
50118.8218320 0.0118603 852035.4726894 852035.4726894 14.3903450
56234.1823694 0.0126226 916177.5800155 916177.5800155 14.1192371
63095.8439737 0.0129817 990117.4801670 990117.4801670 13.9367622
70794.7386130 0.0094072 1054302.8383144 1054302.8383144 13.6323703
79432.9897122 0.0101113 1126114.8233243 1126114.8233243 13.3489428
89125.2011949 0.0125245 1206478.2039456 1206478.2039456 13.1520047
100000.1496297 0.0137641 1338066.3718207 1338066.3718207 12.8656612
112201.9339986 0.0165492 1485064.0083299 1485064.0083299 12.6974834
125892.6936390 0.0172148 1658126.2183528 1658126.2183528 12.5755203
141253.8311154 0.0147229 1852928.1832259 1852928.1832259 12.4536338
