1001 0
0 75.549 0 0
0 0.994448 0.753174 0.753174
0 0.989006 1.5022 1.5022
0 0.983667 2.24716 2.24716
0 0.973276 3.72517 3.72517
0 0.963259 5.18779 5.18779
0 0.948906 7.35403 7.35403
0 0.906217 14.3554 14.3554
0 0.870029 21.0601 21.0601
0 0.812175 33.7461 33.7461
0 0.767435 45.665 45.665
1 0.715778 62.4433 62.4433
2 0.609902 112.069 112.069
3 0.549244 155.68 155.68
5 0.479609 232.842 232.842
7 0.438919 302.009 302.009
10 0.40082 396.816 396.816
15 0.363391 540.488 540.488
20 0.340221 673.091 673.091
30 0.311977 918.457 918.457
50 0.28167 1364.34 1364.34
70 0.264534 1776.04 1776.04
100 0.248065 2355.51 2355.51
150 0.230498 3256.99 3256.99
200 0.219081 4104.57 4104.57
300 0.205865 5704.65 5704.65
500 0.193567 8712.07 8712.07
700 0.185536 11571.7 11571.7
1000 0.17758 15684.5 15684.5
1500 0.169413 22217.9 22217.9
2000 0.164263 28520.9 28520.9
3000 0.153447 40539 40539
5000 0.134532 62252.2 62252.2
7000 0.137703 82706.4 82706.4
10000 0.127494 112508 112508
15000 0.125779 160468 160468
20000 0.126104 208190 208190
30000 0.117068 301176 301176
40000 0.117201 391452 391452
50000 0.117036 479907 479907
60000 0.117037 568327 568327
70000 0.117038 656748 656748
80000 0.117038 745169 745169
90000 0.117038 833590 833590
100000 0.117038 922010 922010
150000 0.117038 1.36412e+06 1.36412e+06
200000 0.117038 1.80622e+06 1.80622e+06
300000 0.117038 2.69043e+06 2.69043e+06
400000 0.117035 3.57464e+06 3.57464e+06
500000 0.117161 4.45897e+06 4.45897e+06
600000 0.116107 5.34485e+06 5.34485e+06
700000 0.115622 6.22992e+06 6.22992e+06
800000 0.104471 7.02184e+06 7.02184e+06
900000 0.103526 7.81913e+06 7.81913e+06
1000000 0.0946636 8.54463e+06 8.54463e+06
1500000 0.0351642 1.16635e+07 1.16635e+07
