1004 0
0 73.7405 0 0
0 0.994117 0.735012 0.735012
0 0.988335 1.46573 1.46573
0 0.982652 2.19222 2.19222
0 0.971592 3.63283 3.63283
0 0.960921 5.05744 5.05744
0 0.945655 7.1656 7.1656
0 0.900319 13.9652 13.9652
0 0.862127 20.4581 20.4581
0 0.801089 32.6991 32.6991
0 0.754234 44.1524 44.1524
1 0.700707 60.2137 60.2137
2 0.592887 107.447 107.447
3 0.532467 148.764 148.764
5 0.463165 221.636 221.636
7 0.422896 286.753 286.753
10 0.385267 375.803 375.803
15 0.348368 510.409 510.409
20 0.325578 634.37 634.37
30 0.297282 863.047 863.047
50 0.267056 1276.55 1276.55
70 0.249582 1656.64 1656.64
100 0.233052 2188.99 2188.99
150 0.216206 3014.61 3014.61
200 0.205677 3791.13 3791.13
300 0.191899 5252.47 5252.47
500 0.177367 7963.03 7963.03
700 0.170434 10523.9 10523.9
1000 0.160553 14182.5 14182.5
1500 0.151081 19908.7 19908.7
2000 0.144062 25355 25355
3000 0.135312 35550.6 35550.6
5000 0.129381 55184.6 55184.6
7000 0.121994 73514.8 73514.8
10000 0.117691 100111 100111
15000 0.116226 143439 143439
20000 0.104877 184145 184145
30000 0.101282 256705 256705
40000 0.0956481 330415 330415
50000 0.0793517 396524 396524
60000 0.0755182 453304 453304
70000 0.0746648 508559 508559
80000 0.0749541 563697 563697
90000 0.0749428 618964 618964
100000 0.0749414 674226 674226
150000 0.0749415 950538 950538
200000 0.0749415 1.22685e+06 1.22685e+06
300000 0.0749415 1.77947e+06 1.77947e+06
400000 0.0749544 2.33209e+06 2.33209e+06
500000 0.0751963 2.88454e+06 2.88454e+06
600000 0.073361 3.43596e+06 3.43596e+06
700000 0.0743678 3.98933e+06 3.98933e+06
800000 0.0722373 4.55741e+06 4.55741e+06
900000 0.0786734 5.09819e+06 5.09819e+06
1000000 0.0819828 5.67494e+06 5.67494e+06
1500000 0.0491121 8.27422e+06 8.27422e+06
