1005 0
0 75.7451 0 0
0 0.994367 0.755097 0.755097
0 0.988832 1.50597 1.50597
0 0.983406 2.25269 2.25269
0 0.972871 3.73403 3.73403
0 0.962743 5.19973 5.19973
0 0.948257 7.37026 7.37026
0 0.905404 14.3841 14.3841
0 0.869249 21.1 21.1
0 0.811507 33.8077 33.8077
0 0.767056 45.7497 45.7497
1 0.716049 62.5697 62.5697
2 0.612279 112.43 112.43
3 0.553479 156.404 156.404
5 0.486209 234.609 234.609
7 0.44702 305.084 305.084
10 0.409661 402.079 402.079
15 0.372932 549.597 549.597
20 0.35043 686.3 686.3
30 0.322497 940.119 940.119
50 0.293518 1404.16 1404.16
70 0.276779 1835.21 1835.21
100 0.260445 2444.18 2444.18
150 0.244203 3396.82 3396.82
200 0.233701 4300.53 4300.53
300 0.218889 6012.01 6012.01
500 0.195129 9140.8 9140.8
700 0.184866 12005.1 12005.1
1000 0.181214 16156.6 16156.6
1500 0.169967 22829.7 22829.7
2000 0.157095 29003.3 29003.3
3000 0.14242 40298.9 40298.9
5000 0.140175 61374.9 61374.9
7000 0.133895 82001 82001
10000 0.134813 112769 112769
15000 0.133986 163503 163503
20000 0.133002 214096 214096
30000 0.130859 314385 314385
40000 0.12826 411725 411725
50000 0.12828 508886 508886
60000 0.128281 606052 606052
70000 0.128281 703218 703218
80000 0.128281 800386 800386
90000 0.128281 897551 897551
100000 0.128281 994718 994718
150000 0.128281 1.48055e+06 1.48055e+06
200000 0.128281 1.96638e+06 1.96638e+06
300000 0.128281 2.93805e+06 2.93805e+06
400000 0.128281 3.90971e+06 3.90971e+06
500000 0.128556 4.88129e+06 4.88129e+06
600000 0.130948 5.85724e+06 5.85724e+06
700000 0.129923 6.83935e+06 6.83935e+06
800000 0.123924 7.78111e+06 7.78111e+06
900000 0.112738 8.7292e+06 8.7292e+06
1000000 0.085284 9.54181e+06 9.54181e+06
1500000 0.0504489 1.22696e+07 1.22696e+07
