1007 0
0 77.3528 0 0
0 0.994521 0.771189 0.771189
0 0.989156 1.53819 1.53819
0 0.983899 2.30109 2.30109
0 0.973684 3.81489 3.81489
0 0.96385 5.31319 5.31319
0 0.949804 7.53289 7.53289
0 0.908261 14.7128 14.7128
0 0.873306 21.5981 21.5981
0 0.817832 34.6567 34.6567
0 0.775326 46.9653 46.9653
1 0.726519 64.3617 64.3617
2 0.626623 116.262 116.262
3 0.569854 162.365 162.365
5 0.504564 244.939 244.939
7 0.466204 319.816 319.816
10 0.430084 423.475 423.475
15 0.394051 582.212 582.212
20 0.371226 729.924 729.924
30 0.342434 1004.93 1004.93
50 0.311635 1508.21 1508.21
70 0.293913 1975.53 1975.53
100 0.27736 2636.96 2636.96
150 0.260226 3674.07 3674.07
200 0.248059 4655.77 4655.77
300 0.233846 6514.18 6514.18
500 0.21778 9994.96 9994.96
700 0.204384 13268.9 13268.9
1000 0.190689 17826.5 17826.5
1500 0.178322 24966.7 24966.7
2000 0.166897 31624.1 31624.1
3000 0.150181 43811 43811
5000 0.142409 66460.8 66460.8
7000 0.130953 87351.2 87351.2
10000 0.123925 116694 116694
15000 0.108074 162432 162432
20000 0.0972279 200480 200480
30000 0.0981676 276968 276968
40000 0.0980669 352869 352869
50000 0.0980175 428703 428703
60000 0.0980108 504519 504519
70000 0.0980101 580333 580333
80000 0.0980101 656147 656147
90000 0.0980101 731960 731960
100000 0.0980101 807773 807773
150000 0.0980101 1.18684e+06 1.18684e+06
200000 0.0980101 1.56591e+06 1.56591e+06
300000 0.0980101 2.32404e+06 2.32404e+06
400000 0.0980101 3.08218e+06 3.08218e+06
500000 0.0977102 3.84068e+06 3.84068e+06
600000 0.0959977 4.60695e+06 4.60695e+06
700000 0.0921513 5.32255e+06 5.32255e+06
800000 0.0856442 6.00736e+06 6.00736e+06
900000 0.0659039 6.58328e+06 6.58328e+06
1000000 0.0722471 7.12701e+06 7.12701e+06
1500000 0.0689071 9.94567e+06 9.94567e+06
