6002 -3.74 0 994.203
0.0325500 0.9637715 31.5982935 31.5982935 302.9415746
0.0357000 0.9617899 34.6125585 34.6125585 303.0308400
0.0399000 0.9585317 38.6197546 38.6197546 303.1362488
0.0451500 0.9551131 43.6119739 43.6119739 303.2758793
0.0504000 0.9511824 48.5851283 48.5851283 303.4143798
0.0567000 0.9468052 54.5274175 54.5274175 303.5651068
0.0640500 0.9419851 61.4251552 61.4251552 303.7254054
0.0714000 0.9371396 68.2892793 68.2892793 303.8767788
0.0798000 0.9314316 76.0864704 76.0864704 304.0588400
0.0892500 0.9250195 84.8036084 84.8036084 304.2318577
0.1008000 0.9180036 95.3833929 95.3833929 304.4512478
0.1123500 0.9110162 105.8799337 105.8799337 304.6326990
0.1260000 0.9040467 118.1877852 118.1877852 304.8439080
0.1417500 0.8957956 132.2774869 132.2774869 305.0490198
0.1585500 0.8871390 147.1634894 147.1634894 305.2658667
0.1785000 0.8781808 164.6593530 164.6593530 305.4862628
0.2005500 0.8663604 183.7738831 183.7738831 305.6962012
0.2247000 0.8561164 204.4551915 204.4551915 305.8681036
0.2520000 0.8443869 227.5352872 227.5352872 306.0147208
0.2824500 0.8326249 252.9102676 252.9102676 306.2105029
0.3171000 0.8208746 281.3908257 281.3908257 306.3896475
0.3549000 0.8083180 311.9913957 311.9913957 306.5757619
0.3990000 0.7943110 347.1219640 347.1219640 306.7542359
0.4473000 0.7794535 384.9042308 384.9042308 306.8723129
0.5019000 0.7664774 426.8449750 426.8449750 307.0015192
0.5628000 0.7498920 472.7687827 472.7687827 307.1374377
0.6310500 0.7345219 523.1294641 523.1294641 307.2070652
0.7087500 0.7193132 579.2587620 579.2587620 307.2839939
0.7948500 0.7025286 640.0963912 640.0963912 307.3750033
0.8914500 0.6848277 706.7853491 706.7853491 307.4627725
1.0006500 0.6672142 780.1306798 780.1306798 307.5268773
1.1227651 0.6492632 860.0976669 860.0976669 307.5837694
1.2594751 0.6329088 947.1136136 947.1136136 307.6313431
1.4127226 0.6195560 1042.4816214 1042.4816214 307.7234900
1.5858151 0.6045679 1147.8167825 1147.8167825 307.6800109
1.7787526 0.5921678 1262.7268281 1262.7268281 307.7514267
1.9959451 0.5741978 1388.5938383 1388.5938383 307.7354389
2.2393220 0.5573569 1525.6733209 1525.6733209 307.8151346
2.5125215 0.5430276 1674.8936463 1674.8936463 307.8404151
2.8192921 0.5262938 1837.8372385 1837.8372385 307.7915495
3.1631068 0.5138256 2015.6633292 2015.6633292 307.6918763
3.5483644 0.4965906 2209.5591226 2209.5591226 307.7357192
3.9810846 0.4809549 2420.2712577 2420.2712577 307.7679301
4.4672872 0.4680830 2649.3011023 2649.3011023 307.7245397
5.0118948 0.4558482 2899.9090157 2899.9090157 307.7595751
5.6245099 0.4476814 3175.4878335 3175.4878335 307.7638717
6.3098094 0.4347907 3476.0604449 3476.0604449 307.6798231
7.0803644 0.4228548 3805.2105838 3805.2105838 307.7342499
7.9440561 0.4066251 4161.6181233 4161.6181233 307.6782335
8.9125633 0.4033599 4552.2070834 4552.2070834 307.6666551
10.0014481 0.3900395 4979.9981380 4979.9981380 307.7032193
11.2210876 0.3732705 5442.2252461 5442.2252461 307.6809030
12.5894367 0.3715782 5948.2652480 5948.2652480 307.6822549
14.1269504 0.3644857 6509.3385379 6509.3385379 307.6230344
15.8491767 0.3532964 7121.7031275 7121.7031275 307.5855486
17.7840324 0.3480575 7794.4192866 7794.4192866 307.6020361
19.9529062 0.3399721 8533.1663991 8533.1663991 307.5625369
22.3872322 0.3305185 9345.3852916 9345.3852916 307.4942930
25.1199938 0.3302859 10238.4884219 10238.4884219 307.4877538
28.1840786 0.3165041 11223.7421337 11223.7421337 307.3789773
31.6237393 0.3084067 12297.8655810 12297.8655810 307.3586233
35.4826072 0.3067388 13480.6267514 13480.6267514 307.3628067
39.8132470 0.3020019 14795.7786529 14795.7786529 307.4102870
44.6694872 0.2943065 16243.5499369 16243.5499369 307.1966163
50.1205675 0.2912335 17825.3837441 17825.3837441 307.2068766
56.2377471 0.2789954 19549.9094105 19549.9094105 307.1615816
63.0967693 0.2750476 21442.3128969 21442.3128969 307.0558395
70.7954662 0.2630802 23525.4399847 23525.4399847 307.0282036
79.4340106 0.2634643 25801.1752942 25801.1752942 306.8559419
89.1259377 0.2619870 28329.5561665 28329.5561665 306.8588362
100.0026275 0.2564973 31132.4042193 31132.4042193 306.7097470
112.2074471 0.2521128 34208.7328028 34208.7328028 306.6655920
125.8964104 0.2458811 37563.3336778 37563.3336778 306.5275476
141.2559945 0.2432836 41286.6646646 41286.6646646 306.3963923
158.4947918 0.2342781 45338.3662144 45338.3662144 306.2629995
177.8326602 0.2228401 49750.3756527 49750.3756527 306.0632530
199.5344894 0.2182134 54595.9560779 54595.9560779 306.0187996
223.8731455 0.2183173 59907.6161535 59907.6161535 305.8355218
251.1895596 0.2147902 65751.6894164 65751.6894164 305.6711748
281.8404883 0.2103902 72204.6130315 72204.6130315 305.4683822
316.2378815 0.2067143 79300.6724862 79300.6724862 305.2952030
354.8252370 0.1931717 87093.2742504 87093.2742504 305.2167135
398.1250863 0.2010430 95607.4515929 95607.4515929 304.8585904
446.6934609 0.1825931 104808.2425896 104808.2425896 304.5603001
501.1903976 0.1770881 114590.6646419 114590.6646419 304.2398231
562.3470481 0.1659896 125092.3358890 125092.3358890 303.8862791
630.9576992 0.1687022 136593.2600283 136593.2600283 303.4695940
707.9626349 0.1621438 149249.6521677 149249.6521677 303.0068271
794.3311114 0.1527375 162727.6725269 162727.6725269 302.3809286
891.2901875 0.1438706 176887.9288285 176887.9288285 302.0924776
1000.0152949 0.1432058 192482.0994902 192482.0994902 301.5149099
1122.0453570 0.1344415 208822.6799080 208822.6799080 301.0204963
1258.9519017 0.1264946 226385.7686180 226385.7686180 300.6859717
1412.6025846 0.1219512 245216.5125433 245216.5125433 300.2710261
1584.9192513 0.1144336 265497.9166416 265497.9166416 299.6952945
1778.3297629 0.1102308 286958.2618629 286958.2618629 299.2302936
1995.3396487 0.1084178 310833.7215730 310833.7215730 298.9255228
2238.7495208 0.1039477 337299.0474788 337299.0474788 298.5878749
2511.9332487 0.1101839 366795.8898219 366795.8898219 298.0208044
2818.4067961 0.1122791 401061.8470975 401061.8470975 297.4098296
3162.3160538 0.1095769 439573.0630979 439573.0630979 296.3040326
3548.2246552 0.1032360 480225.5301084 480225.5301084 295.1530677
3981.0824729 0.0946438 521052.6025204 521052.6025204 293.8390449
4466.8445267 0.0774085 562095.8609741 562095.8609741 292.9937225
5011.9508737 0.0732348 604933.5526934 604933.5526934 292.3966797
5623.4686414 0.0887749 654978.8689250 654978.8689250 291.9123851
6309.6060499 0.0869955 711071.9910974 711071.9910974 291.3299023
7079.5178905 0.0882104 777374.2842239 777374.2842239 290.4370764
7943.3360745 0.0823862 847769.3523919 847769.3523919 289.5416991
8912.5538779 0.0773815 925940.2487270 925940.2487270 288.9044874
10000.0576380 0.0803738 1013218.3958761 1013218.3958761 288.3558715
11220.2837932 0.0722556 1112762.3859524 1112762.3859524 287.5333673
12589.2832138 0.0883205 1226827.9318131 1226827.9318131 286.6172735
14125.4898594 0.0844432 1363522.5614523 1363522.5614523 285.9244254
15849.0266991 0.0986521 1515625.2612021 1515625.2612021 285.0300563
17782.8284773 0.0939354 1687140.9055942 1687140.9055942 283.9940625
19952.6405589 0.0878836 1873422.8947584 1873422.8947584 283.0595115
22387.3110130 0.0767913 2062296.0395815 2062296.0395815 282.4185167
25118.9399788 0.0770039 2276912.5916694 2276912.5916694 281.7407400
28183.8378200 0.0763672 2508385.9009947 2508385.9009947 281.0835462
31622.8492882 0.0700206 2762554.6264424 2762554.6264424 279.6312860
35481.3448326 0.0517483 3001778.0997341 3001778.0997341 278.6973786
39810.8123001 0.0537871 3238927.7453614 3238927.7453614 277.3261824
44668.4408210 0.0611839 3514098.0309711 3514098.0309711 275.7077599
50118.8218320 0.0587648 3872171.2504809 3872171.2504809 275.1951117
56234.1823694 0.0618693 4250004.6520425 4250004.6520425 274.7462676
63095.8439737 0.0462216 4622773.8814258 4622773.8814258 274.4121936
70794.7386130 0.0518672 5006343.2049016 5006343.2049016 274.4078435
79432.9897122 0.0468958 5399718.5434871 5399718.5434871 274.2987887
89125.2011949 0.0464857 5815893.1790033 5815893.1790033 274.3197260
100000.1496297 0.0409545 6299322.0030914 6299322.0030914 274.0525871
112201.9339986 0.0411851 6806070.6287984 6806070.6287984 274.3228652
125892.6936390 0.0432838 7389729.7824687 7389729.7824687 274.6168654
