6008 -3.74 0 1001.16
0.0325500 0.9639372 31.8172982 31.8172982 302.9974563
0.0357000 0.9618714 34.8530938 34.8530938 303.0878186
0.0399000 0.9588819 38.8898182 38.8898182 303.2109829
0.0451500 0.9552465 43.9183583 43.9183583 303.3589767
0.0504000 0.9511656 48.9259116 48.9259116 303.4851984
0.0567000 0.9462237 54.9073226 54.9073226 303.6345167
0.0640500 0.9409392 61.8480798 61.8480798 303.7845753
0.0714000 0.9360931 68.7511722 68.7511722 303.9398520
0.0798000 0.9302959 76.5949529 76.5949529 304.1042362
0.0892500 0.9246196 85.3658720 85.3658720 304.2949740
0.1008000 0.9183291 96.0150475 96.0150475 304.5104179
0.1123500 0.9119746 106.5925359 106.5925359 304.7036744
0.1260000 0.9041948 118.9980002 118.9980002 304.9044987
0.1417500 0.8950047 133.1725477 133.1725477 305.1387331
0.1585500 0.8873463 148.1560243 148.1560243 305.3572076
0.1785000 0.8766690 165.7626552 165.7626552 305.5523627
0.2005500 0.8650886 184.9837398 184.9837398 305.7571888
0.2247000 0.8540641 205.7639871 205.7639871 305.9688064
0.2520000 0.8441928 228.9690610 228.9690610 306.1677946
0.2824500 0.8323231 254.5265496 254.5265496 306.3526793
0.3171000 0.8188741 283.1378550 283.1378550 306.5060932
0.3549000 0.8054889 313.8655799 313.8655799 306.6811680
0.3990000 0.7905194 349.0862662 349.0862662 306.8604682
0.4473000 0.7749815 386.9355270 386.9355270 306.9459403
0.5019000 0.7611315 428.9041940 428.9041940 307.0728586
0.5628000 0.7471180 474.8759310 474.8759310 307.1990767
0.6310500 0.7298332 525.3240654 525.3240654 307.2791572
0.7087500 0.7142854 581.4534913 581.4534913 307.3934203
0.7948500 0.6992387 642.3650339 642.3650339 307.4935104
0.8914500 0.6834459 709.1310200 709.1310200 307.5752358
1.0006500 0.6647491 782.8227390 782.8227390 307.6863329
1.1227651 0.6488305 863.2273892 863.2273892 307.7618330
1.2594751 0.6321754 950.8727473 950.8727473 307.7323202
1.4127226 0.6180625 1046.7372577 1046.7372577 307.6748815
1.5858151 0.6063207 1152.9726351 1152.9726351 307.7251677
1.7787526 0.5888064 1268.3727027 1268.3727027 307.7870217
1.9959451 0.5779427 1395.4078757 1395.4078757 307.7957023
2.2393220 0.5613176 1533.9820507 1533.9820507 307.7933337
2.5125215 0.5440235 1685.2042726 1685.2042726 307.8297385
2.8192921 0.5287698 1850.0536420 1850.0536420 307.8254564
3.1631068 0.5159583 2030.0689160 2030.0689160 307.8782118
3.5483644 0.5016643 2225.5985019 2225.5985019 307.8628388
3.9810846 0.4862600 2439.5612728 2439.5612728 307.8104269
4.4672872 0.4714789 2673.2691591 2673.2691591 307.8067224
5.0118948 0.4604120 2927.5022432 2927.5022432 307.8696942
5.6245099 0.4494040 3206.9983967 3206.9983967 307.8791053
6.3098094 0.4401073 3512.3118682 3512.3118682 307.8221878
7.0803644 0.4265985 3846.4081839 3846.4081839 307.8547642
7.9440561 0.4175289 4211.1710729 4211.1710729 307.7988696
8.9125633 0.4046036 4609.6105310 4609.6105310 307.7684458
10.0014481 0.3910586 5040.4026679 5040.4026679 307.8111421
11.2210876 0.3817289 5508.6174241 5508.6174241 307.8121278
12.5894367 0.3783926 6028.7352524 6028.7352524 307.7545689
14.1269504 0.3692591 6605.3736337 6605.3736337 307.6942919
15.8491767 0.3658930 7235.1936961 7235.1936961 307.6867266
17.7840324 0.3550630 7930.4277270 7930.4277270 307.7189293
19.9529062 0.3484432 8689.8572816 8689.8572816 307.6699179
22.3872322 0.3406971 9524.0272048 9524.0272048 307.6236159
25.1199938 0.3297245 10443.1788564 10443.1788564 307.6386526
28.1840786 0.3285396 11447.0827296 11447.0827296 307.6111704
31.6237393 0.3166108 12550.6185774 12550.6185774 307.5167033
35.4826072 0.3108025 13767.9275664 13767.9275664 307.4614037
39.8132470 0.3067499 15113.2399119 15113.2399119 307.4643866
44.6694872 0.3009712 16591.9933288 16591.9933288 307.5418910
50.1205675 0.2955028 18206.4003771 18206.4003771 307.3748744
56.2377471 0.2851967 19991.1388634 19991.1388634 307.4184817
63.0967693 0.2799881 21971.6453147 21971.6453147 307.2439098
70.7954662 0.2768190 24115.3577262 24115.3577262 307.3310801
79.4340106 0.2704829 26447.4316646 26447.4316646 307.2075264
89.1259377 0.2614484 29018.6187438 29018.6187438 307.2130620
100.0026275 0.2599173 31868.8285446 31868.8285446 307.0398721
112.2074471 0.2494639 35016.7202046 35016.7202046 306.9048420
125.8964104 0.2488220 38448.9076340 38448.9076340 306.7474886
141.2559945 0.2434193 42224.8970446 42224.8970446 306.6557368
158.4947918 0.2374209 46391.1245168 46391.1245168 306.6208173
177.8326602 0.2338043 50983.4302432 50983.4302432 306.5996413
199.5344894 0.2302155 56015.9849064 56015.9849064 306.4121863
223.8731455 0.2198607 61530.5022768 61530.5022768 306.1679686
251.1895596 0.2099968 67556.5889232 67556.5889232 305.8369565
281.8404883 0.2080224 74151.1159061 74151.1159061 305.6298834
316.2378815 0.2096729 81408.8382931 81408.8382931 305.3867266
354.8252370 0.2026397 89385.9015755 89385.9015755 305.0880712
398.1250863 0.1953466 98003.8006929 98003.8006929 304.9007135
446.6934609 0.1830946 107206.3279339 107206.3279339 304.5951173
501.1903976 0.1810862 117184.1334777 117184.1334777 304.1741564
562.3470481 0.1698275 127920.6545239 127920.6545239 303.8341012
630.9576992 0.1752801 139757.1858310 139757.1858310 303.3870808
707.9626349 0.1624261 152620.5209950 152620.5209950 302.9591321
794.3311114 0.1522261 166425.5836939 166425.5836939 302.3942929
891.2901875 0.1568363 181384.0296727 181384.0296727 301.9313219
1000.0152949 0.1471832 197932.5137162 197932.5137162 301.5454344
1122.0453570 0.1347880 215449.0851123 215449.0851123 301.0527625
1258.9519017 0.1259837 233846.4186271 233846.4186271 300.6780416
1412.6025846 0.1219461 253545.4215294 253545.4215294 300.3285829
1584.9192513 0.1203479 274711.1297016 274711.1297016 299.8820887
1778.3297629 0.1134533 297356.0049630 297356.0049630 299.3600089
1995.3396487 0.1064543 320976.1028255 320976.1028255 298.7680150
2238.7495208 0.0953615 345813.7603440 345813.7603440 297.9096106
2511.9332487 0.0923570 371474.2459813 371474.2459813 297.1239020
2818.4067961 0.0882248 398667.6890386 398667.6890386 296.5615672
3162.3160538 0.0775040 427608.8382751 427608.8382751 295.6840576
3548.2246552 0.0802987 459092.6703715 459092.6703715 294.9695196
3981.0824729 0.0906238 495920.4001501 495920.4001501 294.2382216
4466.8445267 0.0860440 538472.2208771 538472.2208771 293.4698789
5011.9508737 0.0860019 585147.7503130 585147.7503130 292.4800950
5623.4686414 0.0807641 637948.6986586 637948.6986586 291.3607921
6309.6060499 0.0855237 695427.5768796 695427.5768796 290.5308302
7079.5178905 0.0649309 754206.2547635 754206.2547635 289.3826415
7943.3360745 0.0604542 810590.4134502 810590.4134502 288.4265659
8912.5538779 0.0607286 871711.3835500 871711.3835500 287.1353699
10000.0576380 0.0568260 937728.8444454 937728.8444454 286.1184001
11220.2837932 0.0591040 1011526.7222637 1011526.7222637 284.8899804
12589.2832138 0.0593056 1091027.9880520 1091027.9880520 282.7145348
14125.4898594 0.0545440 1180081.2056904 1180081.2056904 281.5629798
15849.0266991 0.0565321 1278397.5797250 1278397.5797250 280.5472910
17782.8284773 0.0502553 1386682.6505179 1386682.6505179 279.3755816
19952.6405589 0.0602637 1511918.4832961 1511918.4832961 278.4202238
22387.3110130 0.0518546 1647633.2721349 1647633.2721349 277.8747015
25118.9399788 0.0523784 1789848.5097101 1789848.5097101 277.6557027
28183.8378200 0.0546549 1948605.6799178 1948605.6799178 277.4803522
31622.8492882 0.0606056 2126978.8797498 2126978.8797498 277.4907966
35481.3448326 0.0484686 2333196.1556960 2333196.1556960 277.2403360
39810.8123001 0.0472413 2537588.4965129 2537588.4965129 276.9321002
44668.4408210 0.0481557 2740386.4124343 2740386.4124343 276.6678321
50118.8218320 0.0350252 2935757.8978585 2935757.8978585 275.6720470
56234.1823694 0.0320917 3143745.2984784 3143745.2984784 275.1447985
63095.8439737 0.0308301 3351231.1708878 3351231.1708878 275.0558870
70794.7386130 0.0314507 3597047.0791525 3597047.0791525 274.7690550
79432.9897122 0.0297156 3859679.0703003 3859679.0703003 274.7513548
89125.2011949 0.0256776 4116527.6463754 4116527.6463754 275.0383244
100000.1496297 0.0138099 4340283.4887579 4340283.4887579 274.9531481
112201.9339986 0.0174035 4574341.5101094 4574341.5101094 275.4868292
125892.6936390 0.0089160 4778241.3911892 4778240.4267138 275.8054418
