6013 -3.74 0 959.187
0.0325500 1.0011688 31.6520534 31.6520534 302.9062127
0.0357000 0.9987014 34.6717868 34.6717868 303.0019553
0.0399000 0.9955082 38.6872320 38.6872320 303.1128851
0.0451500 0.9921019 43.6904980 43.6904980 303.2562215
0.0504000 0.9879374 48.6742467 48.6742467 303.3894749
0.0567000 0.9837788 54.6290087 54.6290087 303.5389585
0.0640500 0.9794279 61.5475966 61.5475966 303.7068069
0.0714000 0.9748942 68.4347009 68.4347009 303.8729572
0.0798000 0.9691747 76.2643969 76.2643969 304.0459767
0.0892500 0.9633447 85.0200358 85.0200358 304.2358951
0.1008000 0.9555991 95.6458211 95.6458211 304.4432010
0.1123500 0.9491724 106.1943428 106.1943428 304.6264668
0.1260000 0.9407255 118.5626472 118.5626472 304.8044363
0.1417500 0.9322290 132.7007026 132.7007026 305.0159965
0.1585500 0.9241721 147.6539688 147.6539688 305.2319039
0.1785000 0.9137090 165.2262252 165.2262252 305.4685851
0.2005500 0.9018778 184.4124547 184.4124547 305.6836340
0.2247000 0.8918467 205.1783136 205.1783136 305.8800864
0.2520000 0.8777738 228.3373170 228.3373170 306.0905895
0.2824500 0.8661918 253.7960200 253.7960200 306.2927448
0.3171000 0.8543632 282.3751740 282.3751740 306.5076175
0.3549000 0.8403073 313.0941065 313.0941065 306.6755533
0.3990000 0.8240463 348.3078236 348.3078236 306.7890808
0.4473000 0.8071826 386.0762388 386.0762388 306.8936405
0.5019000 0.7926597 427.9635530 427.9635530 307.0214728
0.5628000 0.7773923 473.8115837 473.8115837 307.1393407
0.6310500 0.7616315 524.1864180 524.1864180 307.2261468
0.7087500 0.7445812 580.2903357 580.2903357 307.3179729
0.7948500 0.7276049 641.0128141 641.0128141 307.4214977
0.8914500 0.7121736 707.5830752 707.5830752 307.4946654
1.0006500 0.6922336 781.1453496 781.1453496 307.6197356
1.1227651 0.6733650 861.1079683 861.1079683 307.6201059
1.2594751 0.6579807 948.4628017 948.4628017 307.6343339
1.4127226 0.6430191 1044.1664139 1044.1664139 307.6657547
1.5858151 0.6289315 1149.7233604 1149.7233604 307.6892953
1.7787526 0.6152589 1264.4064874 1264.4064874 307.7119378
1.9959451 0.5970818 1390.5093409 1390.5093409 307.7176191
2.2393220 0.5811561 1527.7920658 1527.7920658 307.7334860
2.5125215 0.5682577 1678.0996144 1678.0996144 307.7589405
2.8192921 0.5508667 1842.6801334 1842.6801334 307.8360105
3.1631068 0.5309933 2021.9358354 2021.9358354 307.8160028
3.5483644 0.5149997 2215.0482019 2215.0482019 307.8058906
3.9810846 0.4992146 2425.3923867 2425.3923867 307.8083551
4.4672872 0.4895948 2655.7724079 2655.7724079 307.7947158
5.0118948 0.4738068 2907.1890086 2907.1890086 307.7779848
5.6245099 0.4676692 3183.3532262 3183.3532262 307.8061865
6.3098094 0.4566209 3486.7955416 3486.7955416 307.8246706
7.0803644 0.4474073 3819.1936646 3819.1936646 307.7950426
7.9440561 0.4364109 4184.3660606 4184.3660606 307.7643982
8.9125633 0.4251952 4585.8059263 4585.8059263 307.7556231
10.0014481 0.4143041 5023.6442113 5023.6442113 307.7687218
11.2210876 0.4003252 5496.4017812 5496.4017812 307.7310921
12.5894367 0.3919238 6017.4349025 6017.4349025 307.6980372
14.1269504 0.3805634 6586.9734318 6586.9734318 307.6860800
15.8491767 0.3741896 7212.3332917 7212.3332917 307.6852936
17.7840324 0.3647870 7899.2805521 7899.2805521 307.6713833
19.9529062 0.3555163 8644.9630546 8644.9630546 307.6269496
22.3872322 0.3488528 9468.1221016 9468.1221016 307.5433058
25.1199938 0.3443118 10374.9770924 10374.9770924 307.5676359
28.1840786 0.3404401 11384.4833023 11384.4833023 307.6197750
31.6237393 0.3255424 12485.8203535 12485.8203535 307.4979506
35.4826072 0.3205886 13689.4265313 13689.4265313 307.4253885
39.8132470 0.3145686 15015.2516384 15015.2516384 307.4334293
44.6694872 0.3173411 16496.7062339 16496.7062339 307.4210264
50.1205675 0.3020183 18129.0052423 18129.0052423 307.3695142
56.2377471 0.3003109 19919.8654475 19919.8654475 307.3053114
63.0967693 0.2958098 21904.8628750 21904.8628750 307.2429804
70.7954662 0.2874702 24061.9484154 24061.9484154 307.2372989
79.4340106 0.2850182 26414.1695340 26414.1695340 307.1528219
89.1259377 0.2742895 28991.6107411 28991.6107411 307.0527674
100.0026275 0.2640647 31828.6092663 31828.6092663 307.1087004
112.2074471 0.2602838 34927.1623377 34927.1623377 306.9887691
125.8964104 0.2600513 38328.9515945 38328.9515945 306.8443682
141.2559945 0.2579576 42138.2405510 42138.2405510 306.6193444
158.4947918 0.2462425 46360.7838331 46360.7838331 306.6368815
177.8326602 0.2407982 50881.0007037 50881.0007037 306.4395458
199.5344894 0.2413851 55885.1161232 55885.1161232 306.3275951
223.8731455 0.2372841 61362.2947249 61362.2947249 306.1722799
251.1895596 0.2311399 67379.0306260 67379.0306260 305.9966751
281.8404883 0.2319415 74087.5727470 74087.5727470 305.8312743
316.2378815 0.2226143 81374.1000660 81374.1000660 305.4259089
354.8252370 0.2093001 89363.2212278 89363.2212278 305.0861695
398.1250863 0.2046335 98079.0158340 98079.0158340 304.8653891
446.6934609 0.2001406 107633.7327283 107633.7327283 304.6635455
501.1903976 0.1973741 118099.8923428 118099.8923428 304.3625433
562.3470481 0.1968983 129748.8924549 129748.8924549 304.0408960
630.9576992 0.1903999 142616.5624526 142616.5624526 303.6998494
707.9626349 0.1937441 156892.8406588 156892.8406588 303.4911748
794.3311114 0.1925946 172754.7237881 172754.7237881 303.0232381
891.2901875 0.1821124 190446.6923834 190446.6923834 302.7500937
1000.0152949 0.1863455 210076.8736573 210076.8736573 302.2477361
1122.0453570 0.1795602 231455.5296029 231455.5296029 301.6936744
1258.9519017 0.1748673 255319.3100421 255319.3100421 301.2031085
1412.6025846 0.1724265 280324.2274035 280324.2274035 300.6174035
1584.9192513 0.1564199 307376.7218195 307376.7218195 299.9221252
1778.3297629 0.1521582 336929.6973701 336929.6973701 299.4314951
1995.3396487 0.1442872 367629.0174451 367629.0174451 298.9283434
2238.7495208 0.1407454 400734.4593643 400734.4593643 298.2530992
2511.9332487 0.1370366 437513.9863623 437513.9863623 297.2290466
2818.4067961 0.1395320 478066.7201361 478066.7201361 296.3911083
3162.3160538 0.1297662 522656.0367721 522656.0367721 295.0342676
3548.2246552 0.1383405 573449.8795435 573449.8795435 293.3739682
3981.0824729 0.1343964 629207.5055254 629207.5055254 292.4634336
4466.8445267 0.1377281 690654.9444191 690654.9444191 291.2983765
5011.9508737 0.1228925 758765.6901663 758765.6901663 290.2001103
5623.4686414 0.1317668 834896.8193189 834896.8193189 289.0392704
6309.6060499 0.1248161 919049.5071740 919049.5071740 288.2245225
7079.5178905 0.1190104 1012425.3653713 1012425.3653713 287.5034718
7943.3360745 0.1187006 1111824.3994766 1111824.3994766 286.9085713
8912.5538779 0.1171197 1219594.9179280 1219594.9179280 286.1049915
10000.0576380 0.1042480 1337313.3289668 1337313.3289668 285.1361612
11220.2837932 0.1050164 1462132.1218652 1462132.1218652 284.4684162
12589.2832138 0.1061988 1599552.0459615 1599552.0459615 283.7037572
14125.4898594 0.1086550 1755995.9290068 1755995.9290068 283.1314645
15849.0266991 0.0975831 1928306.1091534 1928306.1091534 282.8518143
17782.8284773 0.0930747 2103343.0318818 2103343.0318818 282.1751035
19952.6405589 0.0901267 2296665.3435826 2296665.3435826 281.0756956
22387.3110130 0.0838667 2510436.9718739 2510436.9718739 280.5887294
25118.9399788 0.0919364 2752593.7648107 2752593.7648107 279.2222416
28183.8378200 0.1082221 3048877.0797187 3048877.0797187 278.3764119
31622.8492882 0.1066277 3398393.0147920 3398393.0147920 277.2506341
35481.3448326 0.1043305 3779278.9467902 3779278.9467902 276.8250091
39810.8123001 0.0895669 4187528.4548451 4187528.4548451 276.2137394
44668.4408210 0.0915828 4606329.1446737 4606329.1446737 275.3677898
50118.8218320 0.0906786 5078999.1662675 5078999.1662675 274.8983557
56234.1823694 0.0840680 5619718.6707192 5619718.6707192 274.4164984
63095.8439737 0.0702200 6115358.0939866 6115358.0939866 272.3225575
70794.7386130 0.0661715 6627438.7895929 6627438.7895929 271.8161827
79432.9897122 0.0569566 7149992.6603923 7149992.6603923 271.0015092
89125.2011949 0.0579102 7705498.3454447 7705498.3454447 270.9438385
100000.1496297 0.0598652 8351420.4592539 8351420.4592539 270.7692609
112201.9339986 0.0669601 9130059.6958643 9130059.6958643 271.0170510
125892.6936390 0.0692621 10032399.2770512 10032399.2770512 271.3915520
