1005 0
0 874.904 0 0
0 0.994686 8.72319 8.72319
0 0.989417 17.4004 17.4004
0 0.984507 26.0329 26.0329
0 0.9742 43.1649 43.1649
0 0.964084 60.1188 60.1188
0 0.948747 85.2109 85.2109
0 0.899295 166.054 166.054
0 0.85168 242.606 242.606
0 0.762845 383.628 383.628
0 0.690211 510.52 510.52
1 0.60344 679.647 679.647
2 0.445979 1129.33 1129.33
3 0.372745 1481.93 1481.93
5 0.327473 2081.85 2081.85
7 0.286257 2620.01 2620.01
10 0.254103 3319.14 3319.14
15 0.234052 4402.65 4402.65
20 0.199854 5333.32 5333.32
30 0.174548 6951.85 6951.85
50 0.162183 9921.18 9921.18
70 0.131417 12357.7 12357.7
100 0.122013 15462.8 15462.8
150 0.103864 20278.8 20278.8
200 0.0952498 24729.6 24729.6
300 0.0699216 31939.9 31939.9
500 0.072669 43282.8 43282.8
700 0.0536249 51679.8 51679.8
1000 0.0412597 61084.3 61084.3
1500 0.0172957 72412.3 72407.3
2000 0.0246912 80514 80457.7
3000 0.0122264 94769.1 94372.9
5000 -0.0155915 114153 112102
7000 0.00551114 132215 127931
10000 0.015045 152852 142671
15000 -0.00686885 192979 176369
20000 -0.0155419 211137 172109
30000 -0.0197435 218207 67429.7
40000 -0.00303548 232967 -11045.1
50000 0.00861518 266462 -21154.1
60000 -0.00540645 294255 -46760.3
70000 0.0199864 337161 -36418.1
80000 -0.000361082 390337 -8661.89
90000 -0.00862804 429139 -10293.4
100000 -0.00500533 455111 -40550.4
150000 -0.00459139 554592 -289555
200000 0.00928068 730384 -324374
300000 0.00309673 920916 -880798
400000 -0.0234094 1.15521e+06 -1.2781e+06
500000 -0.000186698 1.39073e+06 -1.63392e+06
600000 0.0091578 1.59756e+06 -2.11486e+06
700000 0.0125161 1.79758e+06 -2.62457e+06
800000 -0.00657742 2.07823e+06 -2.90493e+06
