1006 0
0 880.378 0 0
0 0.994742 8.77803 8.77803
0 0.989572 17.5104 17.5104
0 0.984521 26.1972 26.1972
0 0.974567 43.4401 43.4401
0 0.964647 60.5075 60.5075
0 0.950229 85.7885 85.7885
0 0.902533 167.311 167.311
0 0.855309 244.659 244.659
0 0.769681 387.513 387.513
0 0.697957 516.488 516.488
1 0.615654 689.394 689.394
2 0.463129 1154.29 1154.29
3 0.390821 1526.23 1526.23
5 0.335322 2169.68 2169.68
7 0.292071 2713.38 2713.38
10 0.27105 3449.86 3449.86
15 0.24566 4588.36 4588.36
20 0.223938 5617.8 5617.8
30 0.208745 7562.9 7562.9
50 0.176847 10796.1 10796.1
70 0.159776 13875 13875
100 0.148133 17816.9 17816.9
150 0.115456 23803.7 23803.7
200 0.118169 28654.6 28654.6
300 0.117417 38536 38536
500 0.0949668 54599.5 54599.5
700 0.0797166 69052 69052
1000 0.0491458 85257.6 85257.6
1500 0.0249456 107054 107054
2000 0.030761 122144 122144
3000 0.0192431 149618 149614
5000 0.0266684 199710 199701
7000 0.00960325 240411 240342
10000 0.0217396 286066 285280
15000 -0.00566064 346853 341465
20000 0.032528 433882 427307
30000 0.0110042 593319 583550
40000 0.0142551 756455 744957
50000 0.00254616 915128 901389
60000 0.0233753 1.09261e+06 1.07742e+06
70000 0.0354132 1.26868e+06 1.25239e+06
80000 -0.000170866 1.44455e+06 1.42659e+06
90000 -0.000353147 1.57889e+06 1.5561e+06
100000 0.0242049 1.71398e+06 1.68809e+06
150000 0.00819673 2.26925e+06 2.20458e+06
200000 0.0143915 2.97516e+06 2.88882e+06
300000 0.00515279 3.8776e+06 3.64835e+06
400000 0.0166791 4.86256e+06 4.53051e+06
500000 0.0105225 5.84993e+06 5.42131e+06
600000 0.00496139 7.02507e+06 6.52696e+06
700000 0.0112749 7.83208e+06 7.18171e+06
800000 -0.00833621 8.71212e+06 7.92694e+06
900000 0.0130987 9.8494e+06 8.98404e+06
1000000 0.0128882 1.08168e+07 9.8382e+06
