1001 0
1 0.60969 638.667 638.667
2 0.513722 1118.09 1118.09
3 0.466634 1536.35 1536.35
5 0.391188 2265.93 2265.93
7 0.35826 2909.24 2909.24
10 0.324003 3794.45 3794.45
15 0.287248 5096.1 5096.1
20 0.265169 6272.86 6272.86
30 0.218327 8380.93 8380.93
50 0.203703 12065.3 12065.3
70 0.182651 15476.5 15476.5
100 0.174687 20010.7 20010.7
150 0.1525 26863.3 26863.3
200 0.124448 32723.8 32723.8
300 0.11149 42964.6 42964.6
500 0.0998339 60801.1 60801.1
700 0.0973061 76767.2 76767.2
1000 0.0797723 98143.1 98143.1
1500 0.0639127 127278 127278
2000 0.0587509 156262 156262
3000 0.0519728 201369 201369
5000 0.0398313 265353 265353
7000 0.0282659 318581 318581
10000 0.0188877 393743 393743
15000 0.0122117 493201 493193
20000 0.00394519 550281 549888
30000 0.00865477 658368 657261
40000 0.00878563 762241 759950
50000 0.0235203 855343 851362
60000 0.00671641 955295 950025
70000 0.0087383 1.06465e+06 1.05856e+06
80000 0.00901189 1.15871e+06 1.15093e+06
90000 0.0159957 1.27923e+06 1.27098e+06
100000 0.00368892 1.41552e+06 1.40695e+06
150000 0.00881042 1.89002e+06 1.87368e+06
200000 0.0174311 2.33849e+06 2.3129e+06
300000 -0.000545996 2.8659e+06 2.73576e+06
400000 0.00722281 3.23041e+06 2.95458e+06
500000 -0.00444033 3.5435e+06 3.0847e+06
600000 0.00462839 3.86355e+06 3.22241e+06
700000 0.00326342 4.32368e+06 3.57023e+06
800000 0.00354651 4.79082e+06 3.92408e+06
900000 -9.02829e-05 5.18897e+06 4.1728e+06
1000000 0.00840139 5.53602e+06 4.3058e+06
