1002 0
1 0.60978 639.006 639.006
2 0.508459 1115.79 1115.79
3 0.46412 1533.56 1533.56
5 0.396613 2266.58 2266.58
7 0.360252 2919.37 2919.37
10 0.323151 3805.3 3805.3
15 0.295678 5105.46 5105.46
20 0.271471 6300.38 6300.38
30 0.223132 8489.06 8489.06
50 0.208171 12243.5 12243.5
70 0.188683 15608.7 15608.7
100 0.169063 20295 20295
150 0.158314 27420.9 27420.9
200 0.138547 33889.2 33889.2
300 0.122878 45205.9 45205.9
500 0.117547 65739.2 65739.2
700 0.0981832 83839.8 83839.8
1000 0.0889224 108048 108048
1500 0.0628758 140565 140565
2000 0.0537914 165787 165787
3000 0.0526486 208147 208147
5000 0.0302633 264056 264056
7000 0.0278308 314604 314604
10000 0.046787 397038 397038
15000 0.0306696 528318 528318
20000 0.0322151 640259 640259
30000 0.0306157 875829 875829
40000 0.0328159 1.08027e+06 1.08027e+06
50000 0.0161438 1.2771e+06 1.2771e+06
60000 0.0185989 1.49818e+06 1.49817e+06
70000 0.0121682 1.68291e+06 1.68289e+06
80000 0.0269846 1.88607e+06 1.88604e+06
90000 0.0141951 2.05365e+06 2.05358e+06
100000 0.0130106 2.19225e+06 2.19198e+06
150000 0.00673413 2.74057e+06 2.73565e+06
200000 0.00651739 3.20965e+06 3.19692e+06
300000 0.0191792 4.44027e+06 4.42183e+06
400000 0.0181689 5.49895e+06 5.47046e+06
500000 0.00635299 6.75607e+06 6.72271e+06
600000 0.0192209 7.85129e+06 7.80678e+06
700000 0.0161946 9.14791e+06 9.09876e+06
800000 0.0316702 1.08398e+07 1.079e+07
900000 0.0215 1.24999e+07 1.2449e+07
1000000 0.0020297 1.3995e+07 1.39415e+07
