1014 0
1 0.610499 639.768 639.768
2 0.508941 1115.04 1115.04
3 0.456958 1530.86 1530.86
5 0.384465 2251.88 2251.88
7 0.363129 2883.25 2883.25
10 0.320411 3764.32 3764.32
15 0.293408 5104 5104
20 0.268222 6310.89 6310.89
30 0.241231 8464.64 8464.64
50 0.211982 12286.9 12286.9
70 0.187965 15721.2 15721.2
100 0.163035 20367 20367
150 0.16516 27369.8 27369.8
200 0.140084 33896.9 33896.9
300 0.128894 45870.2 45870.2
500 0.123313 66347.9 66347.9
700 0.10065 84581.3 84581.3
1000 0.083975 107899 107899
1500 0.07414 140257 140257
2000 0.0585062 170119 170119
3000 0.0646044 222793 222793
5000 0.0330914 301540 301540
7000 0.0232742 358642 358642
10000 0.0229591 426909 426908
15000 0.021256 529832 529829
20000 0.0355172 646647 646644
30000 0.0196994 865802 865798
40000 0.0188776 1.04501e+06 1.04493e+06
50000 0.0262105 1.20173e+06 1.20158e+06
60000 0.015775 1.29373e+06 1.29199e+06
70000 0.00736938 1.38238e+06 1.379e+06
80000 -0.000470843 1.44171e+06 1.43239e+06
90000 0.00593743 1.49136e+06 1.47388e+06
100000 0.012228 1.55839e+06 1.53622e+06
150000 0.0139259 2.00983e+06 1.97823e+06
200000 0.0257257 2.51626e+06 2.47734e+06
300000 0.00379381 3.75963e+06 3.7164e+06
400000 0.0335226 4.88597e+06 4.83521e+06
500000 0.00845928 5.96639e+06 5.90428e+06
600000 0.0121991 7.19917e+06 7.13109e+06
700000 0.00380257 8.19921e+06 8.11632e+06
800000 0.0188423 9.2735e+06 9.17892e+06
900000 0.0220915 1.07253e+07 1.06282e+07
1000000 0.0146905 1.18299e+07 1.1718e+07
