1022 0
1 0.599883 638.791 638.791
2 0.505535 1115.15 1115.15
3 0.4555 1531.32 1531.32
5 0.385707 2253.22 2253.22
7 0.360024 2900.59 2900.59
10 0.324768 3785.28 3785.28
15 0.288149 5120.93 5120.93
20 0.261016 6304.49 6304.49
30 0.243199 8459.62 8459.62
50 0.213218 12206.3 12206.3
70 0.187675 15728.1 15728.1
100 0.177868 20637.4 20637.4
150 0.163379 28057.1 28057.1
200 0.154916 34758.3 34758.3
300 0.135336 46515.1 46515.1
500 0.0984897 67235.7 67235.7
700 0.0860021 85329.8 85329.8
1000 0.0817846 107378 107378
1500 0.055089 137795 137795
2000 0.0443714 160644 160644
3000 0.0308917 199034 199034
5000 0.0295298 248714 248714
7000 0.0221214 285126 285124
10000 0.0206731 340630 340625
15000 0.00916973 421750 421716
20000 0.0146964 491862 491759
30000 0.00798387 596291 595182
40000 0.00588277 671035 666497
50000 -0.000559695 741575 733169
60000 -0.00419828 789000 772130
70000 -0.000227033 826134 795427
80000 -0.00694054 862389 816488
90000 -0.0035887 891236 826831
100000 0.00242722 932181 855110
150000 -0.00939717 1.01429e+06 765616
200000 -0.0112312 1.0717e+06 610946
300000 -0.00741929 1.25137e+06 468676
400000 -0.0147871 1.54624e+06 570733
500000 -0.0081388 1.82513e+06 641247
600000 0.00188386 2.11383e+06 692785
700000 0.00560918 2.55226e+06 1.00362e+06
800000 -0.00104967 2.97537e+06 1.29237e+06
900000 0.00806199 3.63039e+06 1.8799e+06
1000000 -0.00806199 3.63039e+06 1.8799e+06
