1023 0
1 0.610172 638.963 638.963
2 0.508109 1115.76 1115.76
3 0.450663 1530.52 1530.52
5 0.390777 2248.26 2248.26
7 0.356182 2894.46 2894.46
10 0.313514 3776.97 3776.97
15 0.278465 5055.97 5055.97
20 0.266316 6209.13 6209.13
30 0.233702 8354.04 8354.04
50 0.211224 12209.8 12209.8
70 0.203362 15670.7 15670.7
100 0.168114 20459.2 20459.2
150 0.153728 27533.8 27533.8
200 0.148009 34129.4 34129.4
300 0.133582 46058.7 46058.7
500 0.106657 66275.3 66275.3
700 0.0980742 83036 83036
1000 0.081623 104632 104632
1500 0.0708285 138410 138410
2000 0.0535115 167023 167023
3000 0.0501586 217684 217684
5000 0.0310322 295035 295035
7000 0.0384793 365254 365254
10000 0.0547357 465271 465271
15000 0.0264228 617319 617319
20000 0.0193208 683124 682819
30000 0.0132469 819227 818655
40000 0.028843 923788 922198
50000 0.0134744 1.05081e+06 1.04889e+06
60000 0.0163934 1.16137e+06 1.15861e+06
70000 0.0280194 1.25695e+06 1.25301e+06
80000 0.0159975 1.33483e+06 1.32847e+06
90000 0.00996877 1.43883e+06 1.43159e+06
100000 0.0145384 1.53529e+06 1.52677e+06
150000 0.00685722 1.9814e+06 1.96365e+06
200000 0.000746778 2.59869e+06 2.57844e+06
300000 0.00748106 3.81243e+06 3.78635e+06
400000 0.0072194 4.88844e+06 4.85172e+06
500000 0.0184927 5.5829e+06 5.49746e+06
600000 0.00769881 6.07591e+06 5.88013e+06
700000 0.00343095 6.93817e+06 6.71748e+06
800000 -0.000989474 7.6524e+06 7.38246e+06
900000 0.0147474 8.55609e+06 8.25527e+06
1000000 0.0122535 9.53614e+06 9.21405e+06
