1024 0
1 0.606969 638.262 638.262
2 0.508548 1114.47 1114.47
3 0.466848 1533.49 1533.49
5 0.403492 2275.45 2275.45
7 0.366158 2941.12 2941.12
10 0.336633 3843.08 3843.08
15 0.292999 5199.64 5199.64
20 0.269131 6399.31 6399.31
30 0.241317 8610.75 8610.75
50 0.209252 12448.6 12448.6
70 0.177219 15872 15872
100 0.17082 20539.7 20539.7
150 0.162282 27666.2 27666.2
200 0.151388 34021.3 34021.3
300 0.131951 46205.5 46205.5
500 0.107462 67434.5 67434.5
700 0.0984153 85653.9 85653.9
1000 0.0917665 111064 111064
1500 0.0780201 147119 147119
2000 0.0719054 180463 180463
3000 0.0620926 232680 232680
5000 0.039606 315013 315013
7000 0.0432457 386242 386242
10000 0.0407697 478405 478405
15000 0.0160732 590937 590932
20000 0.0202235 671295 671263
30000 -0.00348047 786180 785323
40000 0.0105504 830744 819743
50000 -0.000568048 865880 839909
60000 -0.000776101 901803 859645
70000 0.00883419 962549 915083
80000 0.00347952 991649 925302
90000 -0.0149034 1.0018e+06 885624
100000 -0.0117038 1.00457e+06 812980
150000 0.0133031 1.0205e+06 449008
200000 -0.00689249 1.06018e+06 213602
300000 0.00133726 1.24462e+06 85345.2
400000 -0.0140351 1.46997e+06 50191.2
500000 -0.0132708 1.66631e+06 -51528.6
600000 -0.00931333 1.9555e+06 27994.7
700000 0.0123449 2.16517e+06 -52905
800000 0.00931263 2.33059e+06 -243787
900000 0.00133572 2.60808e+06 -199615
1000000 0.00219542 2.87362e+06 -183186
