1001 0
0 76.5193 0 0
0 0.994448 0.762853 0.762853
0 0.988954 1.52148 1.52148
0 0.983541 2.27594 2.27594
0 0.972953 3.77259 3.77259
0 0.962655 5.25327 5.25327
0 0.947771 7.44534 7.44534
0 0.902684 14.5189 14.5189
0 0.864 21.2729 21.2729
0 0.800995 33.99 33.99
0 0.751761 45.8551 45.8551
1 0.695094 62.4277 62.4277
2 0.58019 110.717 110.717
3 0.51515 152.43 152.43
5 0.440816 224.961 224.961
7 0.397995 288.897 288.897
10 0.357826 375.277 375.277
15 0.317925 503.852 503.852
20 0.293343 620.468 620.468
30 0.262989 832.222 832.222
50 0.231332 1207.66 1207.66
70 0.213145 1546.65 1546.65
100 0.19596 2014.85 2014.85
150 0.177234 2725.89 2725.89
200 0.16552 3379.97 3379.97
300 0.151429 4588.23 4588.23
500 0.136743 6782.92 6782.92
700 0.128936 8810.84 8810.84
1000 0.122001 11681.8 11681.8
1500 0.116642 16240.1 16240.1
2000 0.112596 20622 20622
3000 0.10451 28895 28895
5000 0.0928481 43831.2 43831.2
7000 0.0848976 57589.3 57589.3
10000 0.0740766 75397.2 75397.2
15000 0.0713314 103387 103387
20000 0.0692717 130362 130362
30000 0.0688037 182869 182869
40000 0.0676146 234867 234867
50000 0.0674047 286515 286515
60000 0.0672442 338022 338022
70000 0.0671814 389452 389452
80000 0.0671216 440836 440836
90000 0.0670732 492177 492177
100000 0.0670155 543479 543479
150000 0.0670465 799990 799990
200000 0.0670466 1.05651e+06 1.05651e+06
300000 0.0670466 1.56954e+06 1.56954e+06
400000 0.0670466 2.08258e+06 2.08258e+06
500000 0.0670865 2.59562e+06 2.59562e+06
600000 0.0670071 3.10889e+06 3.10889e+06
700000 0.0675482 3.62188e+06 3.62188e+06
800000 0.0685897 4.13347e+06 4.13347e+06
900000 0.0634472 4.6303e+06 4.6303e+06
1000000 0.0490308 5.09977e+06 5.09977e+06
