7003 -3.4 0 797.409
0.0325500 0.9795298 25.7135872 25.7135872 32.5323557
0.0357000 0.9773539 28.1703614 28.1703614 32.5156062
0.0399000 0.9744745 31.4376008 31.4376008 32.4936187
0.0451500 0.9709082 35.5081679 35.5081679 32.4666748
0.0504000 0.9673774 39.5638942 39.5638942 32.4403140
0.0567000 0.9631881 44.4113880 44.4113880 32.4094249
0.0640500 0.9583654 50.0404057 50.0404057 32.3743751
0.0714000 0.9536120 55.6413908 55.6413908 32.3403454
0.0798000 0.9482617 62.0087010 62.0087010 32.3026476
0.0892500 0.9423462 69.1295101 69.1295101 32.2616861
0.1008000 0.9352627 77.7728814 77.7728814 32.2135899
0.1123500 0.9283381 86.3518143 86.3518143 32.1675279
0.1260000 0.9203467 96.4094099 96.4094099 32.1155405
0.1417500 0.9113800 107.9078779 107.9078779 32.0586147
0.1585500 0.9020986 120.0507809 120.0507809 32.0012184
0.1785000 0.8914463 134.3119407 134.3119407 31.9371266
0.2005500 0.8801170 149.8811056 149.8811056 31.8709328
0.2247000 0.8682117 166.7094664 166.7094664 31.8034450
0.2520000 0.8553540 185.4633280 185.4633280 31.7327612
0.2824500 0.8417207 206.0596113 206.0596113 31.6601029
0.3171000 0.8270411 229.1056162 229.1056162 31.5843343
0.3549000 0.8119639 253.7984731 253.7984731 31.5089258
0.3990000 0.7954853 282.0517772 282.0517772 31.4291266
0.4473000 0.7786760 312.3551411 312.3551411 31.3502996
0.5019000 0.7610504 345.8614405 345.8614405 31.2702610
0.5628000 0.7429315 382.3660514 382.3660514 31.1904539
0.6310500 0.7243250 422.2770236 422.2770236 31.1108196
0.7087500 0.7050420 466.5401590 466.5401590 31.0304996
0.7948500 0.6856823 514.2623322 514.2623322 30.9519599
0.8914500 0.6660840 566.3039294 566.3039294 30.8744349
1.0006500 0.6462045 623.4146562 623.4146562 30.7976494
1.1227651 0.6263887 685.3473167 685.3473167 30.7226709
1.2594751 0.6066668 752.5272432 752.5272432 30.6495583
1.4127226 0.5870828 825.4323088 825.4323088 30.5783706
1.5858151 0.5675996 905.0829573 905.0829573 30.5087361
1.7787526 0.5485309 990.9007551 990.9007551 30.4416628
1.9959451 0.5297430 1084.2297504 1084.2297504 30.3765151
2.2393220 0.5114177 1185.2090903 1185.2090903 30.3136057
2.5125215 0.4935627 1294.6225332 1294.6225332 30.2527745
2.8192921 0.4761824 1413.1739113 1413.1739113 30.1939818
3.1631068 0.4593499 1541.3528018 1541.3528018 30.1373045
3.5483644 0.4430984 1679.9018986 1679.9018986 30.0826756
3.9810846 0.4273886 1830.0101657 1830.0101657 30.0299288
4.4672872 0.4122018 1992.6835646 1992.6835646 29.9789955
5.0118948 0.3976186 2168.4371121 2168.4371121 29.9299078
5.6245099 0.3835653 2359.1455723 2359.1455723 29.8823649
6.3098094 0.3701496 2564.9822793 2564.9822793 29.8365030
7.0803644 0.3572297 2788.3404467 2788.3404467 29.7919432
7.9440561 0.3448765 3029.9970474 3029.9970474 29.7486837
8.9125633 0.3330465 3291.6494135 3291.6494135 29.7066010
10.0014481 0.3216351 3575.7413037 3575.7413037 29.6654709
11.2210876 0.3106728 3883.0746943 3883.0746943 29.6252926
12.5894367 0.3001477 4216.1651645 4216.1651645 29.5858568
14.1269504 0.2899993 4577.7688583 4577.7688583 29.5469728
15.8491767 0.2802241 4969.1326152 4969.1326152 29.5087104
17.7840324 0.2708586 5394.0572398 5394.0572398 29.4707730
19.9529062 0.2618790 5854.5284825 5854.5284825 29.4330658
22.3872322 0.2532313 6354.2652176 6354.2652176 29.3952535
25.1199938 0.2449207 6896.7920423 6896.7920423 29.3572786
28.1840786 0.2369168 7485.1646664 7485.1646664 29.3191050
31.6237393 0.2292334 8124.1812104 8124.1812104 29.2804501
35.4826072 0.2218207 8817.8557525 8817.8557525 29.2413543
39.8132470 0.2146660 9571.1902977 9571.1902977 29.2015483
44.6694872 0.2078364 10388.8631407 10388.8631407 29.1607961
50.1205675 0.2012907 11277.6377827 11277.6377827 29.1188638
56.2377471 0.1949268 12243.5941862 12243.5941862 29.0756230
63.0967693 0.1886923 13292.2966101 13292.2966101 29.0303533
70.7954662 0.1827768 14431.9846226 14431.9846226 28.9828984
79.4340106 0.1770880 15670.9091018 15670.9091018 28.9330754
89.1259377 0.1717204 17018.2867438 17018.2867438 28.8803643
100.0026275 0.1663948 18484.0721410 18484.0721410 28.8236957
112.2074471 0.1611166 20077.1013806 20077.1013806 28.7623103
125.8964104 0.1559152 21806.7266864 21806.7266864 28.6968126
141.2559945 0.1509123 23684.9219158 23684.9219158 28.6267707
158.4947918 0.1460611 25725.3326992 25725.3326992 28.5508431
177.8326602 0.1413709 27940.2793711 27940.2793711 28.4689587
199.5344894 0.1366883 30345.7025749 30345.7025749 28.3819659
223.8731455 0.1321396 32953.4969864 32953.4969864 28.2890511
251.1895596 0.1277305 35781.1143385 35781.1143385 28.1924143
281.8404883 0.1235953 38851.8288310 38851.8288310 28.0880362
316.2378815 0.1195855 42184.8389414 42184.8389414 27.9719333
354.8252370 0.1161418 45810.1647331 45810.1647331 27.8374788
398.1250863 0.1128940 49760.0825494 49760.0825494 27.6909462
446.6934609 0.1099486 54073.0980767 54073.0980767 27.5374129
501.1903976 0.1070463 58790.4798168 58790.4798168 27.3807089
562.3470481 0.1027510 63909.1001775 63909.1001775 27.2104460
630.9576992 0.0991038 69431.0498220 69431.0498220 27.0182023
707.9626349 0.0959169 75406.4100066 75406.4100066 26.8008479
794.3311114 0.0924274 81904.9886192 81904.9886192 26.5488760
891.2901875 0.0880585 88882.5773292 88882.5773292 26.2881816
1000.0152949 0.0848591 96353.2057749 96353.2057749 26.0357782
1122.0453570 0.0791141 104366.7438708 104366.7438708 25.7834152
1258.9519017 0.0729425 112674.3189118 112674.3189118 25.5180629
1412.6025846 0.0671217 121242.0372265 121242.0372265 25.2251650
1584.9192513 0.0632953 130189.6729184 130189.6729184 24.9077973
1778.3297629 0.0632687 139911.1959164 139911.1959164 24.5877093
1995.3396487 0.0621610 150777.6807309 150777.6807309 24.2191122
2238.7495208 0.0591838 162521.9572942 162521.9572942 23.8521833
2511.9332487 0.0557213 175075.7866828 175075.7866828 23.4646126
2818.4067961 0.0514395 188263.0330012 188263.0330012 23.0164430
3162.3160538 0.0492067 201952.5823939 201952.5823939 22.6329412
3548.2246552 0.0457540 216616.6819669 216616.6819669 22.2756612
3981.0824729 0.0401539 231413.5862316 231413.5862316 21.8984665
4466.8445267 0.0355559 245952.4465022 245952.4465022 21.4591169
5011.9508737 0.0348084 261334.0007769 261334.0007769 21.0542707
5623.4686414 0.0269957 276017.2933264 276017.2933264 20.5844868
6309.6060499 0.0288872 290986.6318934 290986.6318934 20.1350568
7079.5178905 0.0328056 310299.2519358 310299.2519358 19.7467097
7943.3360745 0.0310284 332087.6164657 332087.6164657 19.3963018
8912.5538779 0.0319400 355749.1341546 355749.1341546 19.0619113
10000.0576380 0.0323450 384339.9326329 384339.9326329 18.7699774
11220.2837932 0.0319319 416057.1565358 416057.1565358 18.4816701
12589.2832138 0.0315294 450899.1529554 450899.1529554 18.1702901
14125.4898594 0.0273913 486146.2522902 486146.2522902 17.8593122
15849.0266991 0.0243879 520648.5742352 520648.5742352 17.5289897
17782.8284773 0.0295176 562689.9353555 562689.9353555 17.1709085
19952.6405589 0.0224106 608614.0416924 608614.0416924 16.8875193
22387.3110130 0.0229335 652541.2216882 652541.2216882 16.5176908
25118.9399788 0.0222231 699291.7693221 699291.7693221 16.1498068
28183.8378200 0.0206235 754129.1342201 754129.1342201 15.8558421
31622.8492882 0.0224013 810295.0246430 810295.0246430 15.4743627
35481.3448326 0.0244506 878611.5797714 878611.5797714 15.0852768
39810.8123001 0.0217921 954276.2384383 954276.2384383 14.7883966
44668.4408210 0.0224731 1040195.5798860 1040195.5798860 14.3856647
50118.8218320 0.0240201 1131078.9902458 1131078.9902458 13.9907792
56234.1823694 0.0182222 1228178.9740350 1228178.9740350 13.5924953
63095.8439737 0.0166238 1321507.1588266 1321507.1588266 13.3637018
70794.7386130 0.0175023 1426781.9615324 1426781.9615324 13.0915446
79432.9897122 0.0189694 1561352.6802625 1561352.6802625 12.8158993
89125.2011949 0.0172559 1699857.8479410 1699857.8479410 12.5289929
100000.1496297 0.0117115 1822350.9465818 1822350.9465818 12.3982728
112201.9339986 0.0121358 1943303.3056206 1943303.3056206 12.1176414
125892.6936390 0.0129499 2079884.7296307 2079884.7296307 11.9990381
141253.8311154 0.0119753 2247909.6792431 2247909.6792431 11.8600572
