7004 -3.4 0 790.008
0.0325500 0.9819891 25.5425172 25.5425172 32.2029957
0.0357000 0.9797799 27.9825547 27.9825547 32.1861729
0.0399000 0.9768561 31.2274284 31.2274284 32.1640910
0.0451500 0.9732349 35.2699575 35.2699575 32.1370344
0.0504000 0.9696509 39.2975597 39.2975597 32.1105665
0.0567000 0.9653980 44.1111940 44.1111940 32.0795560
0.0640500 0.9605030 49.7005602 49.7005602 32.0443744
0.0714000 0.9556790 55.2617392 55.2617392 32.0102226
0.0798000 0.9502495 61.5833750 61.5833750 31.9723969
0.0892500 0.9442455 68.6525670 68.6525670 31.9313054
0.1008000 0.9370526 77.2325096 77.2325096 31.8830699
0.1123500 0.9300125 85.7475780 85.7475780 31.8368906
0.1260000 0.9218894 95.7291188 95.7291188 31.7847906
0.1417500 0.9127731 107.1390632 107.1390632 31.7277663
0.1585500 0.9033495 119.1867356 119.1867356 31.6702975
0.1785000 0.8925356 133.3338895 133.3338895 31.6061561
0.2005500 0.8810475 148.7760639 148.7760639 31.5399460
0.2247000 0.8689763 165.4643173 165.4643173 31.4724792
0.2520000 0.8559452 184.0586712 184.0586712 31.4018583
0.2824500 0.8421267 204.4756600 204.4756600 31.3293099
0.3171000 0.8272609 227.3162148 227.3162148 31.2537035
0.3549000 0.8119966 251.7835819 251.7835819 31.1785120
0.3990000 0.7953194 279.7722126 279.7722126 31.0990059
0.4473000 0.7783163 309.7841026 309.7841026 31.0205217
0.5019000 0.7605273 342.9601752 342.9601752 30.9408702
0.5628000 0.7422687 379.0972565 379.0972565 30.8614678
0.6310500 0.7235067 418.5978547 418.5978547 30.7822513
0.7087500 0.7040494 462.3943505 462.3943505 30.7023831
0.7948500 0.6845309 509.6005101 509.6005101 30.6243353
0.8914500 0.6648143 561.0662220 561.0662220 30.5473485
1.0006500 0.6448558 617.5336764 617.5336764 30.4711159
1.1227651 0.6249342 678.7562645 678.7562645 30.3967053
1.2594751 0.6050971 745.1490243 745.1490243 30.3241907
1.4127226 0.5854410 817.1827661 817.1827661 30.2535967
1.5858151 0.5659171 895.8661027 895.8661027 30.1845409
1.7787526 0.5468284 980.6297881 980.6297881 30.1180044
1.9959451 0.5280208 1072.7987047 1072.7987047 30.0533892
2.2393220 0.5096571 1172.5063968 1172.5063968 29.9910579
2.5125215 0.4917300 1280.5174536 1280.5174536 29.9309066
2.8192921 0.4743033 1397.5180751 1397.5180751 29.8729025
3.1631068 0.4574208 1523.9899346 1523.9899346 29.8170753
3.5483644 0.4411118 1660.6581337 1660.6581337 29.7633466
3.9810846 0.4253666 1808.6848089 1808.6848089 29.7114999
4.4672872 0.4102016 1969.0758761 1969.0758761 29.6614493
5.0118948 0.3956341 2142.3415255 2142.3415255 29.6132657
5.6245099 0.3816256 2330.3308889 2330.3308889 29.5666365
6.3098094 0.3682386 2533.2168066 2533.2168066 29.5216848
7.0803644 0.3553049 2753.3339907 2753.3339907 29.4781169
7.9440561 0.3429287 2991.4290731 2991.4290731 29.4359868
8.9125633 0.3310531 3249.1416066 3249.1416066 29.3951290
10.0014481 0.3196895 3528.8972725 3528.8972725 29.3553044
11.2210876 0.3088184 3831.5435861 3831.5435861 29.3165533
12.5894367 0.2984289 4159.6040064 4159.6040064 29.2786844
14.1269504 0.2884650 4515.8768502 4515.8768502 29.2415444
15.8491767 0.2789000 4901.6701321 4901.6701321 29.2050666
17.7840324 0.2697333 5320.7838719 5320.7838719 29.1689856
19.9529062 0.2609034 5775.1961316 5775.1961316 29.1332342
22.3872322 0.2524410 6268.5924774 6268.5924774 29.0976612
25.1199938 0.2442558 6804.5341929 6804.5341929 29.0620893
28.1840786 0.2363168 7385.9319294 7385.9319294 29.0263280
31.6237393 0.2286386 8017.3909513 8017.3909513 28.9900542
35.4826072 0.2211639 8702.7467510 8702.7467510 28.9529976
39.8132470 0.2138880 9446.6294998 9446.6294998 28.9149641
44.6694872 0.2068447 10253.3366460 10253.3366460 28.8759342
50.1205675 0.1999832 11128.9791908 11128.9791908 28.8355242
56.2377471 0.1933754 12079.0458766 12079.0458766 28.7934393
63.0967693 0.1869062 13109.0239506 13109.0239506 28.7493799
70.7954662 0.1805447 14225.9924125 14225.9924125 28.7024874
79.4340106 0.1744326 15436.6274385 15436.6274385 28.6525990
89.1259377 0.1685260 16749.1242330 16749.1242330 28.5996915
100.0026275 0.1627438 18171.6307445 18171.6307445 28.5433515
112.2074471 0.1571105 19712.8100526 19712.8100526 28.4855767
125.8964104 0.1516918 21382.2231394 21382.2231394 28.4248868
141.2559945 0.1460867 23188.2042617 23188.2042617 28.3601222
158.4947918 0.1405776 25138.8379586 25138.8379586 28.2915007
177.8326602 0.1356998 27247.9876500 27247.9876500 28.2204094
199.5344894 0.1309129 29533.1475149 29533.1475149 28.1444701
223.8731455 0.1262621 32003.5355949 32003.5355949 28.0614250
251.1895596 0.1223202 34683.9708535 34683.9708535 27.9754421
281.8404883 0.1180507 37594.2437925 37594.2437925 27.8837657
316.2378815 0.1138589 40744.6022762 40744.6022762 27.7809604
354.8252370 0.1093612 44146.6436824 44146.6436824 27.6670606
398.1250863 0.1052844 47816.4059047 47816.4059047 27.5512876
446.6934609 0.1018689 51785.1404746 51785.1404746 27.4232708
501.1903976 0.0982784 56096.3405054 56096.3405054 27.2796420
562.3470481 0.0944854 60747.2946762 60747.2946762 27.1324159
630.9576992 0.0905214 65762.8200127 65762.8200127 26.9714727
707.9626349 0.0863843 71141.8998687 71141.8998687 26.7948682
794.3311114 0.0823364 76896.7278168 76896.7278168 26.5903834
891.2901875 0.0785897 83035.1728394 83035.1728394 26.3668287
1000.0152949 0.0762664 89681.7234717 89681.7234717 26.1306290
1122.0453570 0.0735546 96897.9197561 96897.9197561 25.9072358
1258.9519017 0.0692898 104638.6245090 104638.6245090 25.6896351
1412.6025846 0.0648434 112768.2639548 112768.2639548 25.4551644
1584.9192513 0.0600034 121264.6307275 121264.6307275 25.1708784
1778.3297629 0.0565371 130147.8777509 130147.8777509 24.8552437
1995.3396487 0.0527730 139456.5800143 139456.5800143 24.5089939
2238.7495208 0.0517418 149524.5326121 149524.5326121 24.2073178
2511.9332487 0.0459715 160108.6044035 160108.6044035 23.8307661
2818.4067961 0.0428016 170753.8534178 170753.8534178 23.4637439
3162.3160538 0.0396629 181883.9452037 181883.9452037 23.0591441
3548.2246552 0.0343675 193408.9847163 193408.9847163 22.6201541
3981.0824729 0.0320689 204315.0795365 204315.0795365 22.1903840
4466.8445267 0.0352673 217533.3396608 217533.3396608 21.7983017
5011.9508737 0.0325100 232078.1350606 232078.1350606 21.4240324
5623.4686414 0.0320309 247660.9180869 247660.9180869 21.0545032
6309.6060499 0.0328025 264853.7757989 264853.7757989 20.7079485
7079.5178905 0.0347352 285734.3640779 285734.3640779 20.3245672
7943.3360745 0.0332509 308595.6211448 308595.6211448 19.8600012
8912.5538779 0.0310816 332658.5023209 332658.5023209 19.4026502
10000.0576380 0.0314850 358834.7450976 358834.7450976 18.9464195
11220.2837932 0.0321203 389415.9182074 389415.9182074 18.5738271
12589.2832138 0.0336037 424772.2992594 424772.2992594 18.2211707
14125.4898594 0.0313388 464833.9188581 464833.9188581 17.8684528
15849.0266991 0.0270203 503834.5085212 503834.5085212 17.4828517
17782.8284773 0.0243267 541685.1507253 541685.1507253 17.1505510
19952.6405589 0.0263867 584229.7499035 584229.7499035 16.8192651
22387.3110130 0.0219231 632381.8803302 632381.8803302 16.4699755
25118.9399788 0.0199922 677684.7828108 677684.7828108 16.1123896
28183.8378200 0.0204690 725718.3076966 725718.3076966 15.7439874
31622.8492882 0.0177301 778248.7865136 778248.7865136 15.5346995
35481.3448326 0.0180354 832194.1845640 832194.1845640 15.2212298
39810.8123001 0.0169636 893279.8871375 893279.8871375 14.9735562
44668.4408210 0.0175062 958019.7917019 958019.7917019 14.6710696
50118.8218320 0.0173581 1033450.3406193 1033450.3406193 14.3834652
56234.1823694 0.0154254 1113683.4779759 1113683.4779759 14.2216891
63095.8439737 0.0190140 1206204.6676292 1206204.6676292 13.9244184
70794.7386130 0.0162069 1319188.3687750 1319188.3687750 13.6282158
79432.9897122 0.0157510 1437889.9450024 1437889.9450024 13.4061699
89125.2011949 0.0144918 1571946.5156590 1571946.5156590 13.2507503
100000.1496297 0.0141867 1688310.5955145 1688310.5955145 12.8804884
112201.9339986 0.0110075 1814334.4631967 1814334.4631967 12.7569543
125892.6936390 0.0138250 1958375.7125045 1958375.7125045 12.6347667
141253.8311154 0.0134515 2108661.9781995 2108661.9781995 12.4353995
