7005 -3.4 0 795.703
0.0325500 0.9731594 25.4931961 25.4931961 31.2452808
0.0357000 0.9709871 27.9287521 27.9287521 31.2286013
0.0399000 0.9681108 31.1677290 31.1677290 31.2067058
0.0451500 0.9645486 35.2030112 35.2030112 31.1798750
0.0504000 0.9610239 39.2235063 39.2235063 31.1536252
0.0567000 0.9568438 44.0288030 44.0288030 31.1228664
0.0640500 0.9520306 49.6087038 49.6087038 31.0879653
0.0714000 0.9472863 55.1606836 55.1606836 31.0540811
0.0798000 0.9419495 61.4721393 61.4721393 31.0165463
0.0892500 0.9360478 68.5303036 68.5303036 30.9757646
0.1008000 0.9289805 77.0973743 77.0973743 30.9278832
0.1123500 0.9220713 85.6002895 85.6002895 30.8820307
0.1260000 0.9141025 95.5684265 95.5684265 30.8302828
0.1417500 0.9051656 106.9642386 106.9642386 30.7736210
0.1585500 0.8959208 118.9983345 118.9983345 30.7164931
0.1785000 0.8853106 133.1312693 133.1312693 30.6526999
0.2005500 0.8740230 148.5598651 148.5598651 30.5868151
0.2247000 0.8621658 165.2355852 165.2355852 30.5196486
0.2520000 0.8493604 183.8186069 183.8186069 30.4493069
0.2824500 0.8357633 204.2260379 204.2260379 30.3770114
0.3171000 0.8211180 227.0590098 227.0590098 30.3016340
0.3549000 0.8060664 251.5212594 251.5212594 30.2266351
0.3990000 0.7896310 279.5079903 279.5079903 30.1472905
0.4473000 0.7728635 309.5222623 309.5222623 30.0689309
0.5019000 0.7553048 342.7058677 342.7058677 29.9893681
0.5628000 0.7372427 378.8553556 378.8553556 29.9100401
0.6310500 0.7186976 418.3736201 418.3736201 29.8308954
0.7087500 0.6994716 462.1958540 462.1958540 29.7510794
0.7948500 0.6801618 509.4361006 509.4361006 29.6730496
0.8914500 0.6606419 560.9446759 560.9446759 29.5960444
1.0006500 0.6408700 617.4651459 617.4651459 29.5197612
1.1227651 0.6211304 678.7509705 678.7509705 29.4452680
1.2594751 0.6014751 745.2187514 745.2187514 29.3726403
1.4127226 0.5819454 817.3386703 817.3386703 29.3019158
1.5858151 0.5625106 896.1141834 896.1141834 29.2327148
1.7787526 0.5434961 980.9709824 980.9709824 29.1660302
1.9959451 0.5247742 1073.2360643 1073.2360643 29.1012247
2.2393220 0.5064640 1173.0396136 1173.0396136 29.0386451
2.5125215 0.4885843 1281.1403904 1281.1403904 28.9781831
2.8192921 0.4711691 1398.2187059 1398.2187059 28.9198259
3.1631068 0.4542903 1524.7454664 1524.7454664 28.8636644
3.5483644 0.4379834 1661.4376407 1661.4376407 28.8096506
3.9810846 0.4222205 1809.4540666 1809.4540666 28.7575559
4.4672872 0.4069848 1969.7698340 1969.7698340 28.7073189
5.0118948 0.3923785 2142.8803678 2142.8803678 28.6589736
5.6245099 0.3783121 2330.6266137 2330.6266137 28.6121988
6.3098094 0.3648250 2533.1381769 2533.1381769 28.5672014
7.0803644 0.3518572 2752.7375243 2752.7375243 28.5236399
7.9440561 0.3394303 2990.1603164 2990.1603164 28.4815559
8.9125633 0.3274969 3247.0156590 3247.0156590 28.4408126
10.0014481 0.3160303 3525.6632969 3525.6632969 28.4011933
11.2210876 0.3050404 3826.8858391 3826.8858391 28.3627725
12.5894367 0.2945115 4153.1196255 4153.1196255 28.3253766
14.1269504 0.2844329 4507.0943256 4507.0943256 28.2887983
15.8491767 0.2748118 4890.1001631 4890.1001631 28.2530357
17.7840324 0.2655542 5305.8667865 5305.8667865 28.2178275
19.9529062 0.2567113 5756.3188155 5756.3188155 28.1830199
22.3872322 0.2481612 6245.0773737 6245.0773737 28.1485012
25.1199938 0.2399680 6775.5349230 6775.5349230 28.1142009
28.1840786 0.2321323 7350.8054416 7350.8054416 28.0799753
31.6237393 0.2245525 7975.4842872 7975.4842872 28.0456533
35.4826072 0.2172938 8653.5326570 8653.5326570 28.0110119
39.8132470 0.2103500 9390.0398148 9390.0398148 27.9762331
44.6694872 0.2036332 10189.5590795 10189.5590795 27.9413329
50.1205675 0.1970944 11058.2650679 11058.2650679 27.9059955
56.2377471 0.1908537 12002.0276105 12002.0276105 27.8697816
63.0967693 0.1848482 13026.8469536 13026.8469536 27.8325967
70.7954662 0.1790712 14141.0101769 14141.0101769 27.7940194
79.4340106 0.1734295 15352.0767333 15352.0767333 27.7540269
89.1259377 0.1678725 16667.6314408 16667.6314408 27.7126558
100.0026275 0.1625444 18096.7858820 18096.7858820 27.6693957
112.2074471 0.1574443 19649.8317578 19649.8317578 27.6237645
125.8964104 0.1523846 21336.4995237 21336.4995237 27.5757564
141.2559945 0.1476055 23168.9475805 23168.9475805 27.5264503
158.4947918 0.1429617 25160.9525350 25160.9525350 27.4747057
177.8326602 0.1385863 27326.0628296 27326.0628296 27.4201072
199.5344894 0.1344430 29682.4207019 29682.4207019 27.3626419
223.8731455 0.1300638 32243.2121292 32243.2121292 27.2998370
251.1895596 0.1261592 35025.9789255 35025.9789255 27.2326630
281.8404883 0.1223694 38056.4978805 38056.4978805 27.1572019
316.2378815 0.1181870 41347.9197751 41347.9197751 27.0719395
354.8252370 0.1137802 44908.7185875 44908.7185875 26.9823305
398.1250863 0.1095932 48753.6866634 48753.6866634 26.8874174
446.6934609 0.1052706 52904.2359406 52904.2359406 26.7840559
501.1903976 0.1010198 57379.5427120 57379.5427120 26.6616719
562.3470481 0.0961888 62177.4493625 62177.4493625 26.5263713
630.9576992 0.0924735 67315.1522222 67315.1522222 26.3713700
707.9626349 0.0892918 72881.6621591 72881.6621591 26.1906732
794.3311114 0.0858206 78899.4795287 78899.4795287 25.9724598
891.2901875 0.0826354 85404.2146740 85404.2146740 25.7363361
1000.0152949 0.0783382 92370.6538564 92370.6538564 25.5103456
1122.0453570 0.0748212 99797.1279611 99797.1279611 25.2786940
1258.9519017 0.0724740 107782.2878845 107782.2878845 25.0081506
1412.6025846 0.0697637 116513.7015921 116513.7015921 24.7110480
1584.9192513 0.0658500 125796.2042402 125796.2042402 24.4467694
1778.3297629 0.0632611 135706.5928780 135706.5928780 24.1641684
1995.3396487 0.0623123 146566.8614206 146566.8614206 23.8600740
2238.7495208 0.0606484 158475.3678361 158475.3678361 23.5196316
2511.9332487 0.0558080 171085.7068283 171085.7068283 23.0925579
2818.4067961 0.0530145 184182.1806676 184182.1806676 22.6370707
3162.3160538 0.0521901 198594.4058444 198594.4058444 22.1717843
3548.2246552 0.0495006 213962.4554584 213962.4554584 21.7600309
3981.0824729 0.0459022 230339.7294549 230339.7294549 21.3276537
4466.8445267 0.0446766 248021.1059680 248021.1059680 20.9224927
5011.9508737 0.0379501 265945.7934383 265945.7934383 20.5361877
5623.4686414 0.0351969 283522.2221240 283522.2221240 20.1202047
6309.6060499 0.0332916 302534.8175466 302534.8175466 19.7024426
7079.5178905 0.0281048 321263.8757842 321263.8757842 19.2908809
7943.3360745 0.0266165 339778.3290360 339778.3290360 18.9470518
8912.5538779 0.0254298 360229.7195969 360229.7195969 18.5897689
10000.0576380 0.0267921 382960.7940517 382960.7940517 18.1823936
11220.2837932 0.0243618 408261.2284232 408261.2284232 17.8548555
12589.2832138 0.0220505 432609.3465758 432609.3465758 17.4893770
14125.4898594 0.0200836 458719.8015453 458719.8015453 17.1287820
15849.0266991 0.0145400 482618.8015329 482618.8015329 16.8086590
17782.8284773 0.0166098 505973.2391756 505973.2391756 16.5389465
19952.6405589 0.0137156 531988.0864937 531988.0864937 16.2245605
22387.3110130 0.0160612 561001.9501186 561001.9501186 15.9200593
25118.9399788 0.0155381 597729.1004583 597729.1004583 15.6644038
28183.8378200 0.0124690 631162.3562790 631162.3562790 15.4626095
31622.8492882 0.0100964 662862.5106020 662862.5106020 15.2567735
35481.3448326 0.0069708 691587.6590475 691587.6590475 14.9912141
39810.8123001 0.0079250 712276.7795909 712276.7795909 14.7229892
44668.4408210 0.0030338 740055.5141595 740055.5141595 14.4205459
50118.8218320 -0.0013206 747728.7107978 747413.4935385 14.1843686
56234.1823694 0.0064028 764133.3291213 763127.2458454 13.8873956
63095.8439737 0.0064190 802969.3473913 801963.2641154 13.4694877
70794.7386130 0.0078303 853230.1825421 852224.0992661 13.1543679
79432.9897122 0.0060660 903103.5949077 902097.5116318 12.8261899
89125.2011949 0.0059820 945944.0275287 944937.9442528 12.4617964
100000.1496297 -0.0051767 961341.0004031 953606.7378230 12.0756886
112201.9339986 -0.0074675 961341.0004031 903170.4786936 11.7597747
125892.6936390 -0.0059809 961341.0004031 845022.5005748 11.3958058
141253.8311154 -0.0029267 961341.0004031 769321.4415939 10.9282304
