7009 -3.4 0 799.97
0.0325500 0.9755177 25.6883921 25.6883921 32.0048320
0.0357000 0.9733656 28.1429851 28.1429851 31.9881890
0.0399000 0.9705163 31.4073798 31.4073798 31.9663414
0.0451500 0.9669870 35.4744877 35.4744877 31.9395690
0.0504000 0.9634922 39.5268607 39.5268607 31.9133761
0.0567000 0.9593440 44.3704609 44.3704609 31.8826843
0.0640500 0.9545675 49.9951089 49.9951089 31.8478596
0.0714000 0.9498596 55.5919008 55.5919008 31.8140503
0.0798000 0.9445617 61.9546405 61.9546405 31.7765993
0.0892500 0.9387056 69.0705931 69.0705931 31.7359098
0.1008000 0.9316910 77.7084344 77.7084344 31.6881384
0.1123500 0.9248273 86.2822248 86.2822248 31.6423946
0.1260000 0.9169081 96.3342052 96.3342052 31.5907754
0.1417500 0.9080255 107.8268383 107.8268383 31.5342629
0.1585500 0.8988342 119.9642968 119.9642968 31.4772942
0.1785000 0.8882884 134.2200362 134.2200362 31.4136910
0.2005500 0.8770814 149.7846361 149.7846361 31.3480111
0.2247000 0.8653129 166.6097589 166.6097589 31.2810560
0.2520000 0.8526039 185.3622396 185.3622396 31.2109326
0.2824500 0.8391298 205.9596849 205.9596849 31.1388484
0.3171000 0.8246181 229.0103211 229.0103211 31.0636746
0.3549000 0.8096985 253.7116713 253.7116713 30.9888547
0.3990000 0.7933962 281.9790148 281.9790148 30.9096676
0.4473000 0.7767617 312.3024610 312.3024610 30.8314230
0.5019000 0.7593259 345.8370416 345.8370416 30.7519393
0.5628000 0.7413966 382.3796685 382.3796685 30.6726353
0.6310500 0.7229641 422.3399305 422.3399305 30.5934489
0.7087500 0.7038585 466.6662852 466.6662852 30.5135110
0.7948500 0.6846849 514.4667016 514.4667016 30.4352593
0.8914500 0.6652916 566.6064962 566.6064962 30.3579084
1.0006500 0.6456046 623.8400813 623.8400813 30.2811645
1.1227651 0.6259323 685.9206406 685.9206406 30.2061018
1.2594751 0.6063185 753.2724699 753.2724699 30.1327981
1.4127226 0.5868403 826.3763563 826.3763563 30.0612976
1.5858151 0.5674218 906.2539068 906.2539068 29.9912316
1.7787526 0.5483977 992.3238008 992.3238008 29.9236160
1.9959451 0.5296301 1085.9311608 1085.9311608 29.8578169
2.2393220 0.5112643 1187.2104664 1187.2104664 29.7941798
2.5125215 0.4933040 1296.9308661 1296.9308661 29.7326200
2.8192921 0.4758169 1415.7861979 1415.7861979 29.6731113
3.1631068 0.4588904 1544.2626122 1544.2626122 29.6157375
3.5483644 0.4425016 1683.0942052 1683.0942052 29.5604727
3.9810846 0.4266410 1833.4515241 1833.4515241 29.5071206
4.4672872 0.4112962 1996.3250302 1996.3250302 29.4555990
5.0118948 0.3965537 2172.2146653 2172.2146653 29.4059451
5.6245099 0.3823215 2362.9706732 2362.9706732 29.3578921
6.3098094 0.3686669 2568.7196564 2568.7196564 29.3116514
7.0803644 0.3555354 2791.8105770 2791.8105770 29.2668765
7.9440561 0.3429507 3032.9935725 3032.9935725 29.2235365
8.9125633 0.3308683 3293.8957432 3293.8957432 29.1814900
10.0014481 0.3192382 3576.9016300 3576.9016300 29.1405146
11.2210876 0.3080945 3882.7915036 3882.7915036 29.1006756
12.5894367 0.2974635 4214.0641465 4214.0641465 29.0617688
14.1269504 0.2872531 4573.4913390 4573.4913390 29.0235014
15.8491767 0.2774674 4962.3293901 4962.3293901 28.9858440
17.7840324 0.2680263 5384.2909555 5384.2909555 28.9485920
19.9529062 0.2589982 5841.2832838 5841.2832838 28.9117233
22.3872322 0.2503295 6336.9787158 6336.9787158 28.8751708
25.1199938 0.2420199 6874.9033004 6874.9033004 28.8388591
28.1840786 0.2340370 7458.1000192 7458.1000192 28.8025435
31.6237393 0.2262937 8091.1561555 8091.1561555 28.7660689
35.4826072 0.2188131 8777.8766215 8777.8766215 28.7292447
39.8132470 0.2115812 9523.0729150 9523.0729150 28.6919128
44.6694872 0.2047325 10331.3482768 10331.3482768 28.6537516
50.1205675 0.1981321 11209.4219533 11209.4219533 28.6145097
56.2377471 0.1917905 12163.0575743 12163.0575743 28.5741426
63.0967693 0.1856214 13198.1008049 13198.1008049 28.5320500
70.7954662 0.1795742 14322.2549269 14322.2549269 28.4878529
79.4340106 0.1737278 15542.5090777 15542.5090777 28.4413627
89.1259377 0.1680310 16866.7805943 16866.7805943 28.3922226
100.0026275 0.1626150 18304.5168793 18304.5168793 28.3399734
112.2074471 0.1573699 19865.8153831 19865.8153831 28.2839701
125.8964104 0.1522630 21560.4316297 21560.4316297 28.2225303
141.2559945 0.1475347 23401.3435066 23401.3435066 28.1547287
158.4947918 0.1427739 25402.8319111 25402.8319111 28.0808673
177.8326602 0.1381687 27575.0057258 27575.0057258 28.0036175
199.5344894 0.1337999 29934.8793781 29934.8793781 27.9208897
223.8731455 0.1290778 32493.3881906 32493.3881906 27.8300964
251.1895596 0.1241391 35259.4359324 35259.4359324 27.7329059
281.8404883 0.1193097 38243.5519557 38243.5519557 27.6265938
316.2378815 0.1144776 41457.2831509 41457.2831509 27.5095760
354.8252370 0.1099506 44920.6155539 44920.6155539 27.3827842
398.1250863 0.1053416 48645.6462241 48645.6462241 27.2492539
446.6934609 0.1010012 52653.6046186 52653.6046186 27.1040409
501.1903976 0.0971749 56968.3874477 56968.3874477 26.9428398
562.3470481 0.0935111 61629.7767590 61629.7767590 26.7725488
630.9576992 0.0901103 66666.4272544 66666.4272544 26.6012234
707.9626349 0.0871288 72127.6108437 72127.6108437 26.4301538
794.3311114 0.0847398 78062.4649262 78062.4649262 26.2502549
891.2901875 0.0816163 84528.2319938 84528.2319938 26.0266619
1000.0152949 0.0772890 91450.9389517 91450.9389517 25.7627684
1122.0453570 0.0718500 98697.9845529 98697.9845529 25.4989322
1258.9519017 0.0672463 106335.3931205 106335.3931205 25.2186607
1412.6025846 0.0619042 114271.5477435 114271.5477435 24.9296946
1584.9192513 0.0589299 122567.0829692 122567.0829692 24.6294108
1778.3297629 0.0574894 131544.7816454 131544.7816454 24.3091421
1995.3396487 0.0566817 141523.3895886 141523.3895886 23.9893925
2238.7495208 0.0539993 152231.9763228 152231.9763228 23.6354179
2511.9332487 0.0498915 163653.6459305 163653.6459305 23.2773982
2818.4067961 0.0462478 175296.2768003 175296.2768003 22.9620178
3162.3160538 0.0454988 187962.7519936 187962.7519936 22.6127675
3548.2246552 0.0430983 201682.0390544 201682.0390544 22.2613578
3981.0824729 0.0425625 216600.6107793 216600.6107793 21.9233178
4466.8445267 0.0399407 232678.5578816 232678.5578816 21.5619965
5011.9508737 0.0334431 248787.8744339 248787.8744339 21.1766877
5623.4686414 0.0350253 265454.6530033 265454.6530033 20.7567640
6309.6060499 0.0327796 283854.2032119 283854.2032119 20.3243425
7079.5178905 0.0277536 302448.1847551 302448.1847551 19.8859466
7943.3360745 0.0240866 320269.8031025 320269.8031025 19.4632099
8912.5538779 0.0227238 337836.8205257 337836.8205257 19.0793450
10000.0576380 0.0254566 358600.9219669 358600.9219669 18.7782667
11220.2837932 0.0241858 382718.8184929 382718.8184929 18.4293139
12589.2832138 0.0220485 408145.7086967 408145.7086967 18.0331192
14125.4898594 0.0224024 435991.0831407 435991.0831407 17.5684466
15849.0266991 0.0204815 465567.5259696 465567.5259696 17.2006753
17782.8284773 0.0171916 492627.6214943 492627.6214943 16.8747311
19952.6405589 0.0167920 523890.5434090 523890.5434090 16.5592117
22387.3110130 0.0108860 554332.5144238 554332.5144238 16.1895477
25118.9399788 0.0094851 577120.8410868 577120.8410868 15.8017168
28183.8378200 0.0089578 600248.0058152 600248.0058152 15.4102357
31622.8492882 0.0100002 628954.5443121 628954.5443121 14.9913968
35481.3448326 0.0093305 659584.1835524 659584.1835524 14.4854216
39810.8123001 0.0104441 693324.7341960 693324.7341960 14.1608905
44668.4408210 0.0103187 735098.0558856 735098.0558856 13.9264635
50118.8218320 0.0101820 779138.8435818 779138.8435818 13.5628138
56234.1823694 0.0109649 836174.9708829 836174.9708829 13.2756568
63095.8439737 0.0131390 891657.8280999 891657.8280999 13.0031908
70794.7386130 0.0123308 965488.7126147 965488.7126147 12.7726296
79432.9897122 0.0098104 1048446.8508997 1048446.8508997 12.6256142
89125.2011949 0.0064872 1113237.5113911 1113237.5113911 12.3886191
100000.1496297 0.0103032 1182239.2174282 1182239.2174282 12.1892111
112201.9339986 0.0096085 1283728.0293374 1283728.0293374 11.9661084
125892.6936390 0.0087982 1367737.2979440 1367737.2979440 11.7509704
141253.8311154 0.0114432 1468992.1786659 1468992.1786659 11.5308353
