1000 0
1 0.670192 692.551 692.551
2 0.569756 1223.88 1223.88
3 0.509395 1692.59 1692.59
5 0.441276 2515.93 2515.93
7 0.396733 3244.81 3244.81
10 0.360725 4226.25 4226.25
15 0.317848 5686.83 5686.83
20 0.295714 7032.63 7032.63
30 0.2736 9521.09 9521.09
50 0.242262 13948.4 13948.4
70 0.221972 17947.8 17947.8
100 0.208857 23504.5 23504.5
150 0.190914 32080.1 32080.1
200 0.174993 40020.2 40020.2
300 0.167028 54950.9 54950.9
500 0.141816 81883 81883
700 0.122424 105672 105672
1000 0.116564 137809 137809
1500 0.0946987 184690 184690
2000 0.0872652 225515 225515
3000 0.0762669 298455 298455
5000 0.0783894 437988 437988
7000 0.0707202 562420 562420
10000 0.049585 719831 719831
15000 0.0383741 906264 906264
20000 0.0296496 1.0525e+06 1.0525e+06
30000 0.0278432 1.30115e+06 1.30115e+06
40000 0.0236352 1.55e+06 1.55e+06
50000 0.0268212 1.77079e+06 1.77079e+06
60000 0.030482 1.99515e+06 1.99515e+06
70000 0.0196094 2.21974e+06 2.21974e+06
80000 0.0279342 2.41981e+06 2.41981e+06
90000 0.0165397 2.60201e+06 2.60201e+06
100000 0.0217384 2.79487e+06 2.79487e+06
150000 0.00382861 3.35044e+06 3.34997e+06
200000 0.00405909 3.71715e+06 3.71489e+06
300000 0.0101539 4.91708e+06 4.91463e+06
400000 0.00790312 6.1828e+06 6.18033e+06
500000 0.0193472 7.53655e+06 7.53407e+06
