1005 0
1 0.672962 692.038 692.038
2 0.561879 1223.21 1223.21
3 0.497664 1680.68 1680.68
5 0.430831 2481.8 2481.8
7 0.385105 3188.6 3188.6
10 0.351883 4148.45 4148.45
15 0.316752 5590.11 5590.11
20 0.289544 6910.67 6910.67
30 0.26596 9310.35 9310.35
50 0.232259 13598.6 13598.6
70 0.209169 17446.3 17446.3
100 0.189145 22764.1 22764.1
150 0.180554 31021.2 31021.2
200 0.167731 38666.2 38666.2
300 0.148442 52372 52372
500 0.134301 76997.3 76997.3
700 0.117601 98808.6 98808.6
1000 0.113408 129053 129053
1500 0.0955312 173663 173663
2000 0.0910503 213613 213613
3000 0.0747491 285500 285500
5000 0.0776038 422165 422165
7000 0.0692738 552593 552593
10000 0.0674929 734728 734728
15000 0.0495592 997432 997432
20000 0.051296 1.22327e+06 1.22327e+06
30000 0.0344301 1.58805e+06 1.58805e+06
40000 0.0333623 1.90424e+06 1.90424e+06
50000 0.0265211 2.21e+06 2.21e+06
60000 0.0387436 2.54287e+06 2.54287e+06
70000 0.0378149 2.88645e+06 2.88645e+06
80000 0.0422405 3.22461e+06 3.22461e+06
90000 0.0420807 3.56424e+06 3.56424e+06
100000 0.044139 3.9064e+06 3.9064e+06
150000 0.0359195 5.66131e+06 5.66131e+06
200000 0.0366243 7.31303e+06 7.31303e+06
300000 0.040241 1.04404e+07 1.04404e+07
400000 0.0314879 1.33897e+07 1.33897e+07
500000 0.0252621 1.62032e+07 1.62032e+07
