1006 0
1 0.664335 689.741 689.741
2 0.557267 1215.94 1215.94
3 0.499465 1672.58 1672.58
5 0.429225 2473.18 2473.18
7 0.388561 3179.39 3179.39
10 0.350846 4138.46 4138.46
15 0.315543 5581.51 5581.51
20 0.293098 6897.75 6897.75
30 0.253822 9247.96 9247.96
50 0.226816 13388.7 13388.7
70 0.206316 17108.4 17108.4
100 0.188688 22227.7 22227.7
150 0.16784 29834.1 29834.1
200 0.156211 36915 36915
300 0.131388 49856.2 49856.2
500 0.127125 72925.7 72925.7
700 0.114313 93336.1 93336.1
1000 0.101679 121192 121192
1500 0.0891553 162013 162013
2000 0.0802079 197964 197964
3000 0.0594074 260208 260208
5000 0.0550884 362028 362028
7000 0.0452049 449312 449312
10000 0.040666 562756 562756
15000 0.0305413 718571 718571
20000 0.0251179 851941 851941
30000 0.0169334 1.00286e+06 1.00286e+06
40000 0.0143488 1.09103e+06 1.09097e+06
50000 0.00326531 1.18955e+06 1.18948e+06
60000 0.00635515 1.28853e+06 1.28842e+06
70000 0.00975111 1.35528e+06 1.35483e+06
80000 0.00361503 1.39721e+06 1.39376e+06
90000 0.00315484 1.43954e+06 1.43335e+06
100000 0.0120675 1.50271e+06 1.49585e+06
150000 -0.00276817 1.84912e+06 1.83988e+06
200000 0.00277355 2.17731e+06 2.16554e+06
300000 0.0130027 2.7298e+06 2.70441e+06
400000 0.00802425 3.27345e+06 3.23569e+06
500000 -0.00144447 3.64203e+06 3.56347e+06
