1013 0
1 0.666242 688.541 688.541
2 0.558538 1214.84 1214.84
3 0.495646 1669.81 1669.81
5 0.433456 2463.42 2463.42
7 0.389692 3174.94 3174.94
10 0.357944 4136.53 4136.53
15 0.31772 5588.86 5588.86
20 0.290411 6912.99 6912.99
30 0.254545 9279.79 9279.79
50 0.231149 13479.2 13479.2
70 0.209763 17238.9 17238.9
100 0.190125 22412.1 22412.1
150 0.172948 30159.1 30159.1
200 0.169386 37337.3 37337.3
300 0.147463 50816.2 50816.2
500 0.123333 74803.4 74803.4
700 0.114931 95349 95349
1000 0.0929378 123374 123374
1500 0.0892163 164948 164948
2000 0.0827492 202033 202033
3000 0.0670108 269503 269503
5000 0.0518568 385311 385311
7000 0.0537831 485857 485857
10000 0.0497351 625796 625796
15000 0.0363403 803191 803191
20000 0.0326702 938069 938069
30000 0.0221868 1.18535e+06 1.18535e+06
40000 0.0214541 1.39011e+06 1.39011e+06
50000 0.0259836 1.59634e+06 1.59634e+06
60000 0.0270113 1.82221e+06 1.82221e+06
70000 0.0194242 2.01042e+06 2.01042e+06
80000 0.0208373 2.20777e+06 2.20777e+06
90000 0.0235544 2.37703e+06 2.37703e+06
100000 0.00780454 2.54346e+06 2.54346e+06
150000 0.0172725 3.39157e+06 3.39157e+06
200000 0.0156084 4.12487e+06 4.12487e+06
300000 0.0273713 5.83739e+06 5.83739e+06
400000 0.0142059 7.49248e+06 7.49248e+06
500000 0.0179781 9.28198e+06 9.28198e+06
