1014 0
1 0.673076 696.916 696.916
2 0.563147 1229.97 1229.97
3 0.502271 1692.21 1692.21
5 0.437225 2504.2 2504.2
7 0.397313 3226.02 3226.02
10 0.358065 4215.99 4215.99
15 0.325517 5694.48 5694.48
20 0.298959 7059.04 7059.04
30 0.271752 9506.54 9506.54
50 0.230755 13906.3 13906.3
70 0.217373 17804.7 17804.7
100 0.19712 23094.7 23094.7
150 0.17768 31270 31270
200 0.171364 39067.7 39067.7
300 0.151522 53329.3 53329.3
500 0.135535 78551.4 78551.4
700 0.127853 101209 101209
1000 0.112259 132016 132016
1500 0.0833704 176133 176133
2000 0.085939 214565 214565
3000 0.072226 281738 281738
5000 0.0659222 396909 396909
7000 0.0588003 503764 503764
10000 0.0536579 644603 644603
15000 0.0506857 876790 876790
20000 0.0436198 1.08098e+06 1.08098e+06
30000 0.0313863 1.42367e+06 1.42367e+06
40000 0.0182487 1.64015e+06 1.64015e+06
50000 0.0281686 1.83629e+06 1.83629e+06
60000 0.020435 2.02258e+06 2.02258e+06
70000 0.0212195 2.21458e+06 2.21458e+06
80000 0.016552 2.41547e+06 2.41547e+06
90000 0.0198567 2.59766e+06 2.59766e+06
100000 0.0183398 2.76571e+06 2.76571e+06
150000 0.00978547 3.4709e+06 3.4709e+06
200000 0.0166174 4.00997e+06 4.00986e+06
300000 0.0123245 5.22867e+06 5.22844e+06
400000 0.0102425 6.19864e+06 6.198e+06
500000 0.0112285 7.10144e+06 7.09911e+06
