1003 0
0 19.396 0 0
0 0.992551 0.193164 0.193164
0 0.985237 0.384896 0.384896
0 0.978069 0.575225 0.575225
0 0.964163 0.951786 0.951786
0 0.950798 1.32307 1.32307
0 0.931672 1.87051 1.87051
0 0.874854 3.62031 3.62031
0 0.826834 5.2689 5.2689
0 0.749659 8.31904 8.31904
0 0.689854 11.1061 11.1061
1 0.62041 14.908 14.908
2 0.478701 25.4106 25.4106
3 0.400059 33.8691 33.8691
5 0.313236 47.5144 47.5144
7 0.264558 58.6449 58.6449
10 0.219294 72.6103 72.6103
15 0.176116 91.5772 91.5772
20 0.150273 107.31 107.31
30 0.119096 133.154 133.154
50 0.0877143 172.455 172.455
70 0.07096 202.961 202.961
100 0.0561 239.561 239.561
150 0.0425359 286.562 286.562
200 0.0349099 323.865 323.865
300 0.0259413 381.942 381.942
500 0.0171005 463.179 463.179
700 0.0123991 519.611 519.611
1000 0.00840641 578.978 578.978
1500 0.00505194 642.475 642.475
2000 0.0031551 681.548 681.548
3000 0.00143568 723.141 723.141
5000 0.000370462 753.183 753.183
7000 0.000114881 761.478 761.478
10000 3.25685e-05 765.056 765.056
15000 1.823e-05 767.207 767.207
20000 1.75872e-05 768.93 768.93
30000 1.75571e-05 772.336 772.336
40000 1.75571e-05 775.741 775.741
50000 1.75571e-05 779.147 779.147
60000 1.75571e-05 782.552 782.552
70000 1.75571e-05 785.957 785.957
80000 1.75571e-05 789.363 789.363
90000 1.75571e-05 792.768 792.768
100000 1.75571e-05 796.173 796.173
150000 1.7557e-05 813.2 813.2
200000 1.7557e-05 830.227 830.227
300000 1.7557e-05 864.281 864.281
400000 1.7557e-05 898.334 898.334
500000 1.7557e-05 932.388 932.388
600000 1.7557e-05 966.441 966.441
700000 1.7557e-05 1000.49 1000.49
800000 1.7557e-05 1034.55 1034.55
900000 1.7557e-05 1068.6 1068.6
1000000 1.7557e-05 1102.66 1102.66
