1006 0
0 880.379 0 0
0 0.994769 8.77814 8.77814
0 0.989656 17.5109 17.5109
0 0.984649 26.1988 26.1988
0 0.974804 43.4447 43.4447
0 0.965098 60.5179 60.5179
0 0.951675 85.8229 85.8229
0 0.910558 167.733 167.733
0 0.874329 246.269 246.269
0 0.815738 394.803 394.803
0 0.769508 534.241 534.241
1 0.715847 730.11 730.11
2 0.606117 1306.65 1306.65
3 0.542404 1809.82 1809.82
5 0.471655 2696.13 2696.13
7 0.429911 3487.58 3487.58
10 0.391338 4566.92 4566.92
15 0.349761 6190.07 6190.07
20 0.32492 7672.8 7672.8
30 0.29491 10387.3 10387.3
50 0.26031 15231.4 15231.4
70 0.241459 19619.1 19619.1
100 0.224839 25734.8 25734.8
150 0.204094 35125.6 35125.6
200 0.19097 43801.5 43801.5
300 0.173921 59732.8 59732.8
500 0.154133 88313.6 88313.6
700 0.142327 114288 114288
1000 0.128604 149984 149984
1500 0.109759 202739 202739
2000 0.0982641 249072 249072
3000 0.0877399 332756 332756
5000 0.0768167 485385 485385
7000 0.0654079 607801 607801
10000 0.0507571 770808 770808
15000 0.0370605 965135 965135
20000 0.0283204 1.11295e+06 1.11295e+06
30000 0.0237641 1.35632e+06 1.35632e+06
40000 0.0169855 1.53221e+06 1.53221e+06
50000 0.0219652 1.69712e+06 1.69712e+06
60000 0.0144415 1.86835e+06 1.86835e+06
70000 0.0103246 2.00688e+06 2.00688e+06
80000 0.00954359 2.09237e+06 2.09237e+06
90000 0.0117685 2.20329e+06 2.20329e+06
100000 0.0110826 2.32231e+06 2.32231e+06
150000 0.0109092 2.79036e+06 2.79035e+06
200000 0.0163118 3.5613e+06 3.56128e+06
300000 0.0110017 4.96703e+06 4.96701e+06
400000 0.010966 6.06176e+06 6.06174e+06
500000 0.0034351 6.81177e+06 6.8114e+06
600000 0.011354 7.44092e+06 7.43421e+06
700000 0.00628534 8.06049e+06 8.04937e+06
800000 0.00842976 8.98926e+06 8.97801e+06
900000 0.0120396 9.8773e+06 9.86596e+06
1000000 0.00339597 1.07626e+07 1.07507e+07
