1012 0
0 874.599 0 0
0 0.99477 8.72073 8.72073
0 0.989429 17.3954 17.3954
0 0.984434 26.0252 26.0252
0 0.974444 43.1521 43.1521
0 0.964844 60.1078 60.1078
0 0.950807 85.2321 85.2321
0 0.908411 166.49 166.49
0 0.872111 244.303 244.303
0 0.812943 391.467 391.467
0 0.766148 529.377 529.377
1 0.710694 722.726 722.726
2 0.598441 1289.81 1289.81
3 0.535176 1783.13 1783.13
5 0.461806 2647.73 2647.73
7 0.420908 3416.95 3416.95
10 0.381585 4463.96 4463.96
15 0.342939 6040.53 6040.53
20 0.317896 7480.61 7480.61
30 0.287145 10110.6 10110.6
50 0.252891 14798.6 14798.6
70 0.233515 19044.2 19044.2
100 0.217828 24916.9 24916.9
150 0.198808 33915.2 33915.2
200 0.184723 42254.3 42254.3
300 0.168407 57628.8 57628.8
500 0.14954 85291.2 85291.2
700 0.135827 110377 110377
1000 0.122599 144171 144171
1500 0.103301 193385 193385
2000 0.090227 235991 235991
3000 0.0784995 307891 307891
5000 0.0664036 426098 426098
7000 0.0603123 526200 526200
10000 0.052621 677133 677133
15000 0.0514311 910082 910082
20000 0.0414458 1.10307e+06 1.10307e+06
30000 0.0284175 1.40898e+06 1.40898e+06
40000 0.0180165 1.61486e+06 1.61486e+06
50000 0.0167734 1.77448e+06 1.77448e+06
60000 0.0126636 1.92586e+06 1.92586e+06
70000 0.0143917 2.0357e+06 2.0357e+06
80000 0.0300821 2.23136e+06 2.23136e+06
90000 0.0119842 2.41113e+06 2.41113e+06
100000 0.0122718 2.52753e+06 2.52753e+06
150000 -0.00220251 2.83869e+06 2.83405e+06
200000 0.0032267 3.00801e+06 2.98053e+06
300000 0.0116123 3.82928e+06 3.80107e+06
400000 0.000784355 4.74038e+06 4.71199e+06
500000 0.00714355 5.48381e+06 5.45361e+06
600000 0.0160701 6.57867e+06 6.54847e+06
700000 0.019032 7.83913e+06 7.80893e+06
800000 0.0134404 8.81103e+06 8.78083e+06
900000 0.00818027 9.71346e+06 9.68313e+06
