1001 0
0 870.114 0 0
0 0.994551 8.6748 8.6748
0 0.989242 17.3033 17.3033
0 0.98417 25.8861 25.8861
0 0.974051 42.9201 42.9201
0 0.964075 59.7792 59.7792
0 0.949191 84.7444 84.7444
0 0.902659 165.273 165.273
0 0.858461 241.856 241.856
0 0.778578 384.154 384.154
0 0.711092 513.509 513.509
1 0.632617 688.443 688.443
2 0.48686 1166.34 1166.34
3 0.413726 1555.19 1555.19
5 0.342619 2203.22 2203.22
7 0.302175 2764 2764
10 0.276535 3515.97 3515.97
15 0.227987 4623.63 4623.63
20 0.221836 5605.71 5605.71
30 0.182064 7383.26 7383.26
50 0.163023 10458.6 10458.6
70 0.151108 13305.1 13305.1
100 0.135687 16999.1 16999.1
150 0.12225 22724.9 22724.9
200 0.114794 27677.6 27677.6
300 0.105307 36713.4 36713.4
500 0.0856092 53073.7 53073.7
700 0.0780061 68321.5 68321.5
1000 0.0932569 88821.1 88821.1
1500 0.0660625 120665 120665
2000 0.0539956 148761 148761
3000 0.0636764 198296 198296
5000 0.0340059 283744 283744
7000 0.0289379 342137 342136
10000 0.0347286 414871 414851
15000 0.00662361 480611 479413
20000 0.00659494 513798 506042
30000 -0.00123645 573792 553525
40000 -0.0104199 602266 548315
50000 -0.0126667 635905 554196
60000 0.00606332 667574 555981
70000 -0.00595019 696217 551158
80000 -0.00736326 720907 535100
90000 -0.00342731 761171 551879
100000 -0.0052508 784018 534247
150000 0.011013 881919 380608
200000 -0.00421225 974933 211371
300000 0.0100288 1.17208e+06 -96370.3
400000 0.00868694 1.50951e+06 -109023
500000 0.000219803 1.90447e+06 14968.1
600000 0.0129048 2.26123e+06 84575.4
700000 0.0153983 2.73039e+06 343191
