6009 -4 0 974.683
0.0325500 0.9840500 31.5687446 31.5687446 301.4751359
0.0357000 0.9818085 34.5850929 34.5850929 301.5185975
0.0399000 0.9791383 38.5977185 38.5977185 301.5786146
0.0451500 0.9759428 43.5984786 43.5984786 301.6423224
0.0504000 0.9725072 48.5813630 48.5813630 301.7019441
0.0567000 0.9683014 54.5385941 54.5385941 301.7697094
0.0640500 0.9628478 61.4527227 61.4527227 301.8368434
0.0714000 0.9581654 68.3306393 68.3306393 301.9057174
0.0798000 0.9530344 76.1532854 76.1532854 301.9805522
0.0892500 0.9476474 84.9010606 84.9010606 302.0666835
0.1008000 0.9404798 95.5237509 95.5237509 302.1572755
0.1123500 0.9337437 106.0686051 106.0686051 302.2395554
0.1260000 0.9266064 118.4403000 118.4403000 302.3384621
0.1417500 0.9179142 132.5932035 132.5932035 302.4368276
0.1585500 0.9093490 147.5496283 147.5496283 302.5210714
0.1785000 0.8997680 165.1346084 165.1346084 302.6084906
0.2005500 0.8895713 184.3553728 184.3553728 302.6884300
0.2247000 0.8785151 205.1649264 205.1649264 302.7768217
0.2520000 0.8672304 228.3805436 228.3805436 302.8659333
0.2824500 0.8545837 253.9253989 253.9253989 302.9368018
0.3171000 0.8414193 282.5608413 282.5608413 302.9962080
0.3549000 0.8281203 313.3256454 313.3256454 303.0487455
0.3990000 0.8132206 348.5907804 348.5907804 303.0935453
0.4473000 0.7990596 386.5131974 386.5131974 303.1283823
0.5019000 0.7834607 428.6059505 428.6059505 303.1584465
0.5628000 0.7677397 474.6189194 474.6189194 303.1881335
0.6310500 0.7509982 525.1267265 525.1267265 303.1965835
0.7087500 0.7344709 581.3765879 581.3765879 303.2147415
0.7948500 0.7177039 642.2987839 642.2987839 303.2102638
0.8914500 0.7016561 709.1155671 709.1155671 303.2150255
1.0006500 0.6850828 782.8671136 782.8671136 303.2023969
1.1227651 0.6684727 863.4124028 863.4124028 303.1939704
1.2594751 0.6511310 951.3197128 951.3197128 303.1923341
1.4127226 0.6332616 1047.2466378 1047.2466378 303.1818658
1.5858151 0.6166535 1152.6483311 1152.6483311 303.1533012
1.7787526 0.6013876 1267.1261301 1267.1261301 303.1586101
1.9959451 0.5851098 1392.6905707 1392.6905707 303.1484606
2.2393220 0.5705362 1529.6770003 1529.6770003 303.0646737
2.5125215 0.5585604 1680.0044788 1680.0044788 303.0787838
2.8192921 0.5424108 1844.4080505 1844.4080505 303.0701330
3.1631068 0.5260171 2023.2474329 2023.2474329 303.0263453
3.5483644 0.5106238 2217.4326356 2217.4326356 303.0029861
3.9810846 0.4964607 2429.8259054 2429.8259054 302.9743676
4.4672872 0.4849088 2662.3197583 2662.3197583 302.9353486
5.0118948 0.4708962 2915.4160623 2915.4160623 302.9536919
5.6245099 0.4552721 3191.5904906 3191.5904906 302.9047834
6.3098094 0.4456654 3492.8059321 3492.8059321 302.8630128
7.0803644 0.4379286 3823.1682351 3823.1682351 302.8001725
7.9440561 0.4250017 4185.5563338 4185.5563338 302.8275450
8.9125633 0.4140718 4581.0869778 4581.0869778 302.8460963
10.0014481 0.4080099 5017.9277243 5017.9277243 302.7989638
11.2210876 0.3952926 5493.7316827 5493.7316827 302.7511088
12.5894367 0.3897307 6017.4374628 6017.4374628 302.7030586
14.1269504 0.3805546 6593.0278861 6593.0278861 302.6801238
15.8491767 0.3709742 7222.4748211 7222.4748211 302.7012538
17.7840324 0.3608543 7913.4767347 7913.4767347 302.6661012
19.9529062 0.3533898 8675.4691869 8675.4691869 302.6300808
22.3872322 0.3423430 9503.4207233 9503.4207233 302.5471278
25.1199938 0.3383913 10409.9226036 10409.9226036 302.5212360
28.1840786 0.3302504 11407.1718016 11407.1718016 302.5013916
31.6237393 0.3259209 12504.9753758 12504.9753758 302.4629625
35.4826072 0.3248806 13730.8780889 13730.8780889 302.4508191
39.8132470 0.3145894 15084.0674789 15084.0674789 302.4420499
44.6694872 0.3097806 16563.4408925 16563.4408925 302.4370883
50.1205675 0.3053272 18201.7845044 18201.7845044 302.3365841
56.2377471 0.2949573 19997.6825337 19997.6825337 302.2789466
63.0967693 0.2921142 21976.6512262 21976.6512262 302.2633593
70.7954662 0.2853814 24156.0880885 24156.0880885 302.1975373
79.4340106 0.2829176 26537.3596199 26537.3596199 302.1568791
89.1259377 0.2760666 29175.0561982 29175.0561982 302.0704703
100.0026275 0.2682754 32078.4839409 32078.4839409 302.0613538
112.2074471 0.2598873 35225.3224621 35225.3224621 301.9365708
125.8964104 0.2554100 38684.7313304 38684.7313304 301.8006544
141.2559945 0.2472981 42459.4736110 42459.4736110 301.6949085
158.4947918 0.2518741 46607.1697622 46607.1697622 301.6311365
177.8326602 0.2447007 51237.4581525 51237.4581525 301.5430396
199.5344894 0.2383941 56323.0554510 56323.0554510 301.3684898
223.8731455 0.2352188 61878.7528565 61878.7528565 301.2557136
251.1895596 0.2222688 67947.9619973 67947.9619973 301.0560350
281.8404883 0.2209309 74576.4182126 74576.4182126 300.8711702
316.2378815 0.2153269 81961.0308677 81961.0308677 300.7342042
354.8252370 0.2140582 89924.8921326 89924.8921326 300.6119617
398.1250863 0.2076723 98745.9837249 98745.9837249 300.4513279
446.6934609 0.2018553 108461.4534088 108461.4534088 300.2333214
501.1903976 0.1995737 119135.6949861 119135.6949861 299.9878751
562.3470481 0.1904639 130725.7630633 130725.7630633 299.6870699
630.9576992 0.1851937 143399.6693220 143399.6693220 299.1666818
707.9626349 0.1823455 157406.2053351 157406.2053351 298.7962838
794.3311114 0.1795965 172532.7788223 172532.7788223 298.3811089
891.2901875 0.1717964 188918.8342799 188918.8342799 298.0379431
1000.0152949 0.1703345 206973.1104786 206973.1104786 297.6516884
1122.0453570 0.1625987 226390.9027278 226390.9027278 297.2270223
1258.9519017 0.1559753 247583.8755101 247583.8755101 296.7602254
1412.6025846 0.1573114 270843.7782252 270843.7782252 296.3477331
1584.9192513 0.1520304 296909.5005831 296909.5005831 295.7538985
1778.3297629 0.1511734 325419.5329601 325419.5329601 295.2329210
1995.3396487 0.1472127 356777.8557767 356777.8557767 294.6705535
2238.7495208 0.1280136 389371.3350368 389371.3350368 293.9616488
2511.9332487 0.1262458 422750.7043622 422750.7043622 293.2380492
2818.4067961 0.1191739 458151.4443829 458151.4443829 292.4065710
3162.3160538 0.1149399 497282.4602565 497282.4602565 291.6659312
3548.2246552 0.1118109 539543.6422503 539543.6422503 290.9848867
3981.0824729 0.1037191 584850.0310799 584850.0310799 290.1191184
4466.8445267 0.0940506 632013.0980670 632013.0980670 289.2906031
5011.9508737 0.0965956 681848.9383913 681848.9383913 288.5980009
5623.4686414 0.0995706 738109.7392717 738109.7392717 288.0397781
6309.6060499 0.0833014 797768.4286266 797768.4286266 287.5055627
7079.5178905 0.0826071 863148.4965518 863148.4965518 286.7540029
7943.3360745 0.0818703 934187.7157987 934187.7157987 286.2695698
8912.5538779 0.0798642 1012232.7421802 1012232.7421802 285.9588076
10000.0576380 0.0855981 1100624.1117431 1100624.1117431 285.7156418
11220.2837932 0.0756002 1200196.0301912 1200196.0301912 284.7371043
12589.2832138 0.0841431 1310525.7458020 1310525.7458020 283.3765345
14125.4898594 0.0758014 1436209.6436273 1436209.6436273 282.3999299
15849.0266991 0.0748485 1559861.7074895 1559861.7074895 280.8274157
17782.8284773 0.0791130 1703263.9458979 1703263.9458979 279.5540225
19952.6405589 0.0770161 1869603.3740678 1869603.3740678 278.1333895
22387.3110130 0.0692929 2043162.7849023 2043162.7849023 276.8416502
25118.9399788 0.0717540 2235289.6210634 2235289.6210634 275.8540067
28183.8378200 0.0649432 2444542.1280753 2444542.1280753 274.7356971
31622.8492882 0.0538523 2632460.7381848 2632460.7381848 273.9636432
35481.3448326 0.0526450 2821289.8631528 2821289.8631528 273.1881769
39810.8123001 0.0515866 3038651.5420708 3038651.5420708 272.5434144
44668.4408210 0.0579794 3303606.0420108 3303606.0420108 272.1464894
50118.8218320 0.0533400 3590125.8055397 3590125.8055397 271.6625457
56234.1823694 0.0567220 3932693.1523716 3932693.1523716 270.9392896
63095.8439737 0.0563269 4323300.2419227 4323300.2419227 270.6726564
70794.7386130 0.0572909 4765654.1678569 4765654.1678569 270.4799882
79432.9897122 0.0601054 5237620.4616560 5237620.4616560 270.2945027
89125.2011949 0.0538741 5771414.2233476 5771414.2233476 270.4986265
