1007 0
0 0.9976 4.64921 4.64921
0 0.990707 9.2663 9.2663
0 0.983548 13.85 13.85
0 0.970096 22.9234 22.9234
0 0.957422 31.8769 31.8769
0 0.938777 45.0902 45.0902
0 0.886824 87.4593 87.4593
0 0.847423 123.716 123.716
0 0.784302 195.647 195.647
0 0.739856 262.908 262.908
1 0.690328 359.264 359.264
2 0.596893 641.478 641.478
3 0.547666 893.539 893.539
5 0.493759 1354.52 1354.52
7 0.463495 1777.56 1777.56
10 0.43114 2373.7 2373.7
15 0.403574 3295.17 3295.17
20 0.38456 4169.79 4169.79
30 0.354215 5803.59 5803.59
50 0.320044 8784.93 8784.93
70 0.293672 11518.6 11518.6
100 0.271874 15318.7 15318.7
150 0.251942 21113.6 21113.6
200 0.235069 26517.4 26517.4
300 0.204066 36274.4 36274.4
500 0.180711 53499.2 53499.2
700 0.172189 69221.5 69221.5
1000 0.159491 91299.5 91299.5
1500 0.153452 126347 126347
2000 0.151172 159507 159507
3000 0.145585 226592 226592
5000 0.141466 353524 353524
7000 0.133471 480451 480451
10000 0.116284 642342 642342
15000 0.11302 899924 899924
20000 0.111437 1.15307e+06 1.15307e+06
