1011 0
0 0.99843 4.63962 4.63962
0 0.991503 9.24704 9.24704
0 0.984266 13.8208 13.8208
0 0.970564 22.8722 22.8722
0 0.957519 31.8017 31.8017
0 0.93939 44.9807 44.9807
0 0.888119 87.2703 87.2703
0 0.849027 123.48 123.48
0 0.786432 195.358 195.358
0 0.742772 262.656 262.656
1 0.691772 359.009 359.009
2 0.600168 641.446 641.446
3 0.550543 893.918 893.918
5 0.496957 1355.85 1355.85
7 0.462683 1779.67 1779.67
10 0.43373 2374.38 2374.38
15 0.405187 3300.24 3300.24
20 0.382894 4170.96 4170.96
30 0.355223 5809.5 5809.5
50 0.32098 8798.98 8798.98
70 0.297746 11530 11530
100 0.278373 15338.8 15338.8
150 0.2595 21255.2 21255.2
200 0.246096 26792.4 26792.4
300 0.234888 37377.8 37377.8
500 0.204662 56575.1 56575.1
700 0.195361 73994.3 73994.3
1000 0.184613 98455.7 98455.7
1500 0.161303 136388 136388
2000 0.159447 171859 171859
3000 0.136165 237197 237197
5000 0.132314 356421 356421
7000 0.130607 472422 472422
10000 0.119024 635254 635254
15000 0.117736 904329 904329
20000 0.125064 1.17369e+06 1.17369e+06
