1000 0
0 44.4651 0 0
0 0.993688 0.443103 0.443103
0 0.987511 0.883431 0.883431
0 0.981475 1.32105 1.32105
0 0.969794 2.18838 2.18838
0 0.95862 3.04557 3.04557
0 0.942732 4.31326 4.31326
0 0.89624 8.3973 8.3973
0 0.85786 12.2936 12.2936
0 0.798037 19.6414 19.6414
0 0.75291 26.5281 26.5281
1 0.70199 36.2132 36.2132
2 0.600915 64.9098 64.9098
3 0.545334 90.2939 90.2939
5 0.4822 135.675 135.675
7 0.445483 176.805 176.805
10 0.410743 233.726 233.726
15 0.375937 320.831 320.831
20 0.353742 401.787 401.787
30 0.325432 552.233 552.233
50 0.294236 826.284 826.284
70 0.275858 1079.2 1079.2
100 0.257408 1434.02 1434.02
150 0.239127 1984.12 1984.12
200 0.226669 2501.26 2501.26
300 0.210763 3470.59 3470.59
500 0.193456 5257.18 5257.18
700 0.18368 6932.79 6932.79
1000 0.166833 9277.64 9277.64
1500 0.158308 12855.3 12855.3
2000 0.155277 16346.1 16346.1
3000 0.149715 23090.2 23090.2
5000 0.142535 36018.4 36018.4
7000 0.142749 48692.3 48692.3
10000 0.140951 67583.3 67583.3
15000 0.140863 98910.4 98910.4
20000 0.140808 130221 130221
30000 0.140789 192825 192825
40000 0.140788 255427 255427
50000 0.140788 318028 318028
60000 0.140788 380630 380630
70000 0.140788 443231 443231
80000 0.140788 505833 505833
90000 0.140788 568434 568434
100000 0.140788 631036 631036
150000 0.140788 944044 944044
200000 0.140788 1.25705e+06 1.25705e+06
300000 0.140819 1.88306e+06 1.88306e+06
400000 0.14101 2.50924e+06 2.50924e+06
500000 0.14039 3.13658e+06 3.13658e+06
600000 0.106512 3.73334e+06 3.73334e+06
700000 0.0996551 4.18818e+06 4.18818e+06
800000 0.100593 4.65233e+06 4.65233e+06
900000 0.108493 5.11635e+06 5.11635e+06
1000000 0.0848975 5.50214e+06 5.50214e+06
