1001 0
1 0.578309 604.167 604.167
2 0.48667 1062.37 1062.37
3 0.430559 1451.64 1451.64
5 0.386373 2150.82 2150.82
7 0.341123 2768.24 2768.24
10 0.306003 3594.96 3594.96
15 0.260824 4819.43 4819.43
20 0.252258 5934.48 5934.48
30 0.224225 7923.15 7923.15
50 0.182158 11374.4 11374.4
70 0.168469 14374.5 14374.5
100 0.153544 18520.9 18520.9
150 0.138184 24848.8 24848.8
200 0.128501 30503.7 30503.7
300 0.128592 40598.5 40598.5
500 0.0960128 57810.1 57810.1
700 0.0943684 73381.7 73381.7
1000 0.0748552 93652.6 93652.6
1500 0.0599661 124136 124136
2000 0.0593522 151316 151316
3000 0.0471857 195970 195970
5000 0.0488115 271128 271128
7000 0.0436177 343187 343187
10000 0.0334292 439055 439055
15000 0.0182859 566079 566073
20000 0.0139148 668765 668729
30000 0.015789 884855 884769
40000 0.0148561 1.06431e+06 1.06396e+06
50000 0.0407911 1.24467e+06 1.24411e+06
60000 0.022426 1.40594e+06 1.40503e+06
70000 0.0146556 1.57934e+06 1.57817e+06
80000 0.033703 1.76504e+06 1.76371e+06
90000 0.0122131 1.92482e+06 1.92283e+06
100000 0.0103448 2.07897e+06 2.07641e+06
150000 0.0333268 2.90035e+06 2.89589e+06
200000 0.0175737 3.67501e+06 3.66776e+06
300000 0.0142707 5.13921e+06 5.1225e+06
400000 0.000144274 6.17109e+06 6.11274e+06
500000 0.0205932 7.35128e+06 7.26957e+06
600000 0.0283257 8.19959e+06 8.04735e+06
700000 0.00643733 9.36981e+06 9.18983e+06
800000 0.00723351 1.05196e+07 1.03043e+07
900000 0.0159156 1.14237e+07 1.11438e+07
1000000 0.0108811 1.24094e+07 1.2072e+07
