1002 0
1 0.573378 603.3 603.3
2 0.477658 1049 1049
3 0.427277 1435.23 1435.23
5 0.368632 2110.92 2110.92
7 0.329852 2707.48 2707.48
10 0.286459 3511.69 3511.69
15 0.286353 4736.88 4736.88
20 0.258957 5870.33 5870.33
30 0.22051 7894.11 7894.11
50 0.196766 11524 11524
70 0.176347 14761.1 14761.1
100 0.159319 19110.7 19110.7
150 0.150096 25673.7 25673.7
200 0.1271 31462.2 31462.2
300 0.118584 42128.7 42128.7
500 0.0874276 59866.2 59866.2
700 0.0864934 76722.7 76722.7
1000 0.0695398 96834.4 96834.4
1500 0.0786547 124160 124160
2000 0.0421164 146109 146109
3000 0.0287639 179544 179543
5000 0.0141392 228065 228063
7000 0.0223266 266075 266023
10000 0.0057981 300746 300131
15000 0.00465508 365858 364741
20000 0.0254452 424444 422446
30000 0.0143126 541084 537200
40000 0.010801 621730 611952
50000 -0.0145844 659017 625651
60000 0.0092935 714454 666981
70000 0.0144394 794082 739966
80000 0.00858076 869363 807750
90000 -0.00376367 942309 872211
100000 -0.0122171 988920 902671
150000 0.0187616 1.26608e+06 1.108e+06
200000 0.00765269 1.74873e+06 1.56837e+06
300000 0.0130183 2.55472e+06 2.30082e+06
400000 0.0137188 3.33639e+06 3.00741e+06
500000 -0.00291127 4.29221e+06 3.91415e+06
600000 0.00102034 5.30329e+06 4.88356e+06
700000 -4.85036e-05 6.28599e+06 5.8126e+06
800000 -0.0101307 6.98635e+06 6.40458e+06
900000 0.0199244 7.85249e+06 7.19681e+06
1000000 0.0115263 8.62703e+06 7.87317e+06
