1005 0
1 0.578875 600.008 600.008
2 0.482887 1045.02 1045.02
3 0.423865 1432.28 1432.28
5 0.356346 2091.52 2091.52
7 0.345993 2679.7 2679.7
10 0.309673 3498.11 3498.11
15 0.260602 4716.38 4716.38
20 0.232375 5780.15 5780.15
30 0.202039 7735.05 7735.05
50 0.193327 11119 11119
70 0.166899 14214.9 14214.9
100 0.142648 18304 18304
150 0.142973 24672.2 24672.2
200 0.148789 30520.5 30520.5
300 0.121336 41382.1 41382.1
500 0.111491 60371.8 60371.8
700 0.101776 77066.4 77066.4
1000 0.0820628 99071.9 99071.9
1500 0.0701009 127915 127915
2000 0.042904 151823 151823
3000 0.0527918 188780 188780
5000 0.032865 254324 254324
7000 0.0227152 306628 306628
10000 0.0317852 375861 375849
15000 0.0183798 475898 475789
20000 0.00808145 534646 533502
30000 0.0190858 639700 635745
40000 -0.00573345 741127 733355
50000 0.0142925 823928 809753
60000 0.00478863 906118 884190
70000 0.00700146 982540 951792
80000 -0.00085946 1.05211e+06 1.01282e+06
90000 0.00714955 1.15111e+06 1.10859e+06
100000 0.0269787 1.24399e+06 1.19703e+06
150000 0.00878309 1.66919e+06 1.5941e+06
200000 0.00491522 2.09415e+06 1.98893e+06
300000 -0.0103994 2.74052e+06 2.51756e+06
400000 0.0282901 3.23159e+06 2.79461e+06
500000 0.0112763 4.14121e+06 3.64685e+06
600000 0.0201591 5.15742e+06 4.62264e+06
700000 0.00328611 6.09593e+06 5.50874e+06
800000 0.00314736 6.8553e+06 6.16995e+06
900000 0.0104727 7.38477e+06 6.51739e+06
1000000 0.0186323 7.99635e+06 6.97755e+06
