1012 0
1 0.570852 595.697 595.697
2 0.485536 1041.05 1041.05
3 0.422201 1420.54 1420.54
5 0.378015 2097.61 2097.61
7 0.349626 2715.75 2715.75
10 0.286055 3531.84 3531.84
15 0.254425 4701.98 4701.98
20 0.247757 5803.87 5803.87
30 0.212875 7749.58 7749.58
50 0.194285 11227.5 11227.5
70 0.158236 14324.5 14324.5
100 0.146909 18372 18372
150 0.155095 24762.1 24762.1
200 0.124201 30279.3 30279.3
300 0.101563 39565.9 39565.9
500 0.0782521 55485 55485
700 0.0942211 69206.9 69206.9
1000 0.0744698 88303.4 88303.4
1500 0.067249 117182 117182
2000 0.0532414 140285 140285
3000 0.033346 178780 178780
5000 0.039102 230187 230186
7000 0.0254755 268275 268243
10000 0.0133682 306884 306501
15000 -0.00185118 350853 347600
20000 0.000525325 371642 358547
30000 6.34942e-05 425836 396867
40000 -0.0066128 475787 432389
50000 0.00929712 523824 464760
60000 0.00253888 580442 508132
70000 0.0201762 666884 589741
80000 0.0067282 728836 640673
90000 0.0015359 786690 685863
100000 -0.000632343 842810 729344
150000 0.00683207 1.10186e+06 913041
200000 0.00949214 1.29248e+06 984188
300000 0.00754267 1.62104e+06 1.01361e+06
400000 0.0114449 2.09092e+06 1.30026e+06
500000 0.00841677 2.61295e+06 1.65552e+06
600000 -0.00443298 3.05933e+06 1.88916e+06
700000 0.00351356 3.43517e+06 2.00453e+06
800000 0.00812458 3.74697e+06 1.97984e+06
900000 -0.00766571 3.9085e+06 1.56153e+06
1000000 0.0129345 4.11784e+06 1.28186e+06
