1013 0
1 0.569413 596.067 596.067
2 0.478106 1042.35 1042.35
3 0.413121 1418.07 1418.07
5 0.354942 2075.74 2075.74
7 0.339462 2661.15 2661.15
10 0.289013 3442.87 3442.87
15 0.250217 4581.61 4581.61
20 0.242851 5661.09 5661.09
30 0.214964 7599.75 7599.75
50 0.185384 11043.8 11043.8
70 0.17073 14133.4 14133.4
100 0.157019 18525.2 18525.2
150 0.151393 24914.3 24914.3
200 0.136804 31126.1 31126.1
300 0.122248 41941 41941
500 0.105122 61039.6 61039.6
700 0.100178 77011.4 77011.4
1000 0.0899929 98739.4 98739.4
1500 0.0749231 131362 131362
2000 0.0630827 162397 162397
3000 0.0510804 208997 208997
5000 0.0354846 273497 273497
7000 0.0182014 312719 312693
10000 0.00239938 347184 346558
15000 -0.00513893 423610 422736
20000 0.0110027 491191 489742
30000 0.00302577 622420 619625
40000 0.0152501 688043 673924
50000 0.0104725 737587 706739
60000 -0.0011018 778237 725416
70000 -0.00638776 810257 730206
80000 0.00688498 843372 738398
90000 -0.00375162 872586 736513
100000 -0.0117458 893295 715594
150000 -0.00521063 990994 595231
200000 -0.00059968 1.14869e+06 602907
300000 0.00203596 1.31818e+06 258839
400000 -0.00432354 1.43748e+06 -301677
500000 -0.0229156 1.51695e+06 -1.01069e+06
600000 -0.0172342 1.55614e+06 -2.01873e+06
700000 -0.0115444 1.57394e+06 -3.28504e+06
800000 -0.0110973 1.60066e+06 -4.45806e+06
900000 -0.00507551 1.67146e+06 -5.31047e+06
1000000 -0.0270087 1.73877e+06 -6.15527e+06
