1015 0
1 0.573186 596.669 596.669
2 0.481651 1042.62 1042.62
3 0.430408 1430.43 1430.43
5 0.35852 2109.5 2109.5
7 0.329299 2692.44 2692.44
10 0.284573 3477.59 3477.59
15 0.257568 4623.52 4623.52
20 0.245312 5689.02 5689.02
30 0.221858 7606.95 7606.95
50 0.175663 10914.5 10914.5
70 0.165778 14018.8 14018.8
100 0.163742 18149 18149
150 0.141134 24430.7 24430.7
200 0.117974 29983.3 29983.3
300 0.11014 40061.2 40061.2
500 0.0902793 57699.5 57699.5
700 0.0720685 72097.3 72097.3
1000 0.0747459 92140.5 92140.5
1500 0.0606721 121198 121198
2000 0.0540014 144238 144238
3000 0.0537095 179634 179634
5000 0.0450527 248627 248627
7000 0.0248374 314011 314011
10000 0.0255386 384901 384895
15000 0.0241155 492542 492525
20000 0.0256618 620967 620947
30000 0.0258795 873553 873528
40000 0.035551 1.07852e+06 1.07844e+06
50000 0.0235606 1.26544e+06 1.26518e+06
60000 0.0163495 1.41649e+06 1.41561e+06
70000 0.0240892 1.50508e+06 1.4992e+06
80000 0.0194515 1.60875e+06 1.59982e+06
90000 0.00146383 1.71165e+06 1.6997e+06
100000 -0.00142006 1.81777e+06 1.80297e+06
150000 0.00777356 2.45142e+06 2.42806e+06
200000 -0.000846836 3.02453e+06 2.9891e+06
300000 0.0150963 4.07793e+06 4.00506e+06
400000 0.0121494 5.05114e+06 4.9341e+06
500000 0.00272803 5.96894e+06 5.79852e+06
600000 -0.000438065 6.67735e+06 6.40675e+06
700000 0.0139324 7.51615e+06 7.16852e+06
800000 0.0137952 8.61651e+06 8.23382e+06
900000 0.020246 9.62367e+06 9.19019e+06
1000000 1.25108e-05 1.05462e+07 1.00444e+07
