1024 0
1 0.573757 602.448 602.448
2 0.495552 1056.22 1056.22
3 0.437552 1455.15 1455.15
5 0.38707 2151.78 2151.78
7 0.351527 2777.32 2777.32
10 0.302659 3612.97 3612.97
15 0.284496 4866.69 4866.69
20 0.255733 6038.1 6038.1
30 0.23251 8130.29 8130.29
50 0.209618 11770.1 11770.1
70 0.181954 15011.4 15011.4
100 0.164776 19395 19395
150 0.142663 26103.8 26103.8
200 0.123878 31858.1 31858.1
300 0.133562 42773.5 42773.5
500 0.106885 62113.2 62113.2
700 0.0802089 78954.1 78954.1
1000 0.0781309 99856.5 99856.5
1500 0.0664006 129622 129622
2000 0.0551493 154187 154187
3000 0.0299748 193514 193514
5000 0.0415601 256451 256451
7000 0.0212809 303234 303230
10000 0.0154281 363646 363603
15000 0.0186336 431836 431199
20000 -0.00261504 484450 482413
30000 -0.00872253 545376 530628
40000 0.00563524 574693 531340
50000 -0.00138415 616379 552807
60000 0.0112186 651860 563581
70000 0.00358167 685875 570394
80000 0.00345586 705303 543245
90000 -0.00584769 746146 563760
100000 -0.000872878 799038 602812
150000 0.0144539 1.06036e+06 776183
200000 0.00160231 1.23978e+06 817517
300000 0.0123792 1.584e+06 882810
400000 -0.00610424 1.79023e+06 648880
500000 -0.0131931 1.97553e+06 355380
600000 0.0091751 2.18026e+06 95747.4
700000 -0.0227847 2.27705e+06 -550449
800000 -0.0120399 2.33198e+06 -1.44438e+06
900000 -0.0154697 2.36292e+06 -2.58116e+06
1000000 -0.0242451 2.40257e+06 -3.6484e+06
