1001 0
0 870.114 0 0
0 0.994561 8.67483 8.67483
0 0.9893 17.3036 17.3036
0 0.984263 25.8871 25.8871
0 0.974236 42.9236 42.9236
0 0.964521 59.7879 59.7879
0 0.950544 84.775 84.775
0 0.908382 165.586 165.586
0 0.871252 242.957 242.957
0 0.810461 389.059 389.059
0 0.763278 525.83 525.83
1 0.708803 717.599 717.599
2 0.596626 1280.17 1280.17
3 0.532307 1768.88 1768.88
5 0.457557 2623.85 2623.85
7 0.414985 3380.17 3380.17
10 0.373423 4406.4 4406.4
15 0.333603 5937.57 5937.57
20 0.310013 7334.76 7334.76
30 0.278087 9879.35 9879.35
50 0.244599 14397.4 14397.4
70 0.223662 18454.4 18454.4
100 0.20428 24012 24012
150 0.186528 32487.7 32487.7
200 0.172971 40221.8 40221.8
300 0.157274 54615.1 54615.1
500 0.135099 80239.7 80239.7
700 0.124635 102677 102677
1000 0.114691 133544 133544
1500 0.101395 180556 180556
2000 0.0966168 224072 224072
3000 0.0800353 300612 300612
5000 0.074649 433162 433162
7000 0.0685288 555366 555366
10000 0.0649223 717703 717703
15000 0.0493559 954451 954451
20000 0.0468327 1.16297e+06 1.16297e+06
30000 0.04325 1.5146e+06 1.5146e+06
40000 0.0425747 1.87134e+06 1.87134e+06
50000 0.0360299 2.18818e+06 2.18818e+06
60000 0.0387586 2.49828e+06 2.49828e+06
70000 0.0364798 2.79374e+06 2.79374e+06
80000 0.0332799 3.07036e+06 3.07036e+06
90000 0.0328245 3.34711e+06 3.34711e+06
100000 0.0314658 3.63019e+06 3.63019e+06
150000 0.0200864 4.87352e+06 4.87352e+06
200000 0.0179253 5.85606e+06 5.85606e+06
300000 0.0178748 7.68102e+06 7.68102e+06
400000 0.0241756 9.2873e+06 9.2873e+06
500000 0.0179945 1.10838e+07 1.10838e+07
600000 0.0195823 1.27902e+07 1.27902e+07
700000 0.0225604 1.45792e+07 1.45792e+07
800000 0.0237123 1.63424e+07 1.63424e+07
900000 0.027293 1.8261e+07 1.8261e+07
