6010 -3.52 0 784.793
0.0325500 0.9497354 24.8114284 24.8114284 30.7185911
0.0357000 0.9455608 27.1517471 27.1517471 30.8361664
0.0399000 0.9402521 30.2571940 30.2571940 30.9875742
0.0451500 0.9339882 34.1152862 34.1152862 31.1709152
0.0504000 0.9278654 37.9474239 37.9474239 31.3442151
0.0567000 0.9210319 42.5143200 42.5143200 31.5590996
0.0640500 0.9137910 47.8018527 47.8018527 31.8097361
0.0714000 0.9047773 53.0425391 53.0425391 32.0371467
0.0798000 0.8970407 58.9773295 58.9773295 32.2761904
0.0892500 0.8880585 65.5922794 65.5922794 32.5426795
0.1008000 0.8780722 73.5931477 73.5931477 32.8537267
0.1123500 0.8680284 81.5011328 81.5011328 33.1268901
0.1260000 0.8568418 90.7336010 90.7336010 33.4220639
0.1417500 0.8440080 101.2421026 101.2421026 33.7213180
0.1585500 0.8329911 112.2849763 112.2849763 34.0347475
0.1785000 0.8176712 125.1976136 125.1976136 34.3694903
0.2005500 0.8020664 139.2092150 139.2092150 34.7212646
0.2247000 0.7894111 154.2865849 154.2865849 35.0265419
0.2520000 0.7756950 171.0487708 171.0487708 35.3659487
0.2824500 0.7606100 189.3986037 189.3986037 35.7198103
0.3171000 0.7449047 209.8516675 209.8516675 36.0621139
0.3549000 0.7260915 231.6593559 231.6593559 36.3748731
0.3990000 0.7095842 256.4988904 256.4988904 36.6563590
0.4473000 0.6938888 283.0836099 283.0836099 36.9890184
0.5019000 0.6740502 312.3785627 312.3785627 37.2709608
0.5628000 0.6568828 344.1437318 344.1437318 37.6077772
0.6310500 0.6382285 378.8395882 378.8395882 37.8419008
0.7087500 0.6208066 417.2015596 417.2015596 38.0374318
0.7948500 0.6050394 458.6057518 458.6057518 38.2746734
0.8914500 0.5836881 503.6082765 503.6082765 38.5222408
1.0006500 0.5654831 552.8590648 552.8590648 38.7320785
1.1227651 0.5451523 605.8941735 605.8941735 38.9385387
1.2594751 0.5312225 663.7385832 663.7385832 39.1626232
1.4127226 0.5110872 726.4174290 726.4174290 39.3021171
1.5858151 0.4900326 794.3271239 794.3271239 39.4797336
1.7787526 0.4759720 867.3455392 867.3455392 39.4879807
1.9959451 0.4609579 947.0519211 947.0519211 39.5076024
2.2393220 0.4443634 1033.2700206 1033.2700206 39.7327946
2.5125215 0.4255627 1126.4183460 1126.4183460 39.8339401
2.8192921 0.4086879 1227.1341536 1227.1341536 39.9198285
3.1631068 0.3964067 1335.5818460 1335.5818460 40.0997220
3.5483644 0.3796240 1452.7417964 1452.7417964 40.1667199
3.9810846 0.3670415 1579.7477289 1579.7477289 40.1539948
4.4672872 0.3521959 1717.5880826 1717.5880826 40.2855032
5.0118948 0.3419518 1864.6126027 1864.6126027 40.3983417
5.6245099 0.3273644 2024.8309944 2024.8309944 40.5332950
6.3098094 0.3104360 2196.0807951 2196.0807951 40.6077134
7.0803644 0.3021196 2380.7920583 2380.7920583 40.7424503
7.9440561 0.2903400 2581.3688431 2581.3688431 40.6460132
8.9125633 0.2839941 2800.6515659 2800.6515659 40.8067045
10.0014481 0.2638251 3035.1924367 3035.1924367 40.9324117
11.2210876 0.2600250 3283.5337418 3283.5337418 40.8981284
12.5894367 0.2513653 3559.2904743 3559.2904743 40.8765475
14.1269504 0.2420665 3855.5024775 3855.5024775 40.9072392
15.8491767 0.2402889 4183.0071591 4183.0071591 41.0261860
17.7840324 0.2375555 4544.6374095 4544.6374095 41.1075540
19.9529062 0.2208742 4930.4681734 4930.4681734 41.1503150
22.3872322 0.2138896 5343.7468075 5343.7468075 41.2098819
25.1199938 0.2088412 5791.6848400 5791.6848400 41.1051162
28.1840786 0.1993756 6276.2158260 6276.2158260 41.2423005
31.6237393 0.1955386 6815.8572027 6815.8572027 41.1023261
35.4826072 0.1815045 7387.8676436 7387.8676436 41.2261127
39.8132470 0.1816874 8011.1748228 8011.1748228 41.1967075
44.6694872 0.1724279 8674.0212530 8674.0212530 41.1092834
50.1205675 0.1666335 9403.3055417 9403.3055417 41.1334636
56.2377471 0.1632895 10187.7766833 10187.7766833 41.1064246
63.0967693 0.1620680 11053.2804180 11053.2804180 41.1536295
70.7954662 0.1463505 11970.5733618 11970.5733618 41.2002573
79.4340106 0.1526750 12988.5829329 12988.5829329 41.1395847
89.1259377 0.1424031 14093.2297505 14093.2297505 41.1579975
100.0026275 0.1406885 15315.8277566 15315.8277566 41.2203199
112.2074471 0.1332643 16615.7110247 16615.7110247 41.1998232
125.8964104 0.1229085 18038.3925878 18038.3925878 41.0750062
141.2559945 0.1311654 19561.9722754 19561.9722754 41.1201411
158.4947918 0.1134943 21198.5174894 21198.5174894 41.0329485
177.8326602 0.1091984 22926.4208422 22926.4208422 40.9771098
199.5344894 0.1065916 24774.9027726 24774.9027726 40.8537739
223.8731455 0.1040676 26794.7621272 26794.7621272 40.8101881
251.1895596 0.1021031 29004.8951911 29004.8951911 40.6626409
281.8404883 0.0916429 31359.2122933 31359.2122933 40.3925505
316.2378815 0.0851396 33922.3698095 33922.3698095 40.3040438
354.8252370 0.0779933 36393.3131731 36393.3131731 40.1401006
398.1250863 0.0805705 39101.7178600 39101.7178600 39.9222450
446.6934609 0.0769049 41976.2559102 41976.2559102 39.7798333
501.1903976 0.0769018 44972.6280588 44972.6280588 39.4860833
562.3470481 0.0579023 48134.1295857 48134.1295857 39.2848450
630.9576992 0.0619090 51386.9913032 51386.9913032 39.0098119
707.9626349 0.0611940 55030.7629137 55030.7629137 38.8374685
794.3311114 0.0593781 58927.4351081 58927.4351081 38.6547009
891.2901875 0.0577249 63269.5968072 63269.5968072 38.3266517
1000.0152949 0.0472358 68010.9936124 68010.9936124 38.0847681
1122.0453570 0.0472234 73385.3706016 73385.3706016 37.5906621
1258.9519017 0.0495159 78729.0331800 78729.0331800 37.4270960
1412.6025846 0.0371839 84179.3292302 84179.3292302 37.1302378
1584.9192513 0.0245394 89314.0105167 89314.0105167 36.8613925
1778.3297629 0.0327085 94100.4496235 94100.4496235 36.3579288
1995.3396487 0.0367497 99825.8095232 99825.8095232 36.0703353
2238.7495208 0.0359001 105658.0259857 105658.0259857 35.6486414
2511.9332487 0.0291674 112191.0860098 112191.0860098 34.9341510
2818.4067961 0.0116582 118407.0854906 118407.0854906 34.4778193
3162.3160538 0.0237523 125402.2612974 125402.2612974 33.9382362
3548.2246552 0.0100723 130963.5755230 130963.4419500 33.2922385
3981.0824729 0.0186790 135909.0774781 135906.4678593 32.7315484
4466.8445267 0.0137301 141633.3927399 141630.4138841 32.4173166
5011.9508737 0.0128886 147874.6155635 147869.7148024 31.7160287
5623.4686414 0.0128935 152836.3401852 152781.9773843 31.2699828
6309.6060499 0.0116019 157376.7128335 157267.9346776 30.8346477
7079.5178905 0.0066881 162619.0753700 162432.4478729 30.4904634
7943.3360745 0.0127726 167265.7261916 166887.7792951 30.0391324
8912.5538779 -0.0048430 170286.7964705 169291.9640962 29.5034377
10000.0576380 0.0006343 172059.0343619 169420.9234835 28.8832573
11220.2837932 -0.0049068 173632.1883066 168756.3316124 28.3561739
12589.2832138 0.0023669 176149.9664133 169200.2045640 27.8974344
14125.4898594 -0.0015610 178856.5806092 169564.6970444 27.4211968
15849.0266991 -0.0103930 180890.8408895 168051.9441437 27.0744296
17782.8284773 -0.0005596 182328.3739540 164122.2456241 26.6970716
19952.6405589 -0.0026801 184761.9865616 161597.0732795 26.2240694
22387.3110130 0.0018736 186589.7120217 156843.1806005 25.6601592
25118.9399788 0.0039350 190044.2256675 155211.5487410 25.4600608
28183.8378200 0.0046093 200602.1717379 164070.9285056 24.9836875
31622.8492882 0.0039244 209850.8749017 170439.1400831 24.4965678
35481.3448326 0.0015402 222614.4346754 181194.5125833 24.2381623
39810.8123001 -0.0039625 230790.2897982 183418.9367799 24.0721796
44668.4408210 -0.0028555 243079.7798232 190221.8059718 23.8728138
50118.8218320 0.0044732 263076.7425779 207616.4613521 23.8048558
56234.1823694 -0.0007458 282573.6114729 223228.3733607 23.4477917
63095.8439737 0.0092222 312045.8566090 248757.7413696 23.5024466
70794.7386130 0.0119060 356670.3162132 292304.1519577 23.4822388
79432.9897122 -0.0044752 392279.0871312 324816.6851251 23.4223089
89125.2011949 -0.0044375 407385.8448316 322761.6140504 23.3965501
100000.1496297 0.0034184 422621.2534432 318146.3050102 23.5600369
112201.9339986 0.0047808 445898.3662695 323509.7142063 23.6818450
125892.6936390 -0.0045942 457740.1181577 298856.1242774 23.4816313
141253.8311154 -0.0016696 461130.0663482 224956.6853778 23.8773449
158489.5061793 -0.0091517 466866.4635761 149849.1917560 23.9673214
