6012 -3.52 0 779.277
0.0325500 0.9526973 24.7576677 24.7576677 29.9044717
0.0357000 0.9491118 27.0903657 27.0903657 30.0209439
0.0399000 0.9439715 30.1854512 30.1854512 30.1787079
0.0451500 0.9369728 34.0294556 34.0294556 30.3752030
0.0504000 0.9318486 37.8514742 37.8514742 30.5608300
0.0567000 0.9247449 42.4074254 42.4074254 30.7659941
0.0640500 0.9171181 47.6792447 47.6792447 31.0050408
0.0714000 0.9092890 52.9064352 52.9064352 31.2265701
0.0798000 0.9003861 58.8229746 58.8229746 31.4678145
0.0892500 0.8905244 65.4158922 65.4158922 31.7154635
0.1008000 0.8798821 73.3783511 73.3783511 32.0075202
0.1123500 0.8700326 81.2515570 81.2515570 32.2791489
0.1260000 0.8587553 90.4418277 90.4418277 32.5969525
0.1417500 0.8469453 100.9037290 100.9037290 32.9078576
0.1585500 0.8348885 111.9050726 111.9050726 33.2405711
0.1785000 0.8210311 124.7722083 124.7722083 33.5701292
0.2005500 0.8054778 138.7371405 138.7371405 33.9435698
0.2247000 0.7923111 153.7765549 153.7765549 34.2465787
0.2520000 0.7764934 170.4410472 170.4410472 34.5539391
0.2824500 0.7626921 188.7062407 188.7062407 34.8565299
0.3171000 0.7453858 209.0674413 209.0674413 35.2074976
0.3549000 0.7276391 230.7555213 230.7555213 35.4979866
0.3990000 0.7091509 255.4383061 255.4383061 35.8136814
0.4473000 0.6922529 281.8056906 281.8056906 36.1316499
0.5019000 0.6743749 310.8512013 310.8512013 36.4197100
0.5628000 0.6538738 342.3140579 342.3140579 36.6694164
0.6310500 0.6356130 376.5697408 376.5697408 36.8744267
0.7087500 0.6178216 414.5145715 414.5145715 37.1036730
0.7948500 0.6031686 455.5107600 455.5107600 37.3939697
0.8914500 0.5828825 500.0790458 500.0790458 37.5701830
1.0006500 0.5682657 549.0910911 549.0910911 37.8248651
1.1227651 0.5512960 602.3575722 602.3575722 37.9730122
1.2594751 0.5308499 660.0181296 660.0181296 38.1630554
1.4127226 0.5121390 722.3380885 722.3380885 38.3837464
1.5858151 0.4898895 789.8688065 789.8688065 38.5255676
1.7787526 0.4736074 862.4865091 862.4865091 38.6721110
1.9959451 0.4586889 941.0994522 941.0994522 38.6957046
2.2393220 0.4420044 1026.2793812 1026.2793812 38.8657884
2.5125215 0.4246999 1118.3699954 1118.3699954 38.8826553
2.8192921 0.4113009 1218.0015930 1218.0015930 39.0521235
3.1631068 0.3984752 1326.4106637 1326.4106637 39.1467360
3.5483644 0.3794826 1443.5492078 1443.5492078 39.2342448
3.9810846 0.3701777 1569.8487530 1569.8487530 39.3126431
4.4672872 0.3463740 1706.2246908 1706.2246908 39.4374900
5.0118948 0.3386521 1852.4952737 1852.4952737 39.5693066
5.6245099 0.3293560 2012.6647059 2012.6647059 39.5803932
6.3098094 0.3145532 2184.4839282 2184.4839282 39.8138657
7.0803644 0.3058424 2371.1349914 2371.1349914 39.8322823
7.9440561 0.2995067 2572.5235246 2572.5235246 40.0192837
8.9125633 0.2879156 2794.7170221 2794.7170221 40.0408906
10.0014481 0.2738662 3036.2363379 3036.2363379 40.0233102
11.2210876 0.2715392 3299.6472873 3299.6472873 39.9221538
12.5894367 0.2631108 3584.3435152 3584.3435152 40.0995063
14.1269504 0.2520406 3887.0912306 3887.0912306 40.0326358
15.8491767 0.2390363 4213.3997140 4213.3997140 40.1210072
17.7840324 0.2290893 4568.4205195 4568.4205195 40.2252612
19.9529062 0.2252650 4946.9564050 4946.9564050 40.3472989
22.3872322 0.2162008 5363.7159320 5363.7159320 40.2998401
25.1199938 0.2006346 5812.0381365 5812.0381365 40.3986393
28.1840786 0.1998488 6305.3762457 6305.3762457 40.2388663
31.6237393 0.2011788 6837.6813127 6837.6813127 40.3415162
35.4826072 0.1804077 7421.4890635 7421.4890635 40.4099133
39.8132470 0.1776490 8029.2076665 8029.2076665 40.2912797
44.6694872 0.1784835 8716.4341469 8716.4341469 40.3684005
50.1205675 0.1701936 9453.4937850 9453.4937850 40.3096966
56.2377471 0.1620867 10220.2676485 10220.2676485 40.4653781
63.0967693 0.1483685 11063.3759080 11063.3759080 40.4407977
70.7954662 0.1392513 11931.6367324 11931.6367324 40.3547142
79.4340106 0.1340193 12870.1122431 12870.1122431 40.3168031
89.1259377 0.1356588 13906.6636519 13906.6636519 40.4603383
100.0026275 0.1389694 15074.9447487 15074.9447487 40.3307551
112.2074471 0.1225372 16293.9382148 16293.9382148 40.2790824
125.8964104 0.1241421 17665.4818594 17665.4818594 40.1255266
141.2559945 0.1186923 19143.5566136 19143.5566136 40.0528642
158.4947918 0.1118726 20733.3927357 20733.3927357 39.9926983
177.8326602 0.1193034 22421.4081901 22421.4081901 40.0411117
199.5344894 0.1011269 24248.4491543 24248.4491543 39.8733729
223.8731455 0.1085438 26208.1562305 26208.1562305 39.9040087
251.1895596 0.1001200 28325.8993395 28325.8993395 39.6603013
281.8404883 0.0875221 30557.1025325 30557.1025325 39.6289970
316.2378815 0.0933397 33079.3940865 33079.3940865 39.3476391
354.8252370 0.0923943 35746.3840064 35746.3840064 39.4144631
398.1250863 0.0785973 38646.0007473 38646.0007473 39.3235774
446.6934609 0.0770583 41640.7226294 41640.7226294 38.8011647
501.1903976 0.0816355 44816.4471355 44816.4471355 38.7968815
562.3470481 0.0695842 48261.8976295 48261.8976295 38.5384647
630.9576992 0.0662717 51908.0410977 51908.0410977 38.3958504
707.9626349 0.0741467 56137.4241676 56137.4241676 38.0121921
794.3311114 0.0646035 60752.8477411 60752.8477411 37.7186969
891.2901875 0.0591914 65453.6707509 65453.6707509 37.3533190
1000.0152949 0.0605056 70538.0574612 70538.0574612 37.1789362
1122.0453570 0.0518152 75611.1080770 75611.1080770 36.7215842
1258.9519017 0.0629913 81316.5489238 81316.5489238 36.5461900
1412.6025846 0.0476644 87940.5414024 87940.5414024 36.2545260
1584.9192513 0.0558350 95116.0629360 95116.0629360 36.0010874
1778.3297629 0.0527569 102998.7959739 102998.7959739 35.5508920
1995.3396487 0.0397696 110908.4263677 110908.4263677 35.2487417
2238.7495208 0.0270213 119050.7536985 119050.7536985 34.9792462
2511.9332487 0.0444695 127674.8360605 127674.8360605 34.5311744
2818.4067961 0.0350998 137403.1633573 137403.1633573 34.0846108
3162.3160538 0.0371179 147878.8240439 147878.8240439 33.6833435
3548.2246552 0.0398820 159299.2537845 159299.2537845 33.0304446
3981.0824729 0.0365884 171598.4502472 171598.4502472 32.6207776
4466.8445267 0.0239502 183155.9664654 183155.9664654 32.0187316
5011.9508737 0.0127266 194821.5213554 194821.5213554 31.4853170
5623.4686414 0.0246060 206812.1673597 206812.1673597 31.0736723
6309.6060499 0.0235550 219147.7789331 219147.7789331 30.3480764
7079.5178905 0.0215861 232341.7453431 232341.7453431 29.9338123
7943.3360745 0.0356537 246031.9258632 246031.9258632 29.5910159
8912.5538779 0.0263927 262346.3136989 262346.3136989 29.1503661
10000.0576380 0.0059603 279054.0511444 279054.0511444 28.5635609
11220.2837932 0.0224357 295000.9100549 295000.5449514 28.1600500
12589.2832138 0.0205097 311347.0580898 311343.6086051 27.7212148
14125.4898594 0.0103064 330643.5309040 330640.0050959 27.4177625
15849.0266991 0.0182868 351353.2752956 351346.4524190 26.8976822
17782.8284773 0.0111161 372010.7343603 371998.6899086 26.6628166
19952.6405589 0.0184516 399031.2834098 399018.7702148 26.2227143
22387.3110130 0.0195697 433714.6746729 433702.1614780 25.8596470
25118.9399788 0.0152119 474995.4204772 474982.4782589 25.4103232
28183.8378200 0.0207187 521877.1720820 521864.2113370 25.1553298
31622.8492882 0.0124082 565098.7785537 565084.4934816 24.6551565
35481.3448326 0.0135643 613988.6564060 613972.3513702 24.4060623
39810.8123001 0.0094676 683242.5705884 683226.2655526 24.1357617
44668.4408210 0.0173103 763186.7188416 763170.3545371 23.9971851
50118.8218320 0.0117739 833930.0657491 833909.0496758 23.7466920
56234.1823694 0.0135385 917836.2532798 917814.3370103 23.6850409
63095.8439737 0.0087026 995193.1279876 995134.8425242 23.5594349
70794.7386130 0.0136317 1062170.2279047 1061962.3525260 23.5295583
79432.9897122 0.0064780 1137225.5030838 1136827.2078014 23.4923797
89125.2011949 0.0206885 1234100.8983613 1233634.3953718 23.4692940
100000.1496297 0.0025191 1321421.0991226 1320596.5303910 23.5914615
112201.9339986 0.0113525 1404203.8148635 1402573.3960809 23.6131853
125892.6936390 -0.0003671 1476948.1185687 1472745.6207033 23.5834024
141253.8311154 0.0091577 1542902.3513027 1533519.8372773 23.9297637
158489.5061793 0.0044070 1613653.5612210 1597744.7836785 24.0965333
