6005 -4.2 0 663.994
0.0325500 0.9656883 21.1875901 21.1875901 9.8613700
0.0357000 0.9624716 23.2026479 23.2026479 9.8697553
0.0399000 0.9586934 25.8801098 25.8801098 9.8818428
0.0451500 0.9534062 29.2111971 29.2111971 9.8942044
0.0504000 0.9485104 32.5244780 32.5244780 9.9116660
0.0567000 0.9429837 36.4789391 36.4789391 9.9289528
0.0640500 0.9363772 41.0625742 41.0625742 9.9456629
0.0714000 0.9304602 45.6157980 45.6157980 9.9621404
0.0798000 0.9232945 50.7824168 50.7824168 9.9782375
0.0892500 0.9157242 56.5480764 56.5480764 10.0014723
0.1008000 0.9067123 63.5330847 63.5330847 10.0221158
0.1123500 0.8981341 70.4511385 70.4511385 10.0421990
0.1260000 0.8881339 78.5426533 78.5426533 10.0569711
0.1417500 0.8771356 87.7673891 87.7673891 10.0842698
0.1585500 0.8664437 97.4892437 97.4892437 10.1085442
0.1785000 0.8539195 108.8757565 108.8757565 10.1327997
0.2005500 0.8408236 121.2778124 121.2778124 10.1495210
0.2247000 0.8270171 134.6415735 134.6415735 10.1657233
0.2520000 0.8116249 149.4860054 149.4860054 10.1764305
0.2824500 0.7957835 165.7293605 165.7293605 10.1851650
0.3171000 0.7798949 183.8520771 183.8520771 10.1935969
0.3549000 0.7633414 203.2136516 203.2136516 10.2023272
0.3990000 0.7442766 225.2774930 225.2774930 10.2117017
0.4473000 0.7240411 248.7950612 248.7950612 10.2192643
0.5019000 0.7060014 274.7217553 274.7217553 10.2205871
0.5628000 0.6873366 302.8705678 302.8705678 10.2291114
0.6310500 0.6690415 333.5804824 333.5804824 10.2200658
0.7087500 0.6496600 367.5873661 367.5873661 10.2183868
0.7948500 0.6288357 404.1043508 404.1043508 10.2053081
0.8914500 0.6090953 443.7765421 443.7765421 10.2079199
1.0006500 0.5874670 487.1107377 487.1107377 10.2195887
1.1227651 0.5664662 533.8763727 533.8763727 10.1856144
1.2594751 0.5464657 584.3086899 584.3086899 10.1798263
1.4127226 0.5270081 638.8886246 638.8886246 10.1564862
1.5858151 0.5058475 698.2672566 698.2672566 10.1490731
1.7787526 0.4856184 761.7009698 761.7009698 10.1185041
1.9959451 0.4671469 830.3869263 830.3869263 10.1072710
2.2393220 0.4471896 904.2936059 904.2936059 10.0933002
2.5125215 0.4305300 983.8343328 983.8343328 10.0736072
2.8192921 0.4169936 1070.0590319 1070.0590319 10.0617648
3.1631068 0.3985906 1163.1651014 1163.1651014 10.0328343
3.5483644 0.3850055 1263.1792617 1263.1792617 10.0318676
3.9810846 0.3689943 1371.2133880 1371.2133880 10.0299202
4.4672872 0.3495858 1487.1907877 1487.1907877 9.9972955
5.0118948 0.3364042 1611.2672054 1611.2672054 10.0093049
5.6245099 0.3217190 1745.6861890 1745.6861890 9.9938720
6.3098094 0.3100075 1889.3668225 1889.3668225 9.9698581
7.0803644 0.2969905 2044.5203142 2044.5203142 9.9489985
7.9440561 0.2816943 2210.8783946 2210.8783946 9.9140038
8.9125633 0.2728737 2389.6932957 2389.6932957 9.9123680
10.0014481 0.2667892 2584.8806506 2584.8806506 9.9166171
11.2210876 0.2556736 2796.1308782 2796.1308782 9.8790409
12.5894367 0.2416972 3022.7046739 3022.7046739 9.8820662
14.1269504 0.2330164 3266.0136462 3266.0136462 9.8855168
15.8491767 0.2231014 3525.4329333 3525.4329333 9.8940177
17.7840324 0.2086236 3802.5886712 3802.5886712 9.8528076
19.9529062 0.2026883 4101.3605353 4101.3605353 9.8563165
22.3872322 0.1976683 4425.2672758 4425.2672758 9.8459418
25.1199938 0.1949786 4780.6473385 4780.6473385 9.8361895
28.1840786 0.1821508 5160.4637823 5160.4637823 9.8265228
31.6237393 0.1761514 5568.7179972 5568.7179972 9.7972340
35.4826072 0.1711722 6016.0031728 6016.0031728 9.7947376
39.8132470 0.1617255 6501.1257361 6501.1257361 9.7615418
44.6694872 0.1590355 7024.2916430 7024.2916430 9.7865502
50.1205675 0.1526245 7589.5350767 7589.5350767 9.7720721
56.2377471 0.1423988 8190.2598452 8190.2598452 9.7579847
63.0967693 0.1414161 8837.4238857 8837.4238857 9.7307836
70.7954662 0.1339380 9541.1064149 9541.1064149 9.7129314
79.4340106 0.1331720 10295.4969861 10295.4969861 9.7097880
89.1259377 0.1303687 11133.4418365 11133.4418365 9.6745234
100.0026275 0.1275542 12028.4846988 12028.4846988 9.6604265
112.2074471 0.1207020 12996.7493326 12996.7493326 9.6488080
125.8964104 0.1125432 14045.7942067 14045.7942067 9.6190753
141.2559945 0.1016618 15151.1877228 15151.1877228 9.6040015
158.4947918 0.1030817 16334.6818656 16334.6818656 9.5762388
177.8326602 0.0951756 17577.6752435 17577.6752435 9.5168220
199.5344894 0.0948336 18941.0047437 18941.0047437 9.4857915
223.8731455 0.0905769 20406.1585632 20406.1585632 9.4703436
251.1895596 0.0866891 21960.3343074 21960.3343074 9.4067288
281.8404883 0.0877926 23716.7483655 23716.7483655 9.3825857
316.2378815 0.0766314 25536.7398774 25536.7398774 9.3315825
354.8252370 0.0738702 27525.9150959 27525.9150959 9.2718773
398.1250863 0.0744749 29663.4057892 29663.4057892 9.2105801
446.6934609 0.0653684 31909.0915829 31909.0915829 9.1233157
501.1903976 0.0682627 34370.5387027 34370.5387027 9.0590433
562.3470481 0.0581731 36922.0356773 36922.0356773 8.9720216
630.9576992 0.0593537 39614.9572236 39614.9572236 8.8866118
707.9626349 0.0527001 42475.3049513 42475.3049513 8.7571701
794.3311114 0.0513406 45526.0599618 45526.0599618 8.6744221
891.2901875 0.0556604 48753.2634016 48753.2634016 8.5554141
1000.0152949 0.0514573 52279.8537229 52279.8537229 8.4553792
1122.0453570 0.0461599 55916.7598195 55916.7598195 8.3136148
1258.9519017 0.0390217 59668.3270035 59668.3270035 8.1942035
1412.6025846 0.0393412 63479.1914952 63479.1914952 8.0385767
1584.9192513 0.0304053 67643.7423635 67643.7423635 7.9327632
1778.3297629 0.0294916 71782.0072639 71782.0072639 7.7806806
1995.3396487 0.0250387 76029.6697499 76029.6697499 7.6477179
2238.7495208 0.0254861 80458.9181572 80458.9181572 7.4868404
2511.9332487 0.0217361 84888.1320014 84888.1320014 7.3161659
2818.4067961 0.0237573 89221.3772636 89221.3772636 7.1020534
3162.3160538 0.0200495 94297.7227163 94297.7227163 6.9224362
3548.2246552 0.0209315 100024.3795871 100024.3795871 6.7416087
3981.0824729 0.0190038 106025.0176291 106025.0176291 6.5115399
4466.8445267 0.0174393 112211.7453754 112211.7453754 6.2853407
5011.9508737 0.0153164 118228.7970233 118228.7970233 6.1198477
5623.4686414 0.0103152 123558.0608867 123558.0608867 5.9672924
6309.6060499 0.0099535 129398.2908297 129398.2908297 5.8022715
7079.5178905 0.0171329 135482.0936188 135482.0936188 5.6293094
7943.3360745 0.0102308 142245.3548169 142245.3548169 5.4376772
8912.5538779 0.0123785 149372.5072424 149372.5072424 5.2283126
10000.0576380 0.0076403 156780.5127219 156780.5127219 5.0294180
11220.2837932 0.0068214 163534.4961427 163534.1663341 4.8336468
12589.2832138 0.0080372 170569.5727085 170567.8213433 4.6439044
14125.4898594 0.0077250 178638.0905890 178635.4428570 4.4464501
15849.0266991 0.0027905 187820.0987221 187816.0713652 4.2914436
17782.8284773 0.0026147 196568.6433533 196558.0178894 4.1465267
19952.6405589 0.0076842 205679.8732067 205658.0932637 3.9849570
22387.3110130 0.0076257 214709.1976857 214658.6546828 3.8719560
25118.9399788 0.0047961 225733.7670940 225661.3114173 3.7657483
28183.8378200 0.0004254 234438.2091387 234264.4807454 3.7167175
31622.8492882 -0.0024906 238717.4823870 237356.6639271 3.5778821
35481.3448326 0.0013312 241108.9320324 237076.3704253 3.4862189
39810.8123001 -0.0033066 244312.9017438 237704.3727908 3.3917628
44668.4408210 -0.0027324 246108.0204962 234149.7663178 3.2881758
50118.8218320 0.0005476 247083.8272759 225794.0052127 3.2335534
56234.1823694 -0.0044608 247457.4477974 212255.6304110 3.1525302
63095.8439737 -0.0082590 247723.3394883 192352.9695637 3.0597661
70794.7386130 -0.0060773 247901.0437125 169807.0732750 3.0290344
79432.9897122 -0.0034213 248283.6383677 148003.4233792 2.9501685
89125.2011949 -0.0040711 249310.5822728 130238.3238233 2.9136487
100000.1496297 0.0015384 251780.7785584 118106.8039183 2.8620187
112201.9339986 -0.0018196 252846.1531218 94663.9296555 2.8131448
125892.6936390 -0.0026490 253656.7821704 63514.3774849 2.7924357
141253.8311154 -0.0015362 254689.1726062 30275.6084088 2.7634343
158489.5061793 -0.0018053 256535.9833876 -831.5673506 2.7664022
