2.142106287318089 1.318871610058903 1.000000000000000 66 0.000588401822744 0.000255996234115
1.104673489120835 3.320796925500341 1.399999976158142 81 0.000570255683848 -0.000001414770339
2.872382491459359 4.505698801128994 1.000000000000000 58 0.000445229788145 0.000091172668552
1.084165476537663 5.927341211722629 1.399999976158142 23 0.000414172486074 0.000045825359757
3.245340726891421 6.328014069614357 1.000000000000000 62 0.000420181364780 0.000028690162687
2.159798857089722 8.259138172338158 1.399999976158142 67 0.000162561691153 0.000016701493457
0.303267947422476 9.476990299996212 1.000000000000000 34 0.000020153236754 0.000064832917508
2.124444213674966 10.881878280029582 1.399999976158142 7 -0.000138141933024 0.000009765926926
1.091601805695383 12.943177649293528 1.000000000000000 14 -0.000255440654065 0.000009872504715
3.056885122627175 12.842979140609163 1.000000000000000 80 -0.000302221783659 0.000050864772200
2.333227034822258 14.807465664037750 1.399999976158142 13 -0.000480445760614 0.000071998503747
0.173043109566571 14.631361032448748 1.000000000000000 48 -0.000487133537782 -0.000064072990334
2.382720958542151 19.140698500200958 1.399999976158142 49 -0.000394125873355 0.000232607552000
0.963887845112186 16.870791424809870 1.399999976158142 69 -0.000513676317685 0.000021656348912
0.098331124082936 18.958396542301692 1.000000000000000 74 -0.000521052182852 -0.000207789308147
3.397360434269238 2.701881650690179 1.000000000000000 64 0.000684023889579 0.000178337601005
4.033620729757661 0.818368790134337 1.000000000000000 50 0.000362797358769 0.000024927583654
5.643174037146590 2.481289516792605 1.399999976158142 37 0.000569049063261 0.000032873236521
4.956518161496291 4.988723738849401 1.399999976158142 21 0.000438061121903 -0.000080433818585
6.204695199959243 6.875400556741376 1.000000000000000 28 0.000309326822106 -0.000066954145956
4.447724445609246 7.659620823028556 1.000000000000000 46 0.000231372561615 0.000007969252838
6.151915011557463 9.115258950931942 1.399999976158142 51 0.000057125987280 -0.000043683051816
3.963668221904818 9.523608033995533 1.000000000000000 32 0.000024035318647 -0.000010147508854
4.834118188769072 11.585241571001939 1.399999976158142 45 -0.000248665393870 -0.000013670355946
4.842195889769343 14.338140475041472 1.399999976158142 15 -0.000477519065065 0.000089989720537
3.787885016372410 16.885954639929814 1.399999976158142 17 -0.000516573299232 0.000120798972097
4.689007605821494 18.986252917471582 1.000000000000000 24 -0.000261773734373 -0.000000071550279
6.383181213300045 17.324182542485421 1.399999976158142 71 -0.000392671851869 0.000025780802553
7.762930759569716 1.974616720229056 1.000000000000000 30 0.000440569034609 -0.000079630547337
9.416232466412151 0.482001277152230 1.399999976158142 1 0.000179708879797 -0.000014437071318
8.844354463783997 3.340424520229042 1.000000000000000 20 0.000529762162847 -0.000069371608127
7.453091143170333 4.965630456294938 1.399999976158142 41 0.000479721236539 -0.000064208957849
8.430827665341710 7.502104521378736 1.399999976158142 73 0.000287127140003 -0.000009398835227
8.228889465449168 9.759764642066338 1.000000000000000 2 -0.000076084104094 -0.000031813169747
6.968076725493514 11.178959806294298 1.000000000000000 70 -0.000229229776433 0.000000652576311
9.000336222791759 11.871048869793357 1.399999976158142 75 -0.000243556109902 -0.000085690157765
6.708564272162974 13.039896515932842 1.000000000000000 8 -0.000502340487236 0.000022197937681
6.875000621425436 15.109652709276725 1.000000000000000 72 -0.000481326902683 0.000011272179070
8.322261511922044 13.991163497623067 1.000000000000000 40 -0.000532152015349 -0.000071329849252
8.885203986149229 16.187831964950540 1.399999976158142 55 -0.000463667635473 0.000001581626805
6.699326859415205 19.999164476343747 1.399999976158142 65 -0.000006340907313 -0.000018122137783
8.386496872975201 18.432583963031906 1.000000000000000 16 -0.000208097469984 0.000005012620705
10.849171378129974 2.663479704943361 1.399999976158142 25 0.000507943766661 -0.000025941789164
12.194356526948042 0.313148786018592 1.399999976158142 85 0.000215235001142 -0.000011493971962
10.064862806878839 5.275150212476643 1.399999976158142 61 0.000497227850951 -0.000015549435131
12.172759233807170 4.556438188143067 1.000000000000000 84 0.000546558198089 -0.000062526401562
12.383762851818872 6.384266073118654 1.000000000000000 76 0.000347288693404 -0.000045313003965
10.716788110414786 7.354827549703254 1.000000000000000 38 0.000315673209029 -0.000015466266367
10.400896018269592 9.567794103112302 1.399999976158142 9 -0.000056018958849 -0.000085570333409
12.326569057090950 8.253396903969092 1.000000000000000 78 0.000230599494219 0.000006624061685
12.895852054048746 10.342402372434867 1.399999976158142 63 -0.000161327866344 0.000042357210104
11.223640666354115 11.779659191832664 1.000000000000000 54 -0.000246879743994 0.000033232031498
12.940600920536582 12.625276717974096 1.000000000000000 0 -0.000211286405067 -0.000008064666099
10.562889813238598 13.956808033597529 1.399999976158142 83 -0.000551410413701 0.000003304449823
11.149625601823164 16.071891049378713 1.000000000000000 68 -0.000506994076658 0.000004531947576
13.010466997839274 14.828994825592790 1.399999976158142 5 -0.000582402538560 -0.000032430999686
10.675565766871525 18.202345334355581 1.399999976158142 29 -0.000233976671557 0.000015228810948
12.698610063485830 17.134890092467057 1.000000000000000 22 -0.000408974857175 0.000000036745651
13.352410289241810 2.695827426237103 1.399999976158142 33 0.000568499069639 -0.000068190729259
14.917782110165973 0.657040768286203 1.399999976158142 19 0.000427418007840 -0.000088657973859
15.421990374487237 3.100230743368224 1.000000000000000 52 0.000570746759638 0.000111010060726
14.392583010040539 5.178953950301481 1.399999976158142 59 0.000491995790528 0.000002720362092
14.013653864667887 7.470789494861823 1.000000000000000 82 0.000272276088487 -0.000080702721684
16.264959479428668 7.059953612118990 1.399999976158142 3 0.000359054492228 0.000044681115957
15.281665465188823 9.423799271861142 1.399999976158142 27 -0.000054164696032 -0.000030281344937
14.620373188109944 11.703419469366933 1.000000000000000 4 -0.000220284296021 -0.000074852795622
15.436689281247354 13.813650364245799 1.399999976158142 31 -0.000532882797922 -0.000051015946275
14.909414757334929 16.533552127591300 1.399999976158142 35 -0.000528078601529 -0.000113456250205
13.789805113697042 18.635183034331160 1.000000000000000 6 -0.000185768644986 -0.000016969239793
15.695927259059566 18.601514240053582 1.000000000000000 42 -0.000335031733718 -0.000183809517378
17.220618229173454 1.894402382756456 1.399999976158142 53 0.000548794080769 0.000163297468089
19.841481499366765 1.089197360579118 1.399999976158142 43 0.000492986732318 -0.000191613467919
18.899603959141231 3.153916496982687 1.000000000000000 36 0.000664492562351 -0.000041671874389
17.073788546622460 4.597995723578366 1.399999976158142 79 0.000578023379253 0.000062655729156
19.286977478181228 4.863930409938158 1.000000000000000 44 0.000555207284125 -0.000020175315130
18.443514852186027 6.537639711831778 1.000000000000000 18 0.000420413701532 -0.000019046953987
19.855246615199718 7.736043497078525 1.000000000000000 10 0.000202602072731 0.000060257997418
18.010005846498430 9.082620271888322 1.399999976158142 11 0.000058974183901 0.000107341782797
19.452834196228963 11.431994473927761 1.399999976158142 57 -0.000193432017169 0.000114520691589
16.832708377879264 11.487169231748705 1.399999976158142 47 -0.000242080807354 0.000008323557314
18.163826388319869 13.685075975580753 1.399999976158142 39 -0.000528005646901 0.000018814539756
18.794659652267114 15.859199761204746 1.000000000000000 56 -0.000501809372518 -0.000053249232721
16.923866497572945 15.504255774153403 1.000000000000000 60 -0.000539195230005 -0.000000879903052
18.876966695010935 17.608540949596794 1.000000000000000 12 -0.000646421343166 -0.000081147677444
17.065581367348166 17.303282381771748 1.000000000000000 26 -0.000539853910807 0.000000658273286
17.762049627588496 19.459897514527281 1.399999976158142 77 -0.000347129643341 0.000129342255847
