1026 0
0 6.67913 0.187214
1 10.1007 0.23747
2 18.9651 0.287711
3 20.0601 0.337927
4 22.3642 0.388112
5 31.5712 0.438257
6 25.4251 0.488355
7 29.415 0.538397
8 36.196 0.588375
9 43.3937 0.638283
10 43.5779 0.688111
11 43.24 0.737852
12 49.4724 0.787498
13 51.0886 0.837042
14 49.6993 0.886475
15 51.5908 0.935789
16 57.2213 0.984978
17 58.0822 1.03403
18 58.9177 1.08295
19 59.8075 1.13171
20 72.7819 1.18032
21 73.39 1.22876
22 72.8087 1.27703
23 85.8992 1.32512
24 78.9048 1.37302
25 78.4682 1.42072
26 84.3061 1.46823
27 90.9186 1.51552
28 89.9668 1.5626
29 100.155 1.60945
30 106.288 1.65606
31 101.547 1.70244
32 91.4835 1.74857
33 95.9649 1.79445
34 97.6275 1.84006
35 100.882 1.88541
36 92.8903 1.93048
37 89.3648 1.97527
38 95.991 2.01976
39 103.236 2.06396
40 102.414 2.10786
41 101.643 2.15144
42 104.912 2.1947
43 103.955 2.23764
44 103.858 2.28025
45 101.453 2.32252
46 109.388 2.36445
47 111.821 2.40602
48 118.662 2.44724
49 116.383 2.48809
50 121.603 2.52856
51 118.68 2.56867
52 116.763 2.60838
53 117.984 2.64771
54 126.079 2.68664
55 121.197 2.72517
56 118.74 2.76329
57 122.149 2.80099
58 120.022 2.83827
59 128.201 2.87513
60 134.218 2.91156
61 127.142 2.94754
62 130.636 2.98309
63 126.191 3.01818
64 125.668 3.05282
65 136.826 3.08699
66 132.302 3.12071
67 123.829 3.15395
68 127.327 3.18671
69 130.235 3.21899
70 133.949 3.25079
71 134.991 3.28209
72 135.806 3.3129
73 136.901 3.34321
74 140.91 3.37301
75 138.435 3.4023
76 129.837 3.43107
77 129.906 3.45932
78 132.475 3.48705
79 145.205 3.51425
80 147.347 3.54092
81 145.691 3.56704
82 139.359 3.59263
83 141.248 3.61767
84 142.009 3.64216
85 140.305 3.6661
86 145.519 3.68948
87 141.191 3.7123
88 136.235 3.73456
89 137.4 3.75624
90 136.102 3.77736
91 148.452 3.7979
92 150.397 3.81786
93 147.287 3.83724
94 150.729 3.85604
95 145.046 3.87425
96 144.575 3.89187
97 153.155 3.9089
98 151.608 3.92533
99 141.106 3.94116
100 147.696 3.95639
101 143.665 3.97102
102 143.241 3.98504
103 145.427 3.99846
104 146.335 4.01126
105 153.265 4.02346
106 147.736 4.03504
107 146.896 4.046
108 156.423 4.05635
109 139.562 4.06608
110 157.912 4.07519
111 141.136 4.08367
112 138.703 4.09154
113 136.428 4.09877
114 146.803 4.10539
115 150.948 4.11137
116 137.014 4.11673
117 142.37 4.12146
118 141.439 4.12556
119 140.915 4.12903
120 130.889 4.13187
121 134.904 4.13408
122 135.579 4.13566
123 145.166 4.13661
124 140.933 4.13692
125 133.898 4.13661
126 140.102 4.13566
127 134.611 4.13408
128 140.35 4.13187
129 137.956 4.12903
130 131.421 4.12556
131 139.48 4.12146
132 133.47 4.11673
133 135.563 4.11137
134 134.37 4.10538
135 122.801 4.09877
136 121.383 4.09153
137 117.448 4.08366
138 125.556 4.07518
139 131.2 4.06607
140 126.24 4.05634
141 118.97 4.04599
142 123.179 4.03503
143 117.498 4.02345
144 116.05 4.01125
145 109.515 3.99844
146 107.782 3.98503
147 107.043 3.971
148 99.0687 3.95638
149 107.234 3.94114
150 113.541 3.92531
151 112.562 3.90888
152 107.823 3.89185
153 100.086 3.87423
154 101.674 3.85602
155 102.858 3.83722
156 94.7156 3.81784
157 89.4826 3.79788
158 92.021 3.77734
159 100.611 3.75622
160 98.3141 3.73453
161 91.0757 3.71228
162 90.3212 3.68946
163 91.856 3.66608
164 91.984 3.64214
165 89.913 3.61765
166 96.1872 3.59261
167 86.4909 3.56702
168 87.4755 3.54089
169 82.0702 3.51422
170 85.2598 3.48702
171 86.3525 3.45929
172 79.1206 3.43104
173 79.8654 3.40227
174 79.9988 3.37298
175 86.4372 3.34318
176 77.6795 3.31287
177 68.4206 3.28206
178 64.8038 3.25076
179 64.0072 3.21896
180 64.587 3.18668
181 53.3252 3.15391
182 62.5595 3.12067
183 57.8223 3.08696
184 56.3629 3.05278
185 58.3059 3.01814
186 52.5914 2.98305
187 60.4072 2.94751
188 50.3428 2.91152
189 46.5112 2.87509
190 46.6736 2.83824
191 48.797 2.80095
192 34.8104 2.76325
193 41.5256 2.72513
194 33.3103 2.6866
195 42.325 2.64767
196 41.2249 2.60834
197 32.9712 2.56863
198 34.0598 2.52852
199 32.9904 2.48805
200 32.0669 2.4472
201 31.6475 2.40598
202 32.9358 2.36441
203 27.2333 2.32248
204 27.87 2.28021
205 25.9277 2.2376
206 17.8113 2.19466
207 13.2957 2.1514
208 14.9884 2.10781
209 15.3391 2.06392
210 13.3755 2.01972
211 15.5473 1.97522
212 5.50357 1.93044
213 1.27568 1.88537
214 -0.928393 1.84002
215 4.51064 1.7944
216 -4.97414 1.74853
217 2.4661 1.7024
218 1.68387 1.65602
219 -10.9263 1.6094
220 -16.7912 1.56255
221 -15.7507 1.51547
222 -15.3251 1.46818
223 -25.5387 1.42068
224 -16.7681 1.37297
225 -22.3141 1.32507
226 -12.5208 1.27698
227 -22.4529 1.22871
228 -23.9989 1.18027
229 -30.1109 1.13166
230 -24.2608 1.0829
231 -28.4775 1.03398
232 -24.7404 0.984929
233 -31.8201 0.93574
234 -35.0563 0.886425
235 -31.2804 0.836992
236 -43.2084 0.787449
237 -33.2883 0.737802
238 -41.7041 0.688061
239 -41.6843 0.638233
240 -47.4286 0.588325
241 -40.3306 0.538347
242 -48.5023 0.488305
243 -45.852 0.438207
244 -44.6223 0.388062
245 -48.3459 0.337877
246 -56.5546 0.287661
247 -57.5495 0.23742
248 -60.0154 0.187164
249 -64.9808 0.1369
250 -62.6403 0.0866356
251 -65.1465 0.0363794
252 -60.6186 -0.013861
253 -58.7172 -0.0640775
254 -67.8975 -0.114262
255 -62.088 -0.164407
256 -72.9381 -0.214505
257 -79.3643 -0.264547
258 -73.2242 -0.314526
259 -82.8701 -0.364433
260 -81.7673 -0.414261
261 -88.9681 -0.464002
262 -92.559 -0.513649
263 -94.3549 -0.563192
264 -89.06 -0.612625
265 -90.1103 -0.66194
266 -93.0502 -0.711128
267 -97.6777 -0.760183
268 -105.167 -0.809096
269 -105.622 -0.857859
270 -103.68 -0.906465
271 -97.7033 -0.954907
272 -100.128 -1.00318
273 -101.166 -1.05127
274 -106.159 -1.09917
275 -111.096 -1.14687
276 -105.592 -1.19438
277 -102.895 -1.24167
278 -107.103 -1.28875
279 -106.611 -1.3356
280 -105.994 -1.38221
281 -104.901 -1.42859
282 -113.471 -1.47472
283 -107.038 -1.5206
284 -110.236 -1.56622
285 -118.156 -1.61156
286 -122.222 -1.65663
287 -127.482 -1.70142
288 -124.761 -1.74591
289 -118.784 -1.79011
290 -124.986 -1.83401
291 -120.371 -1.87759
292 -118.69 -1.92085
293 -118.724 -1.9638
294 -127.94 -2.0064
295 -126.564 -2.04867
296 -126.327 -2.0906
297 -131.162 -2.13217
298 -144.39 -2.17339
299 -135.713 -2.21424
300 -133.909 -2.25472
301 -134.339 -2.29482
302 -134.872 -2.33453
303 -151.798 -2.37386
304 -136.962 -2.41279
305 -143.48 -2.45132
306 -144.484 -2.48944
307 -134.956 -2.52714
308 -137.343 -2.56442
309 -148.976 -2.60128
310 -150.862 -2.63771
311 -145.252 -2.67369
312 -145.264 -2.70924
313 -142.607 -2.74433
314 -141.74 -2.77897
315 -139.309 -2.81314
316 -143.241 -2.84686
317 -147.732 -2.8801
318 -150.213 -2.91286
319 -151.902 -2.94514
320 -149.095 -2.97694
321 -161.857 -3.00824
322 -151.447 -3.03905
323 -153.802 -3.06936
324 -152.57 -3.09916
325 -145.144 -3.12845
326 -154.399 -3.15722
327 -142.79 -3.18547
328 -154.544 -3.2132
329 -160.787 -3.2404
330 -148.677 -3.26707
331 -156.281 -3.29319
332 -155.34 -3.31878
333 -151.995 -3.34382
334 -155.359 -3.36831
335 -150.814 -3.39225
336 -151.373 -3.41563
337 -148.241 -3.43845
338 -149.845 -3.46071
339 -142.868 -3.48239
340 -142.31 -3.50351
341 -144.069 -3.52405
342 -149.21 -3.54401
343 -142.198 -3.56339
344 -153.008 -3.58219
345 -151.094 -3.6004
346 -145.805 -3.61802
347 -140.643 -3.63505
348 -139.67 -3.65148
349 -152.4 -3.66731
350 -154.804 -3.68254
351 -145.377 -3.69717
352 -154.632 -3.71119
353 -145.627 -3.72461
354 -142.281 -3.73741
355 -142.835 -3.74961
356 -137.092 -3.76119
357 -145.983 -3.77215
358 -153.28 -3.7825
359 -155.253 -3.79223
360 -145.572 -3.80134
361 -143.665 -3.80982
362 -147.801 -3.81769
363 -142.013 -3.82492
364 -139.005 -3.83154
365 -149.202 -3.83752
366 -153.021 -3.84288
367 -142.013 -3.84761
368 -137.723 -3.85171
369 -148.243 -3.85518
370 -140.645 -3.85802
371 -141.043 -3.86023
372 -142.639 -3.86181
373 -138.096 -3.86276
374 -145.142 -3.86308
375 -146.247 -3.86276
376 -146.793 -3.86181
377 -130.015 -3.86023
378 -135.953 -3.85802
379 -130.277 -3.85518
380 -126.834 -3.85171
381 -131.956 -3.84761
382 -127.189 -3.84288
383 -131.326 -3.83752
384 -134.101 -3.83153
385 -131.888 -3.82492
386 -134.204 -3.81768
387 -136.402 -3.80981
388 -131.633 -3.80133
389 -124.62 -3.79222
390 -118.756 -3.78249
391 -127.224 -3.77214
392 -117.747 -3.76118
393 -121.169 -3.7496
394 -121.504 -3.7374
395 -122.678 -3.7246
396 -115.433 -3.71118
397 -118.138 -3.69716
398 -109.824 -3.68253
399 -106.096 -3.66729
400 -113.193 -3.65146
401 -114.023 -3.63503
402 -112.896 -3.618
403 -107.393 -3.60038
404 -104.237 -3.58217
405 -106.314 -3.56337
406 -97.5785 -3.54399
407 -101.61 -3.52403
408 -104.253 -3.50349
409 -110.81 -3.48237
410 -100.649 -3.46069
411 -102.99 -3.43843
412 -101.465 -3.41561
413 -93.9127 -3.39223
414 -104.131 -3.36829
415 -97.668 -3.3438
416 -85.8839 -3.31876
417 -87.5886 -3.29317
418 -76.5093 -3.26704
419 -82.6417 -3.24037
420 -77.7867 -3.21317
421 -85.6466 -3.18544
422 -89.1788 -3.15719
423 -79.5439 -3.12842
424 -76.4705 -3.09913
425 -76.8776 -3.06933
426 -78.2887 -3.03902
427 -68.5793 -3.00821
428 -76.0348 -2.97691
429 -71.8173 -2.94511
430 -63.5302 -2.91283
431 -63.9349 -2.88006
432 -64.1179 -2.84682
433 -61.3564 -2.81311
434 -59.294 -2.77893
435 -63.1894 -2.74429
436 -54.5954 -2.7092
437 -52.3765 -2.67366
438 -60.5125 -2.63767
439 -53.5053 -2.60125
440 -59.2084 -2.56439
441 -55.6104 -2.5271
442 -39.6358 -2.4894
443 -45.3629 -2.45128
444 -44.8225 -2.41275
445 -42.0411 -2.37382
446 -34.8114 -2.33449
447 -32.7489 -2.29478
448 -36.2567 -2.25467
449 -23.2878 -2.2142
450 -31.0611 -2.17335
451 -35.8309 -2.13213
452 -37.1261 -2.09056
453 -36.4605 -2.04863
454 -27.2034 -2.00636
455 -23.3791 -1.96375
456 -22.773 -1.92081
457 -21.9683 -1.87755
458 -22.547 -1.83396
459 -17.4998 -1.79007
460 -10.5701 -1.74587
461 -8.45559 -1.70137
462 -9.23254 -1.65659
463 -13.6439 -1.61152
464 -16.333 -1.56617
465 -9.77133 -1.52055
466 -8.29983 -1.47468
467 -1.18361 -1.42855
468 -3.50949 -1.38217
469 -0.113896 -1.33555
470 6.66772 -1.2887
471 11.9676 -1.24162
472 5.23204 -1.19433
473 2.79759 -1.14683
474 3.99992 -1.09912
475 11.2168 -1.05122
476 10.098 -1.00313
477 15.7475 -0.954859
478 13.0821 -0.906417
479 19.0277 -0.85781
480 22.3017 -0.809047
481 24.3653 -0.760134
482 23.2823 -0.711079
483 29.2552 -0.66189
484 44.5183 -0.612576
485 31.1952 -0.563143
486 37.4549 -0.513599
487 31.17 -0.463953
488 41.6051 -0.414211
489 52.186 -0.364383
490 55.7023 -0.314476
491 46.4664 -0.264497
492 44.3279 -0.214455
493 46.1985 -0.164357
494 47.6464 -0.114212
495 51.9544 -0.0640273
496 61.5891 -0.0138108
497 59.5425 0.0364296
498 56.2547 0.0866858
499 56.3853 0.13695
500 55.0783 0.187214
501 59.6994 0.23747
502 67.5543 0.287711
503 65.1291 0.337927
504 71.3218 0.388112
505 68.0402 0.438257
506 63.6437 0.488355
507 67.6949 0.538397
508 75.2027 0.588375
509 76.0029 0.638283
510 68.7538 0.688111
511 76.1822 0.737852
512 73.4059 0.787498
513 74.5448 0.837042
514 80.4967 0.886475
515 84.757 0.935789
516 81.2904 0.984978
517 84.9371 1.03403
518 85.2986 1.08295
519 93.0524 1.13171
520 90.086 1.18032
521 88.8795 1.22876
522 91.6027 1.27703
523 97.3151 1.32512
524 86.1539 1.37302
525 92.6878 1.42072
526 99.1641 1.46823
527 91.6784 1.51552
528 100.872 1.5626
529 93.7716 1.60945
530 91.9718 1.65606
531 103.056 1.70244
532 108.515 1.74857
533 106.118 1.79445
534 104.389 1.84006
535 110.815 1.88541
536 106.382 1.93048
537 106.362 1.97527
538 112.05 2.01976
539 116.572 2.06396
540 120.862 2.10786
541 114.129 2.15144
542 123.361 2.1947
543 121.314 2.23764
544 119.845 2.28025
545 122.988 2.32252
546 125.36 2.36445
547 121.708 2.40602
548 116.019 2.44724
549 124.402 2.48809
550 124.532 2.52856
551 123.006 2.56867
552 127.662 2.60838
553 130.886 2.64771
554 125.637 2.68664
555 121.017 2.72517
556 127.469 2.76329
557 124.348 2.80099
558 116.828 2.83827
559 130.959 2.87513
560 131.835 2.91156
561 128.947 2.94754
562 129.336 2.98309
563 131.945 3.01818
564 130.985 3.05282
565 123.906 3.08699
566 128.659 3.12071
567 132.06 3.15395
568 133.028 3.18671
569 134.711 3.21899
570 133.767 3.25079
571 134.892 3.28209
572 128.539 3.3129
573 137.86 3.34321
574 133.168 3.37301
575 136.568 3.4023
576 124.14 3.43107
577 132.246 3.45932
578 128.051 3.48705
579 135.854 3.51425
580 135.345 3.54092
581 131.178 3.56704
582 137.797 3.59263
583 130.783 3.61767
584 140.45 3.64216
585 141.469 3.6661
586 138.258 3.68948
587 145.155 3.7123
588 143.501 3.73456
589 136.468 3.75624
590 144.395 3.77736
591 134.369 3.7979
592 132.497 3.81786
593 138.44 3.83724
594 135.795 3.85604
595 144.634 3.87425
596 140.984 3.89187
597 133.285 3.9089
598 141.992 3.92533
599 138.171 3.94116
600 138.848 3.95639
601 139.858 3.97102
602 134.564 3.98504
603 145.508 3.99846
604 138.901 4.01126
605 137.467 4.02346
606 135.158 4.03504
607 134.947 4.046
608 130.831 4.05635
609 141.552 4.06608
610 138.589 4.07519
611 139.364 4.08367
612 138.312 4.09154
613 135.166 4.09877
614 127.268 4.10539
615 135.265 4.11137
616 137.733 4.11673
617 135.756 4.12146
618 131.157 4.12556
619 130.74 4.12903
620 133.391 4.13187
621 137.966 4.13408
622 128.767 4.13566
623 130.973 4.13661
624 131.498 4.13692
625 126.178 4.13661
626 121.442 4.13566
627 125.421 4.13408
628 123.928 4.13187
629 127.932 4.12903
630 126.966 4.12556
631 130.646 4.12146
632 124.202 4.11673
633 121.038 4.11137
634 127.17 4.10538
635 115.681 4.09877
636 115.867 4.09153
637 125.679 4.08366
638 118.002 4.07518
639 108.61 4.06607
640 100.985 4.05634
641 100.026 4.04599
642 102.531 4.03503
643 101.224 4.02345
644 106.538 4.01125
645 108.352 3.99844
646 109.656 3.98503
647 109.906 3.971
648 111.575 3.95638
649 113.288 3.94114
650 108.279 3.92531
651 103.222 3.90888
652 99.9725 3.89185
653 107.051 3.87423
654 104.211 3.85602
655 95.3216 3.83722
656 98.9306 3.81784
657 97.1874 3.79788
658 89.8162 3.77734
659 96.1813 3.75622
660 92.7838 3.73453
661 79.3336 3.71228
662 80.2362 3.68946
663 79.4399 3.66608
664 83.6074 3.64214
665 82.0142 3.61765
666 78.8128 3.59261
667 83.7311 3.56702
668 80.4811 3.54089
669 78.3555 3.51422
670 66.3893 3.48702
671 73.1601 3.45929
672 67.7287 3.43104
673 76.8153 3.40227
674 69.8528 3.37298
675 72.7222 3.34318
676 68.8892 3.31287
677 66.9769 3.28206
678 57.6502 3.25076
679 62.9915 3.21896
680 58.173 3.18668
681 52.2633 3.15391
682 39.9837 3.12067
683 40.4031 3.08696
684 46.0917 3.05278
685 43.4293 3.01814
686 50.3418 2.98305
687 47.8862 2.94751
688 49.4187 2.91152
689 43.2269 2.8751
690 50.7859 2.83824
691 46.5129 2.80095
692 37.5459 2.76325
693 42.6978 2.72513
694 36.1149 2.6866
695 39.14 2.64767
696 35.8326 2.60834
697 38.7739 2.56863
698 35.7489 2.52852
699 41.401 2.48805
700 33.3593 2.4472
701 32.8233 2.40598
702 25.5701 2.36441
703 31.3474 2.32248
704 29.3252 2.28021
705 21.3295 2.2376
706 17.5584 2.19466
707 14.1297 2.1514
708 16.6525 2.10781
709 14.9277 2.06392
710 8.62933 2.01972
711 10.9381 1.97522
712 10.0384 1.93044
713 6.15653 1.88537
714 -3.05344 1.84002
715 1.45486 1.7944
716 5.88577 1.74853
717 3.95498 1.7024
718 -7.86422 1.65602
719 -7.51687 1.6094
720 -11.6322 1.56255
721 -10.0679 1.51547
722 -16.386 1.46818
723 -14.6185 1.42068
724 -24.7302 1.37297
725 -22.3535 1.32507
726 -25.2233 1.27698
727 -12.2182 1.22871
728 -19.6073 1.18027
729 -20.8103 1.13166
730 -26.2938 1.0829
731 -29.2603 1.03398
732 -32.7834 0.984929
733 -34.3474 0.93574
734 -45.6383 0.886425
735 -45.0682 0.836992
736 -45.8847 0.787449
737 -49.8126 0.737802
738 -53.9359 0.688061
739 -50.7604 0.638233
740 -53.6455 0.588325
741 -47.7639 0.538347
742 -55.6883 0.488305
743 -56.2977 0.438207
744 -47.8858 0.388062
745 -51.1562 0.337877
746 -51.5012 0.287661
747 -53.7111 0.23742
748 -58.6781 0.187164
749 -63.6752 0.1369
750 -60.4255 0.0866356
751 -59.4796 0.0363794
752 -65.5228 -0.0138609
753 -69.9977 -0.0640775
754 -68.6191 -0.114262
755 -68.6781 -0.164407
756 -69.0453 -0.214505
757 -75.1382 -0.264547
758 -83.568 -0.314526
759 -81.6231 -0.364433
760 -82.4434 -0.414261
761 -79.2227 -0.464002
762 -89.6303 -0.513649
763 -87.4573 -0.563192
764 -81.6877 -0.612625
765 -89.2383 -0.66194
766 -88.9955 -0.711128
767 -93.0351 -0.760183
768 -88.5137 -0.809095
769 -92.7861 -0.857859
770 -95.0161 -0.906465
771 -97.5869 -0.954907
772 -96.5033 -1.00318
773 -95.3703 -1.05127
774 -98.2896 -1.09917
775 -101.666 -1.14687
776 -109.343 -1.19438
777 -100.763 -1.24167
778 -104.687 -1.28875
779 -112.043 -1.3356
780 -107.038 -1.38221
781 -101.667 -1.42859
782 -113.15 -1.47472
783 -109.859 -1.5206
784 -117.241 -1.56621
785 -116.776 -1.61156
786 -124.883 -1.65663
787 -129.851 -1.70142
788 -128.033 -1.74591
789 -120.358 -1.79011
790 -119.557 -1.83401
791 -125.164 -1.87759
792 -130.326 -1.92085
793 -125.349 -1.96379
794 -132.912 -2.0064
795 -127.272 -2.04867
796 -132.854 -2.0906
797 -125.63 -2.13217
798 -127.715 -2.17339
799 -123.985 -2.21424
800 -135.255 -2.25472
801 -130.044 -2.29482
802 -126.288 -2.33453
803 -127.73 -2.37386
804 -140.617 -2.41279
805 -136.635 -2.45132
806 -141.045 -2.48944
807 -144.992 -2.52714
808 -140.922 -2.56442
809 -144.396 -2.60128
810 -140.25 -2.63771
811 -138.496 -2.67369
812 -134.382 -2.70924
813 -141.052 -2.74433
814 -135.248 -2.77897
815 -133.847 -2.81314
816 -134.521 -2.84686
817 -146.576 -2.8801
818 -146.341 -2.91286
819 -146.114 -2.94514
820 -144.984 -2.97694
821 -153.911 -3.00824
822 -141.935 -3.03905
823 -153.982 -3.06936
824 -139.863 -3.09916
825 -154.537 -3.12845
826 -146.292 -3.15722
827 -148.562 -3.18547
828 -147.648 -3.2132
829 -141.829 -3.2404
830 -144.037 -3.26707
831 -150.726 -3.29319
832 -142.011 -3.31878
833 -144.479 -3.34382
834 -152.743 -3.36831
835 -146.796 -3.39225
836 -157.567 -3.41563
837 -144.835 -3.43845
838 -143.84 -3.46071
839 -141.172 -3.48239
840 -147.848 -3.50351
841 -136.776 -3.52405
842 -155.715 -3.54401
843 -151.467 -3.56339
844 -148.86 -3.58219
845 -147.971 -3.6004
846 -148.615 -3.61802
847 -155.47 -3.63505
848 -146.966 -3.65148
849 -141.892 -3.66731
850 -156.057 -3.68254
851 -145.914 -3.69717
852 -150.981 -3.71119
853 -147.661 -3.72461
854 -148.662 -3.73741
855 -142.707 -3.74961
856 -139.289 -3.76119
857 -140.648 -3.77215
858 -135.32 -3.7825
859 -138.605 -3.79223
860 -146.258 -3.80134
861 -146.054 -3.80982
862 -138.634 -3.81769
863 -133.811 -3.82492
864 -134.726 -3.83154
865 -146.391 -3.83752
866 -145.129 -3.84288
867 -144.526 -3.84761
868 -146.711 -3.85171
869 -136.836 -3.85518
870 -143.612 -3.85802
871 -139.472 -3.86023
872 -131.831 -3.86181
873 -141.432 -3.86276
874 -132.075 -3.86308
875 -149.04 -3.86276
876 -141.676 -3.86181
877 -138.394 -3.86023
878 -131.937 -3.85802
879 -128.947 -3.85518
880 -123.203 -3.85171
881 -136.674 -3.84761
882 -131.029 -3.84288
883 -126.532 -3.83752
884 -129.086 -3.83153
885 -130.432 -3.82492
886 -132.241 -3.81768
887 -123.731 -3.80981
888 -125.214 -3.80133
889 -126.138 -3.79222
890 -124.23 -3.78249
891 -123.539 -3.77214
892 -119.664 -3.76118
893 -117.101 -3.7496
894 -120.219 -3.7374
895 -114.462 -3.7246
896 -105.978 -3.71118
897 -113.892 -3.69716
898 -100.179 -3.68253
899 -98.0544 -3.66729
900 -108.205 -3.65146
901 -115.555 -3.63503
902 -109.982 -3.618
903 -109.707 -3.60038
904 -102.43 -3.58217
905 -95.3553 -3.56337
906 -107.281 -3.54399
907 -104.469 -3.52403
908 -103.784 -3.50349
909 -104.607 -3.48237
910 -93.9345 -3.46069
911 -94.7689 -3.43843
912 -94.5559 -3.41561
913 -102.835 -3.39223
914 -97.6561 -3.36829
915 -97.3307 -3.3438
916 -95.0095 -3.31876
917 -87.2175 -3.29317
918 -90.5345 -3.26704
919 -97.4268 -3.24037
920 -83.5365 -3.21317
921 -90.4054 -3.18544
922 -85.1265 -3.15719
923 -78.5489 -3.12842
924 -79.9222 -3.09913
925 -77.6524 -3.06933
926 -76.6849 -3.03902
927 -68.5481 -3.00821
928 -67.3937 -2.97691
929 -61.0396 -2.94511
930 -62.7596 -2.91283
931 -58.8986 -2.88006
932 -53.6873 -2.84682
933 -47.0338 -2.81311
934 -46.8875 -2.77893
935 -53.6867 -2.74429
936 -47.6919 -2.7092
937 -39.1855 -2.67366
938 -51.6429 -2.63767
939 -41.254 -2.60125
940 -34.7332 -2.56439
941 -46.7614 -2.5271
942 -43.2404 -2.4894
943 -42.1173 -2.45128
944 -39.1493 -2.41275
945 -30.0165 -2.37382
946 -33.6584 -2.33449
947 -26.8754 -2.29478
948 -35.9271 -2.25467
949 -34.9697 -2.2142
950 -27.9851 -2.17335
951 -26.8023 -2.13213
952 -24.8858 -2.09056
953 -33.692 -2.04863
954 -29.3625 -2.00636
955 -21.9827 -1.96375
956 -17.8373 -1.92081
957 -12.1413 -1.87755
958 -14.1678 -1.83396
959 -10.4399 -1.79007
960 -8.3925 -1.74587
961 -7.42295 -1.70137
962 -2.8238 -1.65659
963 2.31824 -1.61152
964 -5.44671 -1.56617
965 -0.294096 -1.52055
966 5.41854 -1.47468
967 5.18001 -1.42855
968 1.61592 -1.38217
969 8.72376 -1.33555
970 12.3919 -1.2887
971 9.18201 -1.24162
972 11.2605 -1.19433
973 6.11755 -1.14683
974 11.3256 -1.09912
975 17.0955 -1.05122
976 26.1208 -1.00313
977 24.6478 -0.954859
978 37.4208 -0.906417
979 29.8308 -0.85781
980 29.3678 -0.809047
981 32.637 -0.760134
982 30.2522 -0.711079
983 45.9772 -0.66189
984 36.7308 -0.612576
985 37.3187 -0.563143
986 32.386 -0.513599
987 30.8217 -0.463953
988 39.205 -0.414211
989 42.249 -0.364383
990 38.7785 -0.314476
991 48.0782 -0.264497
992 41.9649 -0.214455
993 54.1584 -0.164357
994 54.6445 -0.114212
995 48.9649 -0.0640274
996 56.8478 -0.0138108
997 63.7425 0.0364295
998 52.2285 0.0866858
999 61.0398 0.13695
