7015 -3.8 0 791.952
0.0325500 0.9815601 25.5939083 25.5939083 33.1389192
0.0357000 0.9793547 28.0388853 28.0388853 33.1221497
0.0399000 0.9764363 31.2903395 31.2903395 33.1001392
0.0451500 0.9728227 35.3410882 35.3410882 33.0731725
0.0504000 0.9692472 39.3769071 39.3769071 33.0467948
0.0567000 0.9650047 44.2004004 44.2004004 33.0158931
0.0640500 0.9601223 49.8012705 49.8012705 32.9808389
0.0714000 0.9553117 55.3739610 55.3739610 32.9468152
0.0798000 0.9499001 61.7087733 61.7087733 32.9091365
0.0892500 0.9439189 68.7928383 68.7928383 32.8682108
0.1008000 0.9367565 77.3910520 77.3910520 32.8201776
0.1123500 0.9297484 85.9245231 85.9245231 32.7741988
0.1260000 0.9216666 95.9280044 95.9280044 32.7223323
0.1417500 0.9125983 107.3635712 107.3635712 32.6655716
0.1585500 0.9032172 119.4388634 119.4388634 32.6083778
0.1785000 0.8924615 133.6192150 133.6192150 32.5445511
0.2005500 0.8810343 149.0986490 149.0986490 32.4786706
0.2247000 0.8690383 165.8284609 165.8284609 32.4115441
0.2520000 0.8560854 184.4707857 184.4707857 32.3412818
0.2824500 0.8423467 204.9424212 204.9424212 32.2691089
0.3171000 0.8275619 227.8463881 227.8463881 32.1939059
0.3549000 0.8123817 252.3841871 252.3841871 32.1191213
0.3990000 0.7958091 280.4570321 280.4570321 32.0400406
0.4473000 0.7789262 310.5638072 310.5638072 31.9619760
0.5019000 0.7612603 343.8506880 343.8506880 31.8827457
0.5628000 0.7431171 380.1149006 380.1149006 31.8037714
0.6310500 0.7244971 419.7623470 419.7623470 31.7249841
0.7087500 0.7052054 463.7326831 463.7326831 31.6455258
0.7948500 0.6858846 511.1404978 511.1404978 31.5678139
0.8914500 0.6663417 562.8437614 562.8437614 31.4910514
1.0006500 0.6465165 619.5882688 619.5882688 31.4149541
1.1227651 0.6267339 681.1290253 681.1290253 31.3405729
1.2594751 0.6070427 747.8882504 747.8882504 31.2679593
1.4127226 0.5874968 820.3428438 820.3428438 31.1971427
1.5858151 0.5680352 899.5066844 899.5066844 31.1277507
1.7787526 0.5489612 984.8035829 984.8035829 31.0607835
1.9959451 0.5301634 1077.5664541 1077.5664541 30.9956232
2.2393220 0.5118197 1177.9343777 1177.9343777 30.9326023
2.5125215 0.4938895 1286.6791601 1286.6791601 30.8715900
2.8192921 0.4763990 1404.4850791 1404.4850791 30.8125959
3.1631068 0.4594328 1531.8271608 1531.8271608 30.7557155
3.5483644 0.4430455 1669.4330691 1669.4330691 30.7008692
3.9810846 0.4271986 1818.4710865 1818.4710865 30.6478515
4.4672872 0.4119050 1979.9360931 1979.9360931 30.5966153
5.0118948 0.3971869 2154.3303212 2154.3303212 30.5472919
5.6245099 0.3829611 2343.4845186 2343.4845186 30.4995847
6.3098094 0.3693099 2547.5197172 2547.5197172 30.4536639
7.0803644 0.3561742 2768.7698824 2768.7698824 30.4091645
7.9440561 0.3435820 3007.9707156 3007.9707156 30.3661157
8.9125633 0.3314968 3266.7381519 3266.7381519 30.3243905
10.0014481 0.3199329 3547.4746892 3547.4746892 30.2837738
11.2210876 0.3088906 3851.0177242 3851.0177242 30.2442917
12.5894367 0.2983109 4179.8659138 4179.8659138 30.2057582
14.1269504 0.2881396 4536.7391891 4536.7391891 30.1679214
15.8491767 0.2783800 4922.9061344 4922.9061344 30.1307234
17.7840324 0.2689801 5342.0739430 5342.0739430 30.0939535
19.9529062 0.2599688 5796.1351429 5796.1351429 30.0575843
22.3872322 0.2513705 6288.8065827 6288.8065827 30.0213327
25.1199938 0.2430814 6823.6343891 6823.6343891 29.9849718
28.1840786 0.2350955 7403.5587776 7403.5587776 29.9482758
31.6237393 0.2273804 8033.1782903 8033.1782903 29.9110381
35.4826072 0.2199944 8716.4651625 8716.4651625 29.8731535
39.8132470 0.2129169 9458.4924688 9458.4924688 29.8343043
44.6694872 0.2060855 10263.8866740 10263.8866740 29.7942624
50.1205675 0.1993808 11138.7645244 11138.7645244 29.7526536
56.2377471 0.1928049 12088.3884127 12088.3884127 29.7092061
63.0967693 0.1865075 13118.0967339 13118.0967339 29.6638636
70.7954662 0.1805126 14236.4437932 14236.4437932 29.6162987
79.4340106 0.1746590 15450.9171653 15450.9171653 29.5658215
89.1259377 0.1689364 16769.0826954 16769.0826954 29.5118141
100.0026275 0.1634033 18199.7605201 18199.7605201 29.4548042
112.2074471 0.1582445 19753.3380850 19753.3380850 29.3958525
125.8964104 0.1534836 21442.3405008 21442.3405008 29.3339167
141.2559945 0.1489670 23281.1090588 23281.1090588 29.2660517
158.4947918 0.1445729 25284.3519169 25284.3519169 29.1894153
177.8326602 0.1403275 27465.0136429 27465.0136429 29.1049249
199.5344894 0.1362504 29840.8143459 29840.8143459 29.0155686
223.8731455 0.1324231 32428.9218986 32428.9218986 28.9239917
251.1895596 0.1285791 35250.8638644 35250.8638644 28.8271757
281.8404883 0.1248973 38326.0537615 38326.0537615 28.7258343
316.2378815 0.1214418 41680.2465452 41680.2465452 28.6236038
354.8252370 0.1179425 45337.0382359 45337.0382359 28.5166255
398.1250863 0.1138968 49310.8491098 49310.8491098 28.3947233
446.6934609 0.1098183 53609.8444035 53609.8444035 28.2458459
501.1903976 0.1056568 58258.2232475 58258.2232475 28.0733572
562.3470481 0.1010675 63266.6317747 63266.6317747 27.8833559
630.9576992 0.0969217 68635.8653129 68635.8653129 27.6910390
707.9626349 0.0932553 74430.9566344 74430.9566344 27.4803758
794.3311114 0.0901886 80712.1578923 80712.1578923 27.2551680
891.2901875 0.0856729 87468.0754742 87468.0754742 27.0356026
1000.0152949 0.0811417 94634.2930483 94634.2930483 26.7930769
1122.0453570 0.0776198 102297.3631818 102297.3631818 26.5497460
1258.9519017 0.0755435 110572.9065412 110572.9065412 26.2961238
1412.6025846 0.0723567 119608.7251257 119608.7251257 26.0072744
1584.9192513 0.0672500 129162.3610341 129162.3610341 25.7236109
1778.3297629 0.0622075 139028.1095519 139028.1095519 25.4430161
1995.3396487 0.0569803 149256.5091115 149256.5091115 25.1292048
2238.7495208 0.0511511 159686.3677197 159686.3677197 24.7692133
2511.9332487 0.0432488 169911.3783407 169911.3783407 24.4174992
2818.4067961 0.0386388 179682.4126245 179682.4126245 24.0582595
3162.3160538 0.0375927 190071.6581085 190071.6581085 23.6344933
3548.2246552 0.0376969 201527.3821671 201527.3821671 23.1662064
3981.0824729 0.0402190 214804.4246662 214804.4246662 22.7451992
4466.8445267 0.0386643 230065.3505466 230065.3505466 22.3261698
5011.9508737 0.0389088 246713.2172671 246713.2172671 21.8463972
5623.4686414 0.0375638 265556.0639659 265556.0639659 21.4331308
6309.6060499 0.0355117 284831.1813023 284831.1813023 20.8356792
7079.5178905 0.0335453 306000.4375154 306000.4375154 20.3100382
7943.3360745 0.0326892 328580.1449813 328580.1449813 19.9395263
8912.5538779 0.0297696 352819.5593332 352819.5593332 19.5549924
10000.0576380 0.0301602 377862.3365704 377862.3365704 19.1576101
11220.2837932 0.0293802 406679.4385323 406679.4385323 18.7849961
12589.2832138 0.0265326 436411.1719241 436411.1719241 18.4485731
14125.4898594 0.0262794 469941.0555319 469941.0555319 18.0586700
15849.0266991 0.0266025 503889.3028318 503889.3028318 17.6386903
17782.8284773 0.0248557 542505.2098732 542505.2098732 17.2087847
19952.6405589 0.0217537 581439.6285556 581439.6285556 16.6677648
22387.3110130 0.0204699 622228.2093955 622228.2093955 16.2758395
25118.9399788 0.0210966 665257.7129225 665257.7129225 15.8806486
28183.8378200 0.0211778 714720.1296060 714720.1296060 15.5741750
31622.8492882 0.0222109 775763.0699080 775763.0699080 15.2863283
35481.3448326 0.0213160 842309.4664716 842309.4664716 15.0942223
39810.8123001 0.0201333 914580.4872747 914580.4872747 14.8582086
44668.4408210 0.0188503 988223.9933303 988223.9933303 14.6327704
50118.8218320 0.0169037 1068132.8329281 1068132.8329281 14.3168012
56234.1823694 0.0171774 1152035.6531226 1152035.6531226 14.1308708
63095.8439737 0.0158179 1247571.2009464 1247571.2009464 13.9492043
70794.7386130 0.0113703 1335710.5702304 1335710.5702304 13.7720702
79432.9897122 0.0095001 1407184.3422560 1407184.3422560 13.5105192
89125.2011949 0.0162922 1514104.3219025 1514104.3219025 13.2762275
100000.1496297 0.0173115 1651971.0926253 1651971.0926253 13.0680527
112201.9339986 0.0154854 1806843.9725016 1806843.9725016 12.8358186
125892.6936390 0.0191066 2002407.0936676 2002407.0936676 12.6401630
141253.8311154 0.0180424 2237731.5563160 2237731.5563160 12.4692276
