1001 0
0 62.6768 0 0
0 0.994392 0.62483 0.62483
0 0.98887 1.24618 1.24618
0 0.983432 1.86409 1.86409
0 0.972792 3.08982 3.08982
0 0.962484 4.30243 4.30243
0 0.947573 6.09761 6.09761
0 0.902075 11.8893 11.8893
0 0.862712 17.4158 17.4158
0 0.79824 27.8068 27.8068
0 0.747812 37.4833 37.4833
1 0.68963 50.9688 50.9688
2 0.572455 90.0909 90.0909
3 0.507682 123.775 123.775
5 0.434369 182.328 182.328
7 0.391214 233.88 233.88
10 0.349891 303.258 303.258
15 0.309159 405.922 405.922
20 0.283995 498.595 498.595
30 0.252757 665.898 665.898
50 0.219587 959.522 959.522
70 0.200489 1221.99 1221.99
100 0.181613 1579.91 1579.91
150 0.1628 2116.62 2116.62
200 0.151461 2607.82 2607.82
300 0.138352 3512.23 3512.23
500 0.124263 5150.44 5150.44
700 0.116263 6657.03 6657.03
1000 0.107115 8750.35 8750.35
1500 0.0965285 11921.4 11921.4
2000 0.0911958 14860.9 14860.9
3000 0.0845435 20339.6 20339.6
5000 0.0794132 30525.2 30525.2
7000 0.0787756 40392.4 40392.4
10000 0.0771736 55003.2 55003.2
15000 0.0670724 77143 77143
20000 0.0616924 97182.4 97182.4
30000 0.0569638 133696 133696
40000 0.0447088 164992 164992
50000 0.0399121 192209 192209
60000 0.0381936 216012 216012
70000 0.0323384 237904 237904
80000 0.0327737 258153 258153
90000 0.0330246 278636 278636
100000 0.0314355 298823 298823
150000 0.0314903 397465 397465
200000 0.0314904 496151 496151
300000 0.0314904 693523 693523
400000 0.0314904 890894 890894
500000 0.0315739 1.08829e+06 1.08829e+06
600000 0.0313559 1.28599e+06 1.28599e+06
700000 0.0305095 1.48609e+06 1.48609e+06
800000 0.0279403 1.67634e+06 1.67634e+06
900000 0.0344501 1.86606e+06 1.86606e+06
1000000 0.0284008 2.06403e+06 2.06403e+06
1500000 0.0266516 3.09778e+06 3.09778e+06
2000000 0.0498613 4.20614e+06 4.20614e+06
