1000 0
0 0.972555 4.06888 4.06888
0 0.963284 8.09898 8.09898
0 0.954255 12.0913 12.0913
0 0.936882 19.9665 19.9665
0 0.920366 27.7017 27.7017
0 0.897074 39.0568 39.0568
0 0.830363 74.9998 74.9998
0 0.781668 105.219 105.219
0 0.703002 163.883 163.883
0 0.645812 217.262 217.262
1 0.582905 291.438 291.438
2 0.469767 497.332 497.332
3 0.412152 671.455 671.455
5 0.349925 972.925 972.925
7 0.315 1236.07 1236.07
10 0.282304 1591.8 1591.8
15 0.249606 2118.37 2118.37
20 0.229698 2594.23 2594.23
30 0.202939 3452.38 3452.38
50 0.172831 4934.71 4934.71
70 0.154352 6237.67 6237.67
100 0.1362 7966 7966
150 0.114141 10458.7 10458.7
200 0.100736 12601.5 12601.5
300 0.0730051 16070.4 16070.4
500 0.045428 20542.5 20542.5
700 0.0382262 23796.8 23796.8
1000 0.019433 27332.4 27332.4
1500 0.004452 29660.2 29660.2
2000 -0.0153371 29801.4 28529.7
3000 -0.0204304 29801.4 21654.3
5000 -0.0219529 29801.4 4317.84
7000 -0.018842 29801.4 -13657.8
10000 -0.0250251 29801.4 -43499.6
15000 -0.0128501 29801.4 -85233.9
20000 -0.0131754 29801.4 -114900
30000 -0.0172464 29801.4 -173295
40000 -0.0265636 29801.4 -270998
