6013 -3.46 0 653.264
0.0325500 0.9487161 20.7893881 20.7893881 11.9476615
0.0357000 0.9434267 22.7338450 22.7338450 12.0608320
0.0399000 0.9374338 25.3121402 25.3121402 12.2168804
0.0451500 0.9299623 28.5113549 28.5113549 12.3969647
0.0504000 0.9209591 31.6820843 31.6820843 12.5751577
0.0567000 0.9125658 35.4517415 35.4517415 12.7836412
0.0640500 0.9041510 39.8087876 39.8087876 13.0403584
0.0714000 0.8953419 44.1237881 44.1237881 13.2559162
0.0798000 0.8842571 49.0021500 49.0021500 13.5071333
0.0892500 0.8738513 54.4235912 54.4235912 13.7681804
0.1008000 0.8618748 60.9647947 60.9647947 14.0452129
0.1123500 0.8471169 67.4052996 67.4052996 14.3349911
0.1260000 0.8353949 74.9048407 74.9048407 14.6462599
0.1417500 0.8194301 83.4103610 83.4103610 14.9890032
0.1585500 0.8066880 92.3218323 92.3218323 15.3390888
0.1785000 0.7931172 102.7377393 102.7377393 15.7230199
0.2005500 0.7791195 114.0644635 114.0644635 16.0588327
0.2247000 0.7627232 126.2121505 126.2121505 16.3805495
0.2520000 0.7462818 139.6654378 139.6654378 16.7624814
0.2824500 0.7305398 154.3492952 154.3492952 17.1347115
0.3171000 0.7116713 170.6674381 170.6674381 17.4870635
0.3549000 0.6945681 187.9967192 187.9967192 17.8464366
0.3990000 0.6757099 207.7351206 207.7351206 18.2499197
0.4473000 0.6530263 228.6932767 228.6932767 18.5831169
0.5019000 0.6345359 251.6063750 251.6063750 18.8741354
0.5628000 0.6144999 276.4519078 276.4519078 19.2280798
0.6310500 0.5984757 303.5498715 303.5498715 19.5584449
0.7087500 0.5827804 333.5634509 333.5634509 19.8812702
0.7948500 0.5657090 365.8659433 365.8659433 20.2364467
0.8914500 0.5438572 400.8476578 400.8476578 20.4597243
1.0006500 0.5237779 438.8753781 438.8753781 20.7088191
1.1227651 0.5070231 479.9502337 479.9502337 20.9744578
1.2594751 0.4934841 524.5722995 524.5722995 21.2064962
1.4127226 0.4678699 572.7691564 572.7691564 21.3905698
1.5858151 0.4538298 624.7749619 624.7749619 21.5001352
1.7787526 0.4385360 680.8607419 680.8607419 21.7527846
1.9959451 0.4212026 741.7280228 741.7280228 21.9874127
2.2393220 0.4023224 806.6290203 806.6290203 21.9838855
2.5125215 0.3890819 877.2069455 877.2069455 22.1887687
2.8192921 0.3717281 953.6003641 953.6003641 22.5312129
3.1631068 0.3596327 1034.9955403 1034.9955403 22.5985962
3.5483644 0.3541607 1124.2796995 1124.2796995 22.6247466
3.9810846 0.3353603 1221.3333534 1221.3333534 22.7574652
4.4672872 0.3246834 1325.9946053 1325.9946053 22.8639160
5.0118948 0.3087185 1438.4214565 1438.4214565 22.9980134
5.6245099 0.3122919 1562.8492040 1562.8492040 23.1285406
6.3098094 0.2961699 1697.0466263 1697.0466263 23.1614367
7.0803644 0.2803509 1842.4692643 1842.4692643 23.2891671
7.9440561 0.2704617 1996.8427697 1996.8427697 23.4711439
8.9125633 0.2565784 2164.0028671 2164.0028671 23.6387315
10.0014481 0.2494312 2343.6449619 2343.6449619 23.6869302
11.2210876 0.2312110 2534.9096443 2534.9096443 23.7549533
12.5894367 0.2279201 2735.5690447 2735.5690447 23.7309731
14.1269504 0.2053373 2948.7171578 2948.7171578 23.9139581
15.8491767 0.2135249 3184.1207820 3184.1207820 23.9049285
17.7840324 0.1977681 3442.4304367 3442.4304367 24.0131835
19.9529062 0.2013040 3722.0494601 3722.0494601 24.1789427
22.3872322 0.1819469 4023.1587317 4023.1587317 24.2522448
25.1199938 0.1789913 4346.4362325 4346.4362325 24.2126439
28.1840786 0.1680901 4682.7631056 4682.7631056 24.3057627
31.6237393 0.1585443 5048.3702411 5048.3702411 24.3482212
35.4826072 0.1543663 5432.7173644 5432.7173644 24.3413370
39.8132470 0.1504102 5853.0493268 5853.0493268 24.3787975
44.6694872 0.1478705 6317.1451638 6317.1451638 24.4148769
50.1205675 0.1365546 6813.2547404 6813.2547404 24.3746948
56.2377471 0.1293863 7361.7780442 7361.7780442 24.3363529
63.0967693 0.1324285 7955.1783024 7955.1783024 24.3442652
70.7954662 0.1279773 8587.5043552 8587.5043552 24.4160473
79.4340106 0.1219190 9317.0180190 9317.0180190 24.4046163
89.1259377 0.1085477 10066.9290005 10066.9290005 24.4038355
100.0026275 0.1080023 10813.4707902 10813.4707902 24.3569933
112.2074471 0.1024165 11643.7498489 11643.7498489 24.4365843
125.8964104 0.0987012 12524.2767286 12524.2767286 24.3642063
141.2559945 0.1029827 13466.1640624 13466.1640624 24.3902851
158.4947918 0.0897265 14536.9504452 14536.9504452 24.1488132
177.8326602 0.0959544 15712.0657539 15712.0657539 24.2312014
199.5344894 0.0932174 17068.4468585 17068.4468585 24.1659538
223.8731455 0.0833681 18483.4459850 18483.4459850 24.2305003
251.1895596 0.0787422 19945.2021615 19945.2021615 24.0055067
281.8404883 0.0698309 21510.4443926 21510.4443926 23.9925719
316.2378815 0.0738895 23208.3794334 23208.3794334 23.7907967
354.8252370 0.0618653 24952.4011477 24952.4011477 23.8551013
398.1250863 0.0646107 26817.8095518 26817.8095518 23.5688840
446.6934609 0.0633458 28775.9727239 28775.9727239 23.4601770
501.1903976 0.0631732 30900.2644972 30900.2644972 23.2344698
562.3470481 0.0596957 33261.3541477 33261.3541477 23.0381939
630.9576992 0.0551305 35793.4957295 35793.4957295 22.8896425
707.9626349 0.0432838 38374.2560416 38374.2560416 22.6270899
794.3311114 0.0557905 41145.2375787 41145.2375787 22.4431813
891.2901875 0.0456941 44074.0622626 44074.0622626 22.3567451
1000.0152949 0.0445927 47014.9234572 47014.9234572 21.8485135
1122.0453570 0.0422910 50054.9644861 50054.9644861 21.7107677
1258.9519017 0.0313816 53496.4790109 53496.4790109 21.4243461
1412.6025846 0.0497191 57519.5560577 57519.5560577 21.3228108
1584.9192513 0.0445859 62107.1477084 62107.1477084 20.8265158
1778.3297629 0.0269635 66127.5362734 66127.5362734 20.6711352
1995.3396487 0.0278437 70194.4654310 70194.4654310 20.4979260
2238.7495208 0.0366966 74741.7676430 74741.7676430 20.0690480
2511.9332487 0.0154903 78982.0976886 78982.0976886 19.5064482
2818.4067961 0.0246545 84089.8758325 84089.8758325 19.2844516
3162.3160538 0.0134816 89336.4803647 89336.4803647 18.9168311
3548.2246552 0.0121580 94938.0170336 94938.0170336 18.4931787
3981.0824729 0.0242577 100801.7295603 100801.6754442 18.1281214
4466.8445267 0.0128450 106965.6232542 106965.5691381 17.8481429
5011.9508737 0.0164390 114485.8875474 114485.8334313 17.4768795
5623.4686414 0.0188025 122241.1997087 122240.5483306 17.4182775
6309.6060499 0.0239183 130167.3243816 130166.3597140 16.9001498
7079.5178905 0.0187328 140072.2191356 140071.0990837 16.5645718
7943.3360745 0.0179921 151883.8073661 151882.6303142 16.3006658
8912.5538779 0.0221531 166557.6364609 166556.4318529 15.9534038
10000.0576380 0.0187181 182508.6268636 182507.4222556 15.8024849
11220.2837932 0.0189398 198711.6052725 198710.3707171 15.3563521
12589.2832138 0.0105171 214892.0149398 214890.0904275 15.1596464
14125.4898594 0.0153955 231171.3211022 231160.0474441 14.8349594
15849.0266991 0.0266778 252585.8312492 252573.9211585 14.8191435
17782.8284773 0.0290726 273232.7724346 273219.5866806 14.4412610
19952.6405589 0.0104625 294159.1861719 294130.1301726 14.3761170
22387.3110130 0.0133658 313948.6451692 313879.5265613 14.2581515
25118.9399788 0.0169565 340647.9364943 340572.7022414 14.1268668
28183.8378200 0.0204760 372310.3584982 372229.5058895 13.8335967
31622.8492882 0.0158661 405652.5265590 405552.6599230 13.6535414
35481.3448326 0.0194374 443925.9713939 443815.3603007 13.3972672
39810.8123001 0.0171061 488763.6248922 488637.1186022 13.3631241
44668.4408210 0.0078265 536794.1769486 536653.2847774 13.2618492
50118.8218320 0.0167365 591779.3128438 591614.1828131 13.1283467
56234.1823694 0.0105154 641036.9180498 640780.0088087 13.1753614
63095.8439737 0.0149771 692521.0357105 692100.4100810 13.1062188
70794.7386130 0.0052924 746510.8570833 745819.7433449 13.2799934
79432.9897122 0.0164614 808348.5338712 807384.9729570 12.9573708
89125.2011949 0.0095042 887669.0517183 886567.9356809 13.1088668
100000.1496297 0.0049996 987177.9253583 985977.1764211 13.1289393
112201.9339986 0.0128703 1124337.8329031 1123130.4936832 13.0707629
125892.6936390 0.0097008 1271596.8035067 1270364.4609605 13.1383510
141253.8311154 0.0146846 1442818.4551494 1441566.5753445 13.1855260
158489.5061793 0.0168480 1634997.1872159 1633730.5220551 13.4423088
