1000 0
0 874.687 0 0
0 0.994972 8.72322 8.72322
0 0.989828 17.4019 17.4019
0 0.984785 26.0354 26.0354
0 0.975165 43.1753 43.1753
0 0.9657 60.1456 60.1456
0 0.952076 85.2984 85.2984
0 0.911327 166.73 166.73
0 0.875453 244.832 244.832
0 0.817692 392.622 392.622
0 0.77176 531.499 531.499
1 0.716408 726.411 726.411
2 0.605441 1299.31 1299.31
3 0.542323 1799.53 1799.53
5 0.471013 2678.22 2678.22
7 0.425814 3460.24 3460.24
10 0.387629 4525 4525
15 0.347807 6123.27 6123.27
20 0.321947 7583.35 7583.35
30 0.292232 10256.6 10256.6
50 0.257024 15006.4 15006.4
70 0.234442 19293.3 19293.3
100 0.211921 25175.5 25175.5
150 0.194243 34091 34091
200 0.180648 42267.6 42267.6
300 0.163499 57241.7 57241.7
500 0.144215 83928.8 83928.8
700 0.133037 108127 108127
1000 0.120824 141393 141393
1500 0.111547 191589 191589
2000 0.106035 238602 238602
3000 0.0962501 325192 325192
5000 0.0890061 487857 487857
7000 0.0839303 640399 640399
10000 0.0784728 849111 849111
15000 0.0675608 1.15986e+06 1.15986e+06
20000 0.0636967 1.44129e+06 1.44129e+06
30000 0.056444 1.97193e+06 1.97193e+06
40000 0.0505306 2.44567e+06 2.44567e+06
50000 0.0536702 2.9036e+06 2.9036e+06
60000 0.0494132 3.36688e+06 3.36688e+06
70000 0.0521776 3.8208e+06 3.8208e+06
80000 0.0536822 4.27666e+06 4.27666e+06
90000 0.0529779 4.72257e+06 4.72257e+06
100000 0.0455782 5.14593e+06 5.14593e+06
150000 0.0445719 7.1567e+06 7.1567e+06
200000 0.0381813 8.89677e+06 8.89677e+06
300000 0.0333925 1.19393e+07 1.19393e+07
400000 0.0317571 1.48692e+07 1.48692e+07
500000 0.0303935 1.76517e+07 1.76517e+07
600000 0.0292684 2.02152e+07 2.02152e+07
700000 0.0259306 2.25709e+07 2.25709e+07
800000 0.0303665 2.50264e+07 2.50264e+07
900000 0.03102 2.77114e+07 2.77114e+07
1000000 0.0271544 3.05069e+07 3.05069e+07
