1002 0
0 877.871 0 0
0 0.99462 8.75246 8.75246
0 0.989525 17.4588 17.4588
0 0.984366 26.1204 26.1204
0 0.974624 43.3111 43.3111
0 0.965164 60.3341 60.3341
0 0.95165 85.5664 85.5664
0 0.910126 167.21 167.21
0 0.874047 245.462 245.462
0 0.814235 393.41 393.41
0 0.768095 532.119 532.119
1 0.714201 726.955 726.955
2 0.602219 1299.55 1299.55
3 0.53884 1798.23 1798.23
5 0.465948 2673.27 2673.27
7 0.424882 3452.94 3452.94
10 0.383206 4514.19 4514.19
15 0.342703 6102.84 6102.84
20 0.318683 7549.85 7549.85
30 0.287678 10195.4 10195.4
50 0.252518 14912.7 14912.7
70 0.233651 19159.1 19159.1
100 0.213637 25030.5 25030.5
150 0.196158 33986.4 33986.4
200 0.18374 42287.1 42287.1
300 0.169378 57680.3 57680.3
500 0.147665 84996.5 84996.5
700 0.132313 109432 109432
1000 0.122649 142718 142718
1500 0.113405 193937 193937
2000 0.105293 242521 242521
3000 0.0950914 330761 330761
5000 0.079781 480203 480203
7000 0.0785648 621159 621159
10000 0.0719498 822285 822285
15000 0.0711002 1.13453e+06 1.13453e+06
20000 0.070379 1.44007e+06 1.44007e+06
30000 0.0654173 2.03335e+06 2.03335e+06
40000 0.0588104 2.59658e+06 2.59658e+06
50000 0.0573105 3.10757e+06 3.10757e+06
60000 0.0529737 3.59278e+06 3.59278e+06
70000 0.0527437 4.05934e+06 4.05934e+06
80000 0.0514607 4.50879e+06 4.50879e+06
90000 0.0506824 4.97658e+06 4.97658e+06
100000 0.0516884 5.43036e+06 5.43036e+06
150000 0.0539647 7.70601e+06 7.70601e+06
200000 0.050108 1.00261e+07 1.00261e+07
300000 0.0530281 1.44017e+07 1.44017e+07
400000 0.0439914 1.85597e+07 1.85597e+07
500000 0.044101 2.23851e+07 2.23851e+07
600000 0.048251 2.63505e+07 2.63505e+07
700000 0.0431095 3.01783e+07 3.01783e+07
800000 0.0372532 3.37755e+07 3.37755e+07
900000 0.0380787 3.71026e+07 3.71026e+07
1000000 0.0391921 4.0362e+07 4.0362e+07
