6000 -3.52 0 1021.5
0.0325500 0.9369705 31.5672999 31.5672999 303.9412405
0.0357000 0.9341104 34.5756093 34.5756093 304.0933681
0.0399000 0.9315877 38.5761875 38.5761875 304.3015927
0.0451500 0.9277922 43.5608676 43.5608676 304.5489681
0.0504000 0.9239473 48.5249000 48.5249000 304.7808981
0.0567000 0.9180986 54.4482668 54.4482668 305.0482616
0.0640500 0.9123425 61.3171016 61.3171016 305.3389367
0.0714000 0.9075975 68.1458953 68.1458953 305.6235195
0.0798000 0.9022933 75.9075234 75.9075234 305.9324948
0.0892500 0.8966164 84.5877528 84.5877528 306.2573949
0.1008000 0.8889520 95.1161301 95.1161301 306.6267928
0.1123500 0.8826822 105.5629157 105.5629157 306.9979560
0.1260000 0.8756303 117.8162016 117.8162016 307.3797405
0.1417500 0.8672583 131.8267448 131.8267448 307.7715936
0.1585500 0.8571114 146.6089809 146.6089809 308.1275315
0.1785000 0.8478576 163.9850375 163.9850375 308.5109501
0.2005500 0.8363150 182.9401946 182.9401946 308.8854671
0.2247000 0.8261436 203.4377700 203.4377700 309.2416322
0.2520000 0.8145542 226.3091178 226.3091178 309.5984480
0.2824500 0.8019410 251.4326068 251.4326068 310.0044242
0.3171000 0.7892800 279.5905016 279.5905016 310.4081842
0.3549000 0.7760950 309.8160095 309.8160095 310.7508531
0.3990000 0.7617567 344.4190415 344.4190415 311.0434821
0.4473000 0.7442913 381.5651441 381.5651441 311.2931518
0.5019000 0.7320948 422.7505647 422.7505647 311.5043400
0.5628000 0.7179367 467.8342064 467.8342064 311.8134085
0.6310500 0.7052625 517.3891532 517.3891532 312.0348739
0.7087500 0.6880839 572.7052991 572.7052991 312.2586623
0.7948500 0.6748226 632.5478274 632.5478274 312.4636013
0.8914500 0.6594385 698.3797584 698.3797584 312.6653949
1.0006500 0.6423414 771.0569886 771.0569886 312.8191096
1.1227651 0.6252764 850.0631478 850.0631478 312.9283083
1.2594751 0.6082388 936.1919739 936.1919739 313.0930406
1.4127226 0.5943284 1030.4667996 1030.4667996 313.2156835
1.5858151 0.5827933 1134.2621034 1134.2621034 313.2469348
1.7787526 0.5607923 1246.8266812 1246.8266812 313.2889655
1.9959451 0.5412326 1368.8741008 1368.8741008 313.3544427
2.2393220 0.5266495 1501.8432269 1501.8432269 313.5697488
2.5125215 0.5163650 1647.7616999 1647.7616999 313.6842975
2.8192921 0.4997003 1806.9004728 1806.9004728 313.5938138
3.1631068 0.4892967 1980.5772201 1980.5772201 313.6365550
3.5483644 0.4737953 2170.3214826 2170.3214826 313.7288866
3.9810846 0.4626243 2377.0438874 2377.0438874 313.8051341
4.4672872 0.4489765 2603.6449113 2603.6449113 313.8096378
5.0118948 0.4428838 2851.3572972 2851.3572972 313.6886496
5.6245099 0.4252259 3122.3445702 3122.3445702 313.9160377
6.3098094 0.4246291 3419.4408561 3419.4408561 313.9115739
7.0803644 0.4088731 3748.1109124 3748.1109124 313.9786334
7.9440561 0.4003097 4106.4870115 4106.4870115 313.9999142
8.9125633 0.3881503 4497.6356031 4497.6356031 313.9429228
10.0014481 0.3790081 4921.3454060 4921.3454060 314.0170859
11.2210876 0.3684556 5389.1985874 5389.1985874 313.9923748
12.5894367 0.3592656 5899.3959933 5899.3959933 314.0303606
14.1269504 0.3490155 6454.5464388 6454.5464388 314.0075442
15.8491767 0.3473803 7067.2857426 7067.2857426 313.8586934
17.7840324 0.3451447 7751.5575743 7751.5575743 313.9224363
19.9529062 0.3315240 8498.5863804 8498.5863804 313.8999244
22.3872322 0.3284047 9314.5014102 9314.5014102 313.9125508
25.1199938 0.3195331 10214.5830559 10214.5830559 313.9647786
28.1840786 0.3084986 11199.2339237 11199.2339237 313.8969297
31.6237393 0.3040102 12283.7238809 12283.7238809 313.8848393
35.4826072 0.2907808 13459.2934053 13459.2934053 313.7450688
39.8132470 0.2861211 14745.7871848 14745.7871848 313.9504300
44.6694872 0.2804928 16160.8673832 16160.8673832 313.6556216
50.1205675 0.2822714 17717.9146004 17717.9146004 313.5430928
56.2377471 0.2719962 19468.2975156 19468.2975156 313.5684742
63.0967693 0.2752114 21382.9070911 21382.9070911 313.4897147
70.7954662 0.2635334 23492.1468229 23492.1468229 313.5291668
79.4340106 0.2518459 25802.2268697 25802.2268697 313.2759135
89.1259377 0.2546619 28323.7263475 28323.7263475 313.2227083
100.0026275 0.2500705 31116.4254236 31116.4254236 313.2458504
112.2074471 0.2525274 34201.3160835 34201.3160835 312.9311390
125.8964104 0.2438292 37613.5188845 37613.5188845 312.9444259
141.2559945 0.2351898 41335.0474502 41335.0474502 312.8025249
158.4947918 0.2355731 45422.3730778 45422.3730778 312.6428933
177.8326602 0.2272079 49895.7035076 49895.7035076 312.4492334
199.5344894 0.2190883 54807.2362123 54807.2362123 312.2332436
223.8731455 0.2080332 60143.9767325 60143.9767325 312.2262670
251.1895596 0.2150869 66000.9439561 66000.9439561 312.0000782
281.8404883 0.2026242 72442.8119037 72442.8119037 311.8883039
316.2378815 0.2033911 79457.0595156 79457.0595156 311.6054390
354.8252370 0.1857561 87022.9615006 87022.9615006 311.3362598
398.1250863 0.1840589 95248.0922548 95248.0922548 311.1982371
446.6934609 0.1927586 104209.8675413 104209.8675413 310.8901326
501.1903976 0.1704933 114028.0681894 114028.0681894 310.6136843
562.3470481 0.1679143 124634.1210043 124634.1210043 310.3862795
630.9576992 0.1652516 136295.0021628 136295.0021628 310.0367072
707.9626349 0.1598947 148948.9038836 148948.9038836 309.5902825
794.3311114 0.1479106 162602.3034004 162602.3034004 309.0415745
891.2901875 0.1414977 177695.8536706 177695.8536706 308.5657962
1000.0152949 0.1457914 193761.7401687 193761.7401687 307.9439367
1122.0453570 0.1291089 211132.5408348 211132.5408348 307.3285492
1258.9519017 0.1363661 230376.2429375 230376.2429375 306.8689339
1412.6025846 0.1336514 251706.4765204 251706.4765204 306.0495028
1584.9192513 0.1206740 274609.0815370 274609.0815370 305.6147120
1778.3297629 0.1204741 298441.4706273 298441.4706273 305.2416493
1995.3396487 0.1120132 322779.6086964 322779.6086964 304.8860041
2238.7495208 0.0965057 348352.0642146 348352.0642146 304.2522602
2511.9332487 0.0993785 376222.1876363 376222.1876363 303.3187625
2818.4067961 0.0787337 403534.3563333 403534.3563333 302.3849095
3162.3160538 0.0798642 432762.5919284 432762.5919284 301.1959827
3548.2246552 0.0781547 463948.8803406 463948.8803406 299.9002542
3981.0824729 0.0743064 498982.1227281 498982.1227281 298.5490961
4466.8445267 0.0687999 534459.3988860 534459.3988860 296.7249102
5011.9508737 0.0603947 570410.3606198 570410.3606198 295.0825043
5623.4686414 0.0565544 604974.8645009 604974.8645009 294.0030718
6309.6060499 0.0594050 643869.0960160 643869.0960160 293.2853969
7079.5178905 0.0477693 690167.3009776 690167.3009776 291.8884006
7943.3360745 0.0514083 735415.8580794 735415.8580794 290.6039892
8912.5538779 0.0412828 780841.1283867 780841.1283867 289.2037357
10000.0576380 0.0302059 820668.5949919 820668.5949919 287.9016594
11220.2837932 0.0364998 866568.2333703 866568.2333703 287.3385444
12589.2832138 0.0534440 926060.1725601 926060.1725601 286.0586730
14125.4898594 0.0446464 994487.9395864 994487.9395864 285.5750321
15849.0266991 0.0519421 1073243.6661475 1073243.6661475 284.4322236
17782.8284773 0.0557102 1162879.8604932 1162879.8604932 283.8566111
19952.6405589 0.0384400 1246137.2080264 1246137.2080264 282.8721817
22387.3110130 0.0288540 1315860.9206411 1315860.9206411 281.8508829
25118.9399788 0.0319022 1401698.4397419 1401698.4397419 281.2600817
28183.8378200 0.0399189 1511153.4104351 1511153.4104351 280.4420215
31622.8492882 0.0393605 1643716.9972639 1643716.9972639 279.9143132
35481.3448326 0.0299602 1763347.2440664 1763347.2440664 279.4228467
39810.8123001 0.0374521 1893136.3153267 1893136.3153267 279.0684511
44668.4408210 0.0276280 2048955.2223184 2048955.2223184 278.7902356
50118.8218320 0.0236399 2192606.8296887 2192606.8296887 278.2785998
56234.1823694 0.0302348 2347858.0137620 2347858.0137620 278.0127328
63095.8439737 0.0337042 2542696.7023118 2542696.7023118 277.5645843
70794.7386130 0.0412048 2726645.9076966 2726645.9076966 277.7324522
79432.9897122 0.0311565 2958702.2693389 2958702.2693389 277.9238350
89125.2011949 0.0304800 3208907.0126090 3208907.0126090 278.3242648
100000.1496297 0.0169321 3482869.8414288 3482869.8414288 278.6123606
112201.9339986 0.0171378 3755260.5131513 3755260.5131513 279.1725029
125892.6936390 0.0305360 4115333.8819610 4115333.8819610 279.2480286
