6002 -3.52 0 993.399
0.0325500 0.9614009 31.5181287 31.5181287 303.9970291
0.0357000 0.9588952 34.5213847 34.5213847 304.1547301
0.0399000 0.9549691 38.5120126 38.5120126 304.3646538
0.0451500 0.9510353 43.4804436 43.4804436 304.6073007
0.0504000 0.9464953 48.4267201 48.4267201 304.8466232
0.0567000 0.9414798 54.3342313 54.3342313 305.1160304
0.0640500 0.9365941 61.1864812 61.1864812 305.3978762
0.0714000 0.9312999 68.0024893 68.0024893 305.6902453
0.0798000 0.9250986 75.7422955 75.7422955 305.9977664
0.0892500 0.9194564 84.3959659 84.3959659 306.3400898
0.1008000 0.9111268 94.8929721 94.8929721 306.6917418
0.1123500 0.9042256 105.3035527 105.3035527 307.0559281
0.1260000 0.8968347 117.5125795 117.5125795 307.4264433
0.1417500 0.8871865 131.4622194 131.4622194 307.8085099
0.1585500 0.8764659 146.1703740 146.1703740 308.1917194
0.1785000 0.8667447 163.4285008 163.4285008 308.5825485
0.2005500 0.8565601 182.2946911 182.2946911 308.9938865
0.2247000 0.8486812 202.7543160 202.7543160 309.3840907
0.2520000 0.8359840 225.5952570 225.5952570 309.7575737
0.2824500 0.8227317 250.6744635 250.6744635 310.0835512
0.3171000 0.8093584 278.7476688 278.7476688 310.4655004
0.3549000 0.7956410 308.8893928 308.8893928 310.8367701
0.3990000 0.7833976 343.4788427 343.4788427 311.1535204
0.4473000 0.7688063 380.7279425 380.7279425 311.3954316
0.5019000 0.7519390 421.9351837 421.9351837 311.6268515
0.5628000 0.7378060 466.9513859 466.9513859 311.9297051
0.6310500 0.7207666 516.4784711 516.4784711 312.0966167
0.7087500 0.7070798 571.5903171 571.5903171 312.3653788
0.7948500 0.6895279 631.2964871 631.2964871 312.4910027
0.8914500 0.6726726 696.6789469 696.6789469 312.5952838
1.0006500 0.6561946 768.7328525 768.7328525 312.7358423
1.1227651 0.6388356 847.1293530 847.1293530 313.0490567
1.2594751 0.6230081 932.7894469 932.7894469 313.1946665
1.4127226 0.6068299 1026.4843457 1026.4843457 313.2149997
1.5858151 0.5851063 1129.0182969 1129.0182969 313.3229681
1.7787526 0.5705683 1239.7565832 1239.7565832 313.4455674
1.9959451 0.5537176 1361.1355131 1361.1355131 313.4727605
2.2393220 0.5365532 1492.8269668 1492.8269668 313.6347569
2.5125215 0.5230037 1636.4301356 1636.4301356 313.7624403
2.8192921 0.5156152 1795.2700253 1795.2700253 313.6657441
3.1631068 0.5020074 1969.3625640 1969.3625640 313.8017942
3.5483644 0.4859900 2157.7715906 2157.7715906 313.9346224
3.9810846 0.4744172 2364.6436359 2364.6436359 313.7726718
4.4672872 0.4605076 2591.8757694 2591.8757694 313.9208843
5.0118948 0.4462012 2837.2284983 2837.2284983 313.8396301
5.6245099 0.4328664 3106.0921201 3106.0921201 313.7829641
6.3098094 0.4295629 3399.2558737 3399.2558737 313.7970950
7.0803644 0.4158497 3722.4196738 3722.4196738 313.8801047
7.9440561 0.4006974 4073.8716583 4073.8716583 313.9005418
8.9125633 0.3937439 4456.7700660 4456.7700660 313.9325696
10.0014481 0.3806240 4874.9665710 4874.9665710 314.0766814
11.2210876 0.3663847 5328.5118933 5328.5118933 314.0398188
12.5894367 0.3615607 5822.1438905 5822.1438905 313.9972547
14.1269504 0.3574641 6368.6727312 6368.6727312 314.1298899
15.8491767 0.3431853 6971.3432915 6971.3432915 313.9318212
17.7840324 0.3356048 7618.7623247 7618.7623247 314.0578012
19.9529062 0.3368299 8336.1679159 8336.1679159 314.0479983
22.3872322 0.3242058 9131.4054746 9131.4054746 313.8081496
25.1199938 0.3189695 10002.2863905 10002.2863905 313.9296210
28.1840786 0.3105850 10958.3573283 10958.3573283 313.8863834
31.6237393 0.3061633 11994.7415108 11994.7415108 313.9622908
35.4826072 0.2966277 13151.7701049 13151.7701049 313.7410825
39.8132470 0.2927887 14418.4229270 14418.4229270 313.7545964
44.6694872 0.2805181 15802.7676754 15802.7676754 313.6707614
50.1205675 0.2794028 17326.4503845 17326.4503845 313.6527770
56.2377471 0.2715132 19004.4547405 19004.4547405 313.6687779
63.0967693 0.2628338 20836.6946296 20836.6946296 313.5855953
70.7954662 0.2623206 22845.2930017 22845.2930017 313.5777391
79.4340106 0.2601625 25081.7032825 25081.7032825 313.5104740
89.1259377 0.2447024 27557.4977876 27557.4977876 313.4133597
100.0026275 0.2493480 30242.9975140 30242.9975140 313.3000283
112.2074471 0.2451308 33237.9928623 33237.9928623 313.2061463
125.8964104 0.2349125 36506.1427131 36506.1427131 313.0433932
141.2559945 0.2307167 40033.1609368 40033.1609368 312.7487319
158.4947918 0.2243884 43923.2935421 43923.2935421 312.6383406
177.8326602 0.2188774 48207.2126544 48207.2126544 312.6665962
199.5344894 0.2090495 52935.4516779 52935.4516779 312.5027710
223.8731455 0.2098852 58018.3035698 58018.3035698 312.2351808
251.1895596 0.2072653 63657.7406510 63657.7406510 311.9781250
281.8404883 0.1951055 69698.4532069 69698.4532069 311.9621995
316.2378815 0.1871595 76255.3227020 76255.3227020 311.5671773
354.8252370 0.1832075 83455.4236255 83455.4236255 311.4946385
398.1250863 0.1790833 91257.8645766 91257.8645766 311.0609512
446.6934609 0.1722182 99798.7225006 99798.7225006 310.7618079
501.1903976 0.1672625 108953.5362873 108953.5362873 310.3782488
562.3470481 0.1577824 118945.4353894 118945.4353894 310.0297651
630.9576992 0.1570625 129575.2602812 129575.2602812 309.4705637
707.9626349 0.1359134 140881.3063782 140881.3063782 308.8773172
794.3311114 0.1319277 152699.4014355 152699.4014355 308.3263835
891.2901875 0.1291654 165280.0378525 165280.0378525 307.6436204
1000.0152949 0.1195395 178803.0053834 178803.0053834 307.1313223
1122.0453570 0.1140511 193344.4803396 193344.4803396 306.4318668
1258.9519017 0.1143798 209506.9168759 209506.9168759 306.0927339
1412.6025846 0.1122894 226909.6781737 226909.6781737 305.6717266
1584.9192513 0.1165429 245814.0152100 245814.0152100 305.1937634
1778.3297629 0.1180604 267669.2075611 267669.2075611 304.6290209
1995.3396487 0.1078794 292343.2031820 292343.2031820 304.0440430
2238.7495208 0.1029269 319731.1563698 319731.1563698 303.1545749
2511.9332487 0.1052927 350061.3326551 350061.3326551 302.1367152
2818.4067961 0.1101965 383170.3270834 383170.3270834 301.1167660
3162.3160538 0.0996338 417988.3361296 417988.3361296 299.2517812
3548.2246552 0.0921762 453298.9896996 453298.9896996 297.5857301
3981.0824729 0.0848373 491986.1877324 491986.1877324 296.3776851
4466.8445267 0.0952474 536852.5507574 536852.5507574 294.8788861
5011.9508737 0.0980672 589767.0512994 589767.0512994 293.7333152
5623.4686414 0.0857027 647340.5180518 647340.5180518 292.4026741
6309.6060499 0.0815437 706954.7531325 706954.7531325 291.6665576
7079.5178905 0.0880937 767788.6970043 767788.6970043 290.5641586
7943.3360745 0.0827248 837418.1084577 837418.1084577 289.6242144
8912.5538779 0.0750772 912090.5431733 912090.5431733 288.4462291
10000.0576380 0.0664773 983362.7830315 983362.7830315 287.3934214
11220.2837932 0.0544346 1059112.4055169 1059112.4055169 286.9932473
12589.2832138 0.0566514 1136621.4149481 1136621.4149481 286.3658875
14125.4898594 0.0629606 1224277.3466118 1224277.3466118 285.9798404
15849.0266991 0.0630273 1330330.0099285 1330330.0099285 285.3991494
17782.8284773 0.0632110 1455713.8202608 1455713.8202608 285.1914007
19952.6405589 0.0749529 1598303.7159053 1598303.7159053 284.6472304
22387.3110130 0.0758023 1771613.9298063 1771613.9298063 284.2367403
25118.9399788 0.0663018 1964336.6156468 1964336.6156468 283.1700715
28183.8378200 0.0634235 2172292.1948259 2172292.1948259 282.4946913
31622.8492882 0.0571372 2386763.7315425 2386763.7315425 281.0694953
35481.3448326 0.0598220 2613986.9346360 2613986.9346360 280.2777719
39810.8123001 0.0458564 2845355.7317529 2845355.7317529 278.8214192
44668.4408210 0.0640208 3103600.4924800 3103600.4924800 277.7046506
50118.8218320 0.0565768 3418489.2615655 3418489.2615655 277.5975354
56234.1823694 0.0620318 3759825.8260490 3759825.8260490 277.3631044
63095.8439737 0.0449527 4159280.4602491 4159280.4602491 276.8361305
70794.7386130 0.0592855 4576181.1957874 4576181.1957874 276.8242892
79432.9897122 0.0526055 5050049.3673884 5050049.3673884 276.8274954
89125.2011949 0.0487514 5546346.6095302 5546346.6095302 277.4019579
100000.1496297 0.0430263 6075721.9625780 6075721.9625780 277.7471825
112201.9339986 0.0451949 6656105.9201448 6656105.9201448 278.5210234
125892.6936390 0.0402574 7281658.3010079 7281658.3010079 279.2349496
