7002 -5 0 791.077
0.0325500 0.9829567 25.6006744 25.6006744 32.5475376
0.0357000 0.9807576 28.0464424 28.0464424 32.5307309
0.0399000 0.9778450 31.2989801 31.2989801 32.5086701
0.0451500 0.9742377 35.3511212 35.3511212 32.4816400
0.0504000 0.9706684 39.3883753 39.3883753 32.4551978
0.0567000 0.9664340 44.2136496 44.2136496 32.4242177
0.0640500 0.9615606 49.8166747 49.8166747 32.3890715
0.0714000 0.9567561 55.3915950 55.3915950 32.3549544
0.0798000 0.9513478 61.7290255 61.7290255 32.3171680
0.0892500 0.9453692 68.8160980 68.8160980 32.2761222
0.1008000 0.9382095 77.4180807 77.4180807 32.2279430
0.1123500 0.9312065 85.9554250 85.9554250 32.1818194
0.1260000 0.9231299 95.9636313 95.9636313 32.1297832
0.1417500 0.9140713 107.4048667 107.4048667 32.0728274
0.1585500 0.9047053 119.4865118 119.4865118 32.0154305
0.1785000 0.8939567 133.6747534 133.6747534 31.9513682
0.2005500 0.8825367 149.1632427 149.1632427 31.8852359
0.2247000 0.8705498 165.9033800 165.9033800 31.8178425
0.2520000 0.8576006 184.5577939 184.5577939 31.7472927
0.2824500 0.8438643 205.0433328 205.0433328 31.6748161
0.3171000 0.8290658 227.9634470 227.9634470 31.5992815
0.3549000 0.8138579 252.5187335 252.5187335 31.5241613
0.3990000 0.7972396 280.6112336 280.6112336 31.4447299
0.4473000 0.7802960 310.7383299 310.7383299 31.3663206
0.5019000 0.7625641 344.0461272 344.0461272 31.2867277
0.5628000 0.7443532 380.3314796 380.3314796 31.2073830
0.6310500 0.7256528 419.9997226 419.9997226 31.1282368
0.7087500 0.7062559 463.9893029 463.9893029 31.0484557
0.7948500 0.6868051 511.4119506 511.4119506 30.9705058
0.8914500 0.6671599 563.1241656 563.1241656 30.8936141
1.0006500 0.6472483 619.8729594 619.8729594 30.8175175
1.1227651 0.6273956 681.4128990 681.4128990 30.7432543
1.2594751 0.6076232 748.1653820 748.1653820 30.6709088
1.4127226 0.5880008 820.6052974 820.6052974 30.6005629
1.5858151 0.5684608 899.7450560 899.7450560 30.5318471
1.7787526 0.5493245 985.0071506 985.0071506 30.4657844
1.9959451 0.5305096 1077.7286229 1077.7286229 30.4017776
2.2393220 0.5121203 1178.0488708 1178.0488708 30.3401481
2.5125215 0.4941291 1286.7312848 1286.7312848 30.2807983
2.8192921 0.4766368 1404.4643446 1404.4643446 30.2237331
3.1631068 0.4596801 1531.7313741 1531.7313741 30.1690260
3.5483644 0.4433394 1669.2665962 1669.2665962 30.1166223
3.9810846 0.4275589 1818.2527488 1818.2527488 30.0663538
4.4672872 0.4123175 1979.6874641 1979.6874641 30.0181648
5.0118948 0.3976691 2154.0817324 2154.0817324 29.9719936
5.6245099 0.3836010 2343.2951941 2343.2951941 29.9276487
6.3098094 0.3702315 2547.5282007 2547.5282007 29.8852223
7.0803644 0.3572626 2769.1537590 2769.1537590 29.8442639
7.9440561 0.3449189 3008.9140430 3008.9140430 29.8048783
8.9125633 0.3331195 3268.5285792 3268.5285792 29.7668310
10.0014481 0.3218555 3550.4834050 3550.4834050 29.7299388
11.2210876 0.3110394 3855.6640019 3855.6640019 29.6941332
12.5894367 0.3006297 4186.5692198 4186.5692198 29.6591145
14.1269504 0.2906562 4545.9644263 4545.9644263 29.6246654
15.8491767 0.2809307 4935.2006477 4935.2006477 29.5906793
17.7840324 0.2717007 5357.9267420 5357.9267420 29.5569572
19.9529062 0.2628633 5816.3306750 5816.3306750 29.5227753
22.3872322 0.2544570 6314.2541915 6314.2541915 29.4882047
25.1199938 0.2463446 6855.2668023 6855.2668023 29.4530903
28.1840786 0.2386391 7442.8067162 7442.8067162 29.4168605
31.6237393 0.2307752 8081.1904446 8081.1904446 29.3794090
35.4826072 0.2239966 8774.8795893 8774.8795893 29.3412798
39.8132470 0.2170967 9530.4403757 9530.4403757 29.3017038
44.6694872 0.2106029 10351.4550802 10351.4550802 29.2610684
50.1205675 0.2038371 11244.9309180 11244.9309180 29.2186773
56.2377471 0.1967522 12214.2382987 12214.2382987 29.1745493
63.0967693 0.1907109 13264.5732381 13264.5732381 29.1281830
70.7954662 0.1851369 14408.5419083 14408.5419083 29.0794312
79.4340106 0.1783632 15650.1972719 15650.1972719 29.0271146
89.1259377 0.1719587 16991.8028445 16991.8028445 28.9696707
100.0026275 0.1661142 18445.8202816 18445.8202816 28.9092667
112.2074471 0.1602262 20020.4258646 20020.4258646 28.8450589
125.8964104 0.1544102 21723.6140059 21723.6140059 28.7757342
141.2559945 0.1482856 23559.5982400 23559.5982400 28.7018581
158.4947918 0.1422949 25543.1921639 25543.1921639 28.6232976
177.8326602 0.1380795 27684.5947043 27684.5947043 28.5380785
199.5344894 0.1329253 30003.5649938 30003.5649938 28.4442423
223.8731455 0.1283845 32516.5243008 32516.5243008 28.3404448
251.1895596 0.1236320 35235.5371866 35235.5371866 28.2285064
281.8404883 0.1194689 38189.3506369 38189.3506369 28.1129362
316.2378815 0.1156128 41379.5263580 41379.5263580 27.9945688
354.8252370 0.1113188 44845.8478844 44845.8478844 27.8693275
398.1250863 0.1070190 48587.0326003 48587.0326003 27.7430859
446.6934609 0.1042232 52655.4262449 52655.4262449 27.6027855
501.1903976 0.0999523 57062.5289390 57062.5289390 27.4475600
562.3470481 0.0948353 61783.5300896 61783.5300896 27.2964935
630.9576992 0.0903643 66778.1635265 66778.1635265 27.1433140
707.9626349 0.0859541 72145.4572458 72145.4572458 26.9903054
794.3311114 0.0825998 77955.2304340 77955.2304340 26.8217871
891.2901875 0.0793753 84127.8515556 84127.8515556 26.6355580
1000.0152949 0.0739054 90746.7609196 90746.7609196 26.4344842
1122.0453570 0.0714804 97772.7685718 97772.7685718 26.2354206
1258.9519017 0.0684486 105382.7634383 105382.7634383 26.0265973
1412.6025846 0.0647018 113429.5534378 113429.5534378 25.7885882
1584.9192513 0.0582816 121810.5529210 121810.5529210 25.5093226
1778.3297629 0.0540991 130317.1634040 130317.1634040 25.2035423
1995.3396487 0.0523360 139351.9864374 139351.9864374 24.9000776
2238.7495208 0.0499795 149146.1968980 149146.1968980 24.5776367
2511.9332487 0.0430035 159278.4506451 159278.4506451 24.2527785
2818.4067961 0.0395963 169107.6699179 169107.6699179 23.9247092
3162.3160538 0.0368641 179378.7449289 179378.7449289 23.5004187
3548.2246552 0.0367729 190649.5959014 190649.5959014 23.1242705
3981.0824729 0.0347326 203036.5567605 203036.5567605 22.7424610
4466.8445267 0.0325289 216351.0568214 216351.0568214 22.3290453
5011.9508737 0.0303820 230073.5847344 230073.5847344 21.8820639
5623.4686414 0.0312017 244754.1696940 244754.1696940 21.4238403
6309.6060499 0.0324421 262525.9354288 262525.9354288 20.9809110
7079.5178905 0.0315927 282313.7707954 282313.7707954 20.5456585
7943.3360745 0.0287288 303156.6325705 303156.6325705 20.0960600
8912.5538779 0.0283165 324745.8568115 324745.8568115 19.6989893
10000.0576380 0.0323008 350504.9081566 350504.9081566 19.3695758
11220.2837932 0.0296439 379134.5880805 379134.5880805 19.0119493
12589.2832138 0.0276974 410206.1893803 410206.1893803 18.5758853
14125.4898594 0.0269786 443413.7115595 443413.7115595 18.1816408
15849.0266991 0.0297556 482282.7473862 482282.7473862 17.8589396
17782.8284773 0.0310058 530129.2530667 530129.2530667 17.4463486
19952.6405589 0.0271344 581175.6813097 581175.6813097 17.1549142
22387.3110130 0.0262213 631723.8146284 631723.8146284 16.9197818
25118.9399788 0.0247348 688241.0172416 688241.0172416 16.6920715
28183.8378200 0.0226978 744780.0180225 744780.0180225 16.5201855
31622.8492882 0.0200965 802229.6369680 802229.6369680 16.3445788
35481.3448326 0.0202814 863898.8442955 863898.8442955 16.0763540
39810.8123001 0.0187262 926233.2669985 926233.2669985 15.6248471
44668.4408210 0.0241006 1005692.0889204 1005692.0889204 15.1636604
50118.8218320 0.0229312 1103905.7309068 1103905.7309068 14.7808166
