7010 -5 0 799.811
0.0325500 0.9692902 25.5251398 25.5251398 31.5669476
0.0357000 0.9671106 27.9635095 27.9635095 31.5501643
0.0399000 0.9642258 31.2061695 31.2061695 31.5281362
0.0451500 0.9606526 35.2459447 35.2459447 31.5011482
0.0504000 0.9571162 39.2708086 39.2708086 31.4747499
0.0567000 0.9529205 44.0811792 44.0811792 31.4438240
0.0640500 0.9480921 49.6667730 49.6667730 31.4087430
0.0714000 0.9433314 55.2242097 55.2242097 31.3746937
0.0798000 0.9379728 61.5415967 61.5415967 31.3369882
0.0892500 0.9320517 68.6060604 68.6060604 31.2960370
0.1008000 0.9249633 77.1803403 77.1803403 31.2479762
0.1123500 0.9180318 85.6899341 85.6899341 31.2019745
0.1260000 0.9100378 95.6652851 95.6652851 31.1500875
0.1417500 0.9010672 107.0685026 107.0685026 31.0933122
0.1585500 0.8917894 119.1094270 119.1094270 31.0361117
0.1785000 0.8811395 133.2490561 133.2490561 30.9722889
0.2005500 0.8698184 148.6834155 148.6834155 30.9064283
0.2247000 0.8579356 165.3637294 165.3637294 30.8393431
0.2520000 0.8451124 183.9501111 183.9501111 30.7691442
0.2824500 0.8315141 204.3594245 204.3594245 30.6970519
0.3171000 0.8168867 227.1927149 227.1927149 30.6219403
0.3549000 0.8018763 251.6539265 251.6539265 30.5472590
0.3990000 0.7855064 279.6384243 279.6384243 30.4682844
0.4473000 0.7688326 309.6501675 309.6501675 30.3903280
0.5019000 0.7513847 342.8314431 342.8314431 30.3112201
0.5628000 0.7334648 378.9801220 378.9801220 30.2323679
0.6310500 0.7150726 418.5005682 418.5005682 30.1537075
0.7087500 0.6960114 462.3290012 462.3290012 30.0743593
0.7948500 0.6768859 509.5814863 509.5814863 29.9967709
0.8914500 0.6575085 561.1090004 561.1090004 29.9202119
1.0006500 0.6378646 617.6532529 617.6532529 29.8444081
1.1227651 0.6182887 678.9697515 678.9697515 29.7704099
1.2594751 0.5988047 745.4798143 745.4798143 29.6982939
1.4127226 0.5794599 817.6563272 817.6563272 29.6280928
1.5858151 0.5601822 896.5060853 896.5060853 29.5594843
1.7787526 0.5413309 981.4548629 981.4548629 29.4934693
1.9959451 0.5227951 1073.8362652 1073.8362652 29.4294353
2.2393220 0.5046854 1173.7894330 1173.7894330 29.3677395
2.5125215 0.4870030 1282.0822947 1282.0822947 29.3083379
2.8192921 0.4697760 1399.4004274 1399.4004274 29.2511242
3.1631068 0.4530743 1526.2224211 1526.2224211 29.1962011
3.5483644 0.4369360 1663.2727898 1663.2727898 29.1435367
3.9810846 0.4213561 1811.7218401 1811.7218401 29.0930337
4.4672872 0.4063194 1972.5711378 1972.5711378 29.0445690
5.0118948 0.3918410 2146.3166234 2146.3166234 28.9982236
5.6245099 0.3778290 2334.7841023 2334.7841023 28.9536904
6.3098094 0.3644219 2538.0969989 2538.0969989 28.9111233
7.0803644 0.3515017 2758.5950408 2758.5950408 28.8701144
7.9440561 0.3391932 2997.0383767 2997.0383767 28.8307545
8.9125633 0.3274310 3255.1071137 3255.1071137 28.7929194
10.0014481 0.3161599 3535.2174613 3535.2174613 28.7562167
11.2210876 0.3053984 3838.2288845 3838.2288845 28.7207266
12.5894367 0.2951242 4166.6970578 4166.6970578 28.6861202
14.1269504 0.2850976 4523.3062581 4523.3062581 28.6522593
15.8491767 0.2756323 4909.3042213 4909.3042213 28.6191646
17.7840324 0.2664730 5328.5706167 5328.5706167 28.5862162
19.9529062 0.2578576 5783.1627631 5783.1627631 28.5535726
22.3872322 0.2496049 6276.9779474 6276.9779474 28.5206352
25.1199938 0.2417756 6813.7231119 6813.7231119 28.4875581
28.1840786 0.2341743 7396.6382025 7396.6382025 28.4538773
31.6237393 0.2268504 8030.6717825 8030.6717825 28.4192499
35.4826072 0.2197156 8719.5462932 8719.5462932 28.3840557
39.8132470 0.2121908 9467.1214433 9467.1214433 28.3481708
44.6694872 0.2054210 10277.5606082 10277.5606082 28.3112513
50.1205675 0.1989663 11158.9914842 11158.9914842 28.2725087
56.2377471 0.1921991 12115.1699407 12115.1699407 28.2315257
63.0967693 0.1863957 13152.8406795 13152.8406795 28.1881444
70.7954662 0.1804151 14282.5486575 14282.5486575 28.1415838
79.4340106 0.1743569 15507.6589808 15507.6589808 28.0922156
89.1259377 0.1681820 16834.1988741 16834.1988741 28.0395681
100.0026275 0.1618070 18270.1158922 18270.1158922 27.9841768
112.2074471 0.1567686 19823.2393749 19823.2393749 27.9267306
125.8964104 0.1513082 21508.1839596 21508.1839596 27.8639174
141.2559945 0.1469543 23337.9675047 23337.9675047 27.7965265
158.4947918 0.1418024 25330.4552953 25330.4552953 27.7241187
177.8326602 0.1360157 27474.0617447 27474.0617447 27.6449922
199.5344894 0.1304377 29790.5036033 29790.5036033 27.5601004
223.8731455 0.1259235 32286.9407132 32286.9407132 27.4637064
251.1895596 0.1217452 34986.6447320 34986.6447320 27.3620107
281.8404883 0.1157320 37893.6947877 37893.6947877 27.2545664
316.2378815 0.1115085 41001.5048543 41001.5048543 27.1420357
354.8252370 0.1067278 44367.2510581 44367.2510581 27.0260897
398.1250863 0.1029244 47984.3435122 47984.3435122 26.9040994
446.6934609 0.0962550 51852.4861146 51852.4861146 26.7756498
501.1903976 0.0920897 55966.0743336 55966.0743336 26.6274616
562.3470481 0.0863931 60347.3203630 60347.3203630 26.4662078
630.9576992 0.0833093 65018.4560531 65018.4560531 26.2861817
707.9626349 0.0784589 70004.6103922 70004.6103922 26.0947904
794.3311114 0.0727316 75248.0685332 75248.0685332 25.8998060
891.2901875 0.0683600 80739.5971739 80739.5971739 25.6927568
1000.0152949 0.0667710 86618.5723786 86618.5723786 25.4731963
1122.0453570 0.0631752 92957.7810978 92957.7810978 25.2114710
1258.9519017 0.0599456 99622.4698832 99622.4698832 24.9258752
1412.6025846 0.0585662 106897.3491340 106897.3491340 24.6405490
1584.9192513 0.0547478 114742.7507544 114742.7507544 24.3171655
1778.3297629 0.0497784 122932.7235429 122932.7235429 24.0176420
1995.3396487 0.0459773 131216.8799444 131216.8799444 23.7234486
2238.7495208 0.0434259 139885.1618407 139885.1618407 23.4093619
2511.9332487 0.0421404 149152.6847257 149152.6847257 23.1237168
2818.4067961 0.0438711 159675.4759434 159675.4759434 22.8675779
3162.3160538 0.0453612 171682.6703913 171682.6703913 22.5934393
3548.2246552 0.0430743 185558.2333187 185558.2333187 22.1909663
3981.0824729 0.0408836 200044.2068983 200044.2068983 21.7681319
4466.8445267 0.0386502 215484.8679813 215484.8679813 21.4195996
5011.9508737 0.0388914 232062.0614317 232062.0614317 21.0657645
5623.4686414 0.0380416 251043.4709754 251043.4709754 20.7392798
6309.6060499 0.0351386 270826.1678125 270826.1678125 20.3917137
7079.5178905 0.0339203 291771.8600609 291771.8600609 20.0681088
7943.3360745 0.0309512 314033.3700848 314033.3700848 19.7320459
8912.5538779 0.0305461 338258.8550541 338258.8550541 19.4467647
10000.0576380 0.0327569 365383.4046388 365383.4046388 19.2281093
11220.2837932 0.0329194 398371.9261821 398371.9261821 19.0168877
12589.2832138 0.0327824 434019.7794309 434019.7794309 18.6932730
14125.4898594 0.0291427 469825.4904290 469825.4904290 18.4091123
15849.0266991 0.0294643 511745.0543525 511745.0543525 18.1953664
17782.8284773 0.0229450 550701.7358433 550701.7358433 17.9203735
19952.6405589 0.0159561 583006.0188320 583006.0188320 17.4792020
22387.3110130 0.0130794 612475.2902841 612475.2902841 17.0683521
25118.9399788 0.0136241 638699.3757377 638699.3757377 16.7359693
28183.8378200 0.0119856 669982.4658171 669982.4658171 16.3741823
31622.8492882 0.0090888 702664.8328234 702664.8328234 16.0777809
35481.3448326 0.0040064 723584.0885456 723584.0885456 15.7855162
39810.8123001 0.0029219 734477.8636752 734477.8636752 15.5068098
44668.4408210 0.0030374 745689.7248874 745689.7248874 15.3367850
50118.8218320 0.0037368 760643.5618210 760643.5618210 15.1469191
56234.1823694 0.0037520 781759.2249161 781759.2249161 14.9954644
63095.8439737 0.0028156 802047.7192962 802047.7192962 14.7478892
70794.7386130 0.0009021 813512.0038250 813510.6050619 14.5401260
79432.9897122 0.0028081 829390.3193781 829373.4354282 14.4528200
89125.2011949 0.0028856 857271.8143881 857254.9304381 14.3487643
100000.1496297 0.0018332 872142.7184404 872114.8006058 14.2570024
112201.9339986 0.0025278 884642.2029185 884467.7410184 14.1042550
125892.6936390 -0.0045859 889644.1081867 868395.6270104 13.9769807
141253.8311154 -0.0014628 889644.1081867 826012.5247727 13.8994169
158489.5061793 -0.0006024 889644.1081867 793735.6769164 13.7520656
177827.9574712 -0.0006306 897281.6226797 799017.7313154 13.6049901
