1002 0
0 15.861 0 0
0 0.991459 0.157847 0.157847
0 0.983308 0.314388 0.314388
0 0.975314 0.469651 0.469651
0 0.959789 0.776437 0.776437
0 0.944844 1.0784 1.0784
0 0.923458 1.52268 1.52268
0 0.860035 2.93511 2.93511
0 0.806345 4.25505 4.25505
0 0.720375 6.6695 6.6695
0 0.65407 8.84478 8.84478
1 0.577931 11.7663 11.7663
2 0.424171 19.5736 19.5736
3 0.339478 25.5752 25.5752
5 0.247578 34.7066 34.7066
7 0.198553 41.713 41.713
10 0.155741 50.0452 50.0452
15 0.117049 60.702 60.702
20 0.0937571 68.9912 68.9912
30 0.067267 81.5398 81.5398
50 0.0416829 98.2141 98.2141
70 0.029426 109.29 109.29
100 0.0194849 120.67 120.67
150 0.0116379 132.643 132.643
200 0.00754748 140.058 140.058
300 0.00369234 148.561 148.561
500 0.00101667 155.091 155.091
700 0.000226974 156.839 156.839
1000 -0.000115115 157.064 156.904
1500 -0.000211267 157.064 155.477
2000 -0.000221458 157.064 153.747
3000 -0.000222681 157.064 150.219
5000 -0.000222696 157.064 143.155
7000 -0.000222696 157.064 136.091
10000 -0.000222696 157.064 125.494
15000 -0.000222696 157.064 107.833
20000 -0.000222696 157.064 90.1721
30000 -0.000222696 157.064 54.8504
40000 -0.000222696 157.064 19.5285
50000 -0.000222696 157.064 -15.7931
60000 -0.000222696 157.064 -51.1149
70000 -0.000222696 157.064 -86.4368
80000 -0.000222696 157.064 -121.759
90000 -0.000222696 157.064 -157.08
100000 -0.000222696 157.064 -192.402
150000 -0.000222696 157.064 -369.011
200000 -0.000222696 157.064 -545.62
300000 -0.000222696 157.064 -898.839
400000 -0.000222696 157.064 -1252.06
500000 -0.000222696 157.064 -1605.27
600000 -0.000222696 157.064 -1958.49
700000 -0.000222696 157.064 -2311.71
800000 -0.000222696 157.064 -2664.93
900000 -0.000222696 157.064 -3018.15
1000000 -0.000222696 157.064 -3371.37
1500000 -0.000222696 157.064 -5137.46
