1002 0
0 879.232 0 0
0 0.987557 8.73486 8.73486
0 0.976255 17.3622 17.3622
0 0.965943 25.8934 25.8934
0 0.947155 42.7 42.7
0 0.930753 59.2015 59.2015
0 0.906269 83.4112 83.4112
0 0.845421 160.216 160.216
0 0.801632 232.496 232.496
0 0.736335 367.069 367.069
0 0.687094 492.034 492.034
1 0.634102 666.215 666.215
2 0.529417 1172.37 1172.37
3 0.468636 1609.23 1609.23
5 0.397589 2367.01 2367.01
7 0.363327 3037.74 3037.74
10 0.332506 3951.92 3951.92
15 0.292739 5320.96 5320.96
20 0.276881 6556.3 6556.3
30 0.249846 8866.25 8866.25
50 0.214274 12902.3 12902.3
70 0.202063 16596.4 16596.4
100 0.184441 21665.8 21665.8
150 0.177019 29587.5 29587.5
200 0.167852 37045.1 37045.1
300 0.132896 50012.3 50012.3
500 0.1225 73029.1 73029.1
700 0.103719 92943.1 92943.1
1000 0.0955965 120207 120207
1500 0.0816393 159896 159896
2000 0.0744007 193387 193387
3000 0.0692463 253264 253264
5000 0.0574606 355143 355143
7000 0.052775 447757 447757
10000 0.0452609 564084 564084
15000 0.0425203 760836 760836
20000 0.0374717 928973 928973
30000 0.0372829 1.2251e+06 1.2251e+06
40000 0.0260034 1.46397e+06 1.46397e+06
50000 0.0264418 1.69843e+06 1.69843e+06
60000 0.0232623 1.89887e+06 1.89887e+06
70000 0.0163112 2.07139e+06 2.07139e+06
80000 0.0264775 2.25864e+06 2.25863e+06
90000 0.0188081 2.4517e+06 2.4517e+06
100000 0.0238419 2.64415e+06 2.64414e+06
150000 0.0274348 3.51552e+06 3.51551e+06
200000 0.0175984 4.23216e+06 4.23211e+06
300000 0.0177455 5.40972e+06 5.40879e+06
400000 0.00570948 6.5261e+06 6.52368e+06
500000 0.00838991 7.57679e+06 7.57232e+06
600000 0.0190177 8.83792e+06 8.83276e+06
700000 0.017644 1.02445e+07 1.02391e+07
800000 0.0171401 1.17034e+07 1.16977e+07
900000 0.0198607 1.30901e+07 1.30841e+07
1000000 0.0184769 1.43621e+07 1.43551e+07
