1003 0
0 873.619 0 0
0 0.988994 8.68275 8.68275
0 0.976363 17.2614 17.2614
0 0.966136 25.7406 25.7406
0 0.946633 42.4427 42.4427
0 0.929785 58.8304 58.8304
0 0.90666 82.8861 82.8861
0 0.845103 159.231 159.231
0 0.800608 230.99 230.99
0 0.729358 364.23 364.23
0 0.679163 487.253 487.253
1 0.624608 657.936 657.936
2 0.525835 1153.5 1153.5
3 0.46921 1588.26 1588.26
5 0.400834 2341.61 2341.61
7 0.364634 3011.2 3011.2
10 0.327821 3916.85 3916.85
15 0.301873 5266.03 5266.03
20 0.27302 6496.76 6496.76
30 0.238191 8733.01 8733.01
50 0.213481 12687.6 12687.6
70 0.193801 16229.5 16229.5
100 0.175715 21150.8 21150.8
150 0.158589 28416.9 28416.9
200 0.157894 35486.5 35486.5
300 0.137369 48245.8 48245.8
500 0.11644 71084.3 71084.3
700 0.11405 91240.8 91240.8
1000 0.101073 119110 119110
1500 0.0734252 160195 160195
2000 0.0722438 196304 196304
3000 0.0572253 256847 256847
5000 0.0437579 348555 348555
7000 0.0356864 419526 419526
10000 0.0249645 502187 502187
15000 0.0205747 604200 604200
20000 0.0186046 693260 693260
30000 0.0146052 831525 831499
40000 0.0153204 982290 982261
50000 0.00994497 1.11295e+06 1.11289e+06
60000 0.0191528 1.2434e+06 1.2433e+06
70000 0.0130935 1.37093e+06 1.3708e+06
80000 0.0108307 1.50909e+06 1.50894e+06
90000 0.00405067 1.6163e+06 1.61588e+06
100000 0.00850403 1.71579e+06 1.7152e+06
150000 0.0137122 2.21692e+06 2.21505e+06
200000 0.0117825 2.80169e+06 2.79919e+06
300000 0.0133602 4.07549e+06 4.07258e+06
400000 0.00851675 5.3226e+06 5.31841e+06
500000 0.0209652 6.39631e+06 6.39037e+06
600000 0.0126902 7.462e+06 7.45374e+06
700000 0.012857 8.65812e+06 8.6484e+06
800000 0.0218224 9.89998e+06 9.88924e+06
900000 0.0212546 1.13959e+07 1.1385e+07
1000000 0.0203399 1.29474e+07 1.29363e+07
