1005 0
0 881.292 0 0
0 0.988634 8.7593 8.7593
0 0.97708 17.4173 17.4173
0 0.967066 25.978 25.978
0 0.948924 42.8513 42.8513
0 0.932257 59.4283 59.4283
0 0.907008 83.7239 83.7239
0 0.844229 160.728 160.728
0 0.797856 232.935 232.935
0 0.732989 367.255 367.255
0 0.68387 492.088 492.088
1 0.634618 665.835 665.835
2 0.535303 1175.67 1175.67
3 0.475411 1616.99 1616.99
5 0.400519 2387.48 2387.48
7 0.371412 3069.11 3069.11
10 0.330215 3994.32 3994.32
15 0.286308 5350.76 5350.76
20 0.261346 6571.39 6571.39
30 0.237699 8815.14 8815.14
50 0.212814 12793 12793
70 0.194881 16300.2 16300.2
100 0.173413 21102 21102
150 0.165491 28470.1 28470.1
200 0.138447 35132 35132
300 0.126423 47453.2 47453.2
500 0.116165 69467.8 69467.8
700 0.103676 88816.1 88816.1
1000 0.0995521 114296 114296
1500 0.0713319 150992 150992
2000 0.0758511 183965 183965
3000 0.0540938 241949 241949
5000 0.0505696 339275 339275
7000 0.0446355 421724 421724
10000 0.0427201 541794 541794
15000 0.0370248 703572 703572
20000 0.0240442 832107 832107
30000 0.0237398 1.04978e+06 1.04978e+06
40000 0.0272879 1.27946e+06 1.27946e+06
50000 0.020106 1.50001e+06 1.50001e+06
60000 0.0224797 1.68027e+06 1.68027e+06
70000 0.0199274 1.83988e+06 1.83988e+06
80000 0.0199425 2.02154e+06 2.02154e+06
90000 0.021487 2.19393e+06 2.19393e+06
100000 0.0139619 2.35734e+06 2.35733e+06
150000 0.0251995 3.03126e+06 3.03101e+06
200000 0.0168056 3.83463e+06 3.83433e+06
300000 0.0264402 5.11389e+06 5.11269e+06
400000 0.0152616 6.535e+06 6.53357e+06
500000 0.0156518 8.01436e+06 8.01273e+06
600000 0.00692748 9.52901e+06 9.52728e+06
700000 0.0125312 1.11222e+07 1.11204e+07
800000 0.0170138 1.27119e+07 1.271e+07
900000 0.0207943 1.43382e+07 1.43363e+07
1000000 0.0171303 1.57247e+07 1.57223e+07
