1006 0
0 878.992 0 0
0 0.987717 8.7298 8.7298
0 0.976131 17.3548 17.3548
0 0.965633 25.8822 25.8822
0 0.944665 42.6619 42.6619
0 0.928756 59.1129 59.1129
0 0.90533 83.2806 83.2806
0 0.845717 160.033 160.033
0 0.801115 232.217 232.217
0 0.730382 366.299 366.299
0 0.677372 490.167 490.167
1 0.629038 662.557 662.557
2 0.527662 1166.75 1166.75
3 0.462259 1600.97 1600.97
5 0.402457 2357.51 2357.51
7 0.359989 3027.71 3027.71
10 0.32853 3936.57 3936.57
15 0.296306 5330.14 5330.14
20 0.281052 6584.86 6584.86
30 0.241667 8871.98 8871.98
50 0.21589 12865.2 12865.2
70 0.201921 16450.4 16450.4
100 0.188032 21393.7 21393.7
150 0.164112 28829.8 28829.8
200 0.140789 35550.7 35550.7
300 0.138834 47820.6 47820.6
500 0.113333 68997.8 68997.8
700 0.106351 87411.8 87411.8
1000 0.0786903 111006 111006
1500 0.0630301 144326 144326
2000 0.0636032 171454 171454
3000 0.0537566 219216 219216
5000 0.0527288 301028 301028
7000 0.0536585 378351 378351
10000 0.0321148 480822 480822
15000 0.0213505 597923 597923
20000 0.02578 701149 701149
30000 0.0193191 893090 893090
40000 0.0243906 1.06907e+06 1.06907e+06
50000 0.0237128 1.24317e+06 1.24317e+06
60000 0.0109998 1.38757e+06 1.38751e+06
70000 0.00493382 1.46325e+06 1.46201e+06
80000 0.0150965 1.54612e+06 1.54388e+06
90000 -0.00134319 1.64596e+06 1.64356e+06
100000 0.00531197 1.74459e+06 1.742e+06
150000 0.00474224 2.12992e+06 2.11993e+06
200000 0.00364804 2.35007e+06 2.30879e+06
300000 0.00456632 2.73055e+06 2.6179e+06
400000 0.00916346 3.30497e+06 3.16329e+06
500000 0.00177949 3.86871e+06 3.69521e+06
600000 0.0108909 4.32351e+06 4.09654e+06
700000 0.00696706 4.79077e+06 4.5127e+06
800000 0.0139763 5.4047e+06 5.09198e+06
900000 0.0160375 6.23431e+06 5.91013e+06
1000000 0.0164136 7.04107e+06 6.70419e+06
