1007 0
0 872.006 0 0
0 0.987418 8.65756 8.65756
0 0.975737 17.2121 17.2121
0 0.96508 25.6678 25.6678
0 0.945528 42.3191 42.3191
0 0.928212 58.6546 58.6546
0 0.905679 82.6256 82.6256
0 0.843876 158.779 158.779
0 0.794004 230.072 230.072
0 0.727547 362.486 362.486
0 0.680184 485.154 485.154
1 0.62764 655.698 655.698
2 0.531827 1157.1 1157.1
3 0.465482 1590.32 1590.32
5 0.404398 2344.81 2344.81
7 0.362696 3010.48 3010.48
10 0.327702 3913.04 3913.04
15 0.286391 5233.69 5233.69
20 0.264173 6405.18 6405.18
30 0.236094 8538.41 8538.41
50 0.200446 12357.9 12357.9
70 0.185884 15647.9 15647.9
100 0.173655 20190.4 20190.4
150 0.146563 27027.4 27027.4
200 0.125761 33008.1 33008.1
300 0.121754 43958.7 43958.7
500 0.0900407 62477.1 62477.1
700 0.0947895 78886 78886
1000 0.0771265 100117 100117
1500 0.0643126 130501 130501
2000 0.0570444 156317 156317
3000 0.0437314 202104 202104
5000 0.0294118 273334 273334
7000 0.0202296 318567 318567
10000 0.0147797 368033 368029
15000 0.0155849 443306 443301
20000 0.00466229 524856 524851
30000 -0.000125869 665850 665835
40000 0.0108966 766282 766042
50000 0.0110317 822163 819541
60000 -0.00267072 870013 863790
70000 0.00740013 921659 912050
80000 0.00785574 980721 969010
90000 0.0106318 1.03778e+06 1.02331e+06
100000 0.0108486 1.11728e+06 1.10221e+06
150000 0.0101491 1.42595e+06 1.39843e+06
200000 0.00888648 1.81088e+06 1.77702e+06
300000 -0.000565288 2.2487e+06 2.1503e+06
400000 0.0030834 2.52852e+06 2.31098e+06
500000 0.00392152 2.78751e+06 2.43106e+06
600000 -0.00184445 3.14586e+06 2.70666e+06
700000 0.00538485 3.54987e+06 3.02613e+06
800000 -0.00121255 3.82066e+06 3.15146e+06
900000 -0.000292213 4.08199e+06 3.26605e+06
1000000 -0.00735689 4.31565e+06 3.31969e+06
