7007 -3.2 0 788.044
0.0325500 0.9833140 25.5119744 25.5119744 31.3675946
0.0357000 0.9811142 27.9492491 27.9492491 31.3508050
0.0399000 0.9782027 31.1904963 31.1904963 31.3287657
0.0451500 0.9745972 35.2285834 35.2285834 31.3017599
0.0504000 0.9710289 39.2518461 39.2518461 31.2753401
0.0567000 0.9667950 44.0604075 44.0604075 31.2443843
0.0640500 0.9619204 49.6440364 49.6440364 31.2092626
0.0714000 0.9571132 55.1996537 55.1996537 31.1751675
0.0798000 0.9517057 61.5151448 61.5151448 31.1374030
0.0892500 0.9457268 68.5777084 68.5777084 31.0963760
0.1008000 0.9385675 77.1499580 77.1499580 31.0482134
0.1123500 0.9315671 85.6578439 85.6578439 31.0020995
0.1260000 0.9234896 95.6315506 95.6315506 30.9500685
0.1417500 0.9144231 107.0333221 107.0333221 30.8931149
0.1585500 0.9050458 119.0732168 119.0732168 30.8357138
0.1785000 0.8942816 133.2122848 133.2122848 30.7716427
0.2005500 0.8828346 148.6467980 148.6467980 30.7055020
0.2247000 0.8708090 165.3280257 165.3280257 30.6381047
0.2520000 0.8578193 183.9160257 183.9160257 30.5675519
0.2824500 0.8440366 204.3277142 204.3277142 30.4950706
0.3171000 0.8291986 227.1640646 227.1640646 30.4195399
0.3549000 0.8139581 251.6286111 251.6286111 30.3444343
0.3990000 0.7973137 279.6164028 279.6164028 30.2650339
0.4473000 0.7803385 309.6301091 309.6301091 30.1866768
0.5019000 0.7625519 342.8108670 342.8108670 30.1071819
0.5628000 0.7442735 378.9547316 378.9547316 30.0279828
0.6310500 0.7255178 418.4650245 418.4650245 29.9490059
0.7087500 0.7060746 462.2763579 462.2763579 29.8693876
0.7948500 0.6865735 509.5029647 509.5029647 29.7915697
0.8914500 0.6668679 560.9968143 560.9968143 29.7147766
1.0006500 0.6469082 617.5005818 617.5005818 29.6387081
1.1227651 0.6270026 678.7691879 678.7691879 29.5644158
1.2594751 0.6071923 745.2213028 745.2213028 29.4919644
1.4127226 0.5875496 817.3300423 817.3300423 29.4213865
1.5858151 0.5680095 896.1048882 896.1048882 29.3522977
1.7787526 0.5488694 980.9718917 980.9718917 29.2857116
1.9959451 0.5299983 1073.2550664 1073.2550664 29.2210553
2.2393220 0.5115551 1173.0865100 1173.0865100 29.1586731
2.5125215 0.4935543 1281.2291962 1281.2291962 29.0984428
2.8192921 0.4760691 1398.3717789 1398.3717789 29.0403085
3.1631068 0.4591873 1525.0066783 1525.0066783 28.9842745
3.5483644 0.4428623 1661.8690873 1661.8690873 28.9302603
3.9810846 0.4270827 1810.1199199 1810.1199199 28.8780608
4.4672872 0.4118592 1970.7579452 1970.7579452 28.8275964
5.0118948 0.3972465 2144.2938261 2144.2938261 28.7789320
5.6245099 0.3831534 2332.5762250 2332.5762250 28.7317502
6.3098094 0.3696301 2535.7449571 2535.7449571 28.6862277
7.0803644 0.3566062 2756.1323176 2756.1323176 28.6420316
7.9440561 0.3441252 2994.4839773 2994.4839773 28.5991589
8.9125633 0.3321486 3252.4307780 3252.4307780 28.5575091
10.0014481 0.3206388 3532.3717833 3532.3717833 28.5168374
11.2210876 0.3096276 3835.1069724 3835.1069724 28.4771818
12.5894367 0.2990658 4163.1348993 4163.1348993 28.4382886
14.1269504 0.2889008 4519.1696699 4519.1696699 28.3999400
15.8491767 0.2791804 4904.4841375 4904.4841375 28.3621022
17.7840324 0.2698492 5322.8583121 5322.8583121 28.3245128
19.9529062 0.2608946 5776.2268679 5776.2268679 28.2872053
22.3872322 0.2522834 6268.2308849 6268.2308849 28.2499767
25.1199938 0.2439883 6802.3648867 6802.3648867 28.2127076
28.1840786 0.2360568 7381.6524293 7381.6524293 28.1753170
31.6237393 0.2284516 8010.9308509 8010.9308509 28.1375682
35.4826072 0.2211995 8694.3092651 8694.3092651 28.0991597
39.8132470 0.2141665 9436.9051706 9436.9051706 28.0599529
44.6694872 0.2072698 10242.9866496 10242.9866496 28.0197396
50.1205675 0.2006113 11118.6438413 11118.6438413 27.9783090
56.2377471 0.1941463 12069.7896222 12069.7896222 27.9354071
63.0967693 0.1878633 13101.7092757 13101.7092757 27.8906490
70.7954662 0.1819431 14223.1019169 14223.1019169 27.8433908
79.4340106 0.1761503 15441.5831102 15441.5831102 27.7931824
89.1259377 0.1704693 16764.6509629 16764.6509629 27.7400434
100.0026275 0.1649986 18201.7366757 18201.7366757 27.6830442
112.2074471 0.1597356 19762.9074811 19762.9074811 27.6208593
125.8964104 0.1545439 21457.5059924 21457.5059924 27.5549420
141.2559945 0.1493263 23295.7663924 23295.7663924 27.4846927
158.4947918 0.1440897 25288.2153298 25288.2153298 27.4097964
177.8326602 0.1387026 27442.3042183 27442.3042183 27.3291079
199.5344894 0.1336288 29769.3624183 29769.3624183 27.2413222
223.8731455 0.1289628 32286.9892434 32286.9892434 27.1471906
251.1895596 0.1243516 35012.4709752 35012.4709752 27.0543489
281.8404883 0.1199516 37961.8851131 37961.8851131 26.9548708
316.2378815 0.1158025 41156.7330997 41156.7330997 26.8432409
354.8252370 0.1114592 44610.3651973 44610.3651973 26.7299771
398.1250863 0.1075522 48346.3186130 48346.3186130 26.6125344
446.6934609 0.1028487 52372.4674144 52372.4674144 26.4820655
501.1903976 0.0979005 56681.7194914 56681.7194914 26.3361729
562.3470481 0.0940153 61300.8364150 61300.8364150 26.1675813
630.9576992 0.0905326 66290.1150524 66290.1150524 25.9816193
707.9626349 0.0868945 71673.7056302 71673.7056302 25.7935113
794.3311114 0.0841761 77478.6442254 77478.6442254 25.6070692
891.2901875 0.0823136 83836.3526837 83836.3526837 25.4190399
1000.0152949 0.0806850 90811.8912818 90811.8912818 25.2179959
1122.0453570 0.0783258 98464.3933141 98464.3933141 24.9664713
1258.9519017 0.0745504 106708.4642009 106708.4642009 24.7238809
1412.6025846 0.0693609 115438.3113410 115438.3113410 24.4809174
1584.9192513 0.0650345 124522.9059453 124522.9059453 24.2352455
1778.3297629 0.0630994 134272.3787476 134272.3787476 24.0018146
1995.3396487 0.0632891 145083.3925522 145083.3925522 23.7772832
2238.7495208 0.0623125 157078.8589923 157078.8589923 23.5227180
2511.9332487 0.0590957 170146.2119157 170146.2119157 23.2567972
2818.4067961 0.0573833 184174.0824858 184174.0824858 22.9624647
3162.3160538 0.0509124 198849.6107048 198849.6107048 22.5642359
3548.2246552 0.0477134 213716.6438758 213716.6438758 22.2311803
3981.0824729 0.0429913 229138.6349996 229138.6349996 21.8343886
4466.8445267 0.0371791 244091.0494712 244091.0494712 21.3787005
5011.9508737 0.0378290 259885.3493991 259885.3493991 21.0413470
5623.4686414 0.0392277 278670.5126261 278670.5126261 20.7392508
6309.6060499 0.0358265 298693.7119684 298693.7119684 20.4311269
7079.5178905 0.0309674 319346.1205163 319346.1205163 20.0215534
7943.3360745 0.0223745 337026.3065554 337026.3065554 19.5436491
8912.5538779 0.0188058 353258.8736768 353258.8736768 19.1505849
10000.0576380 0.0235154 370257.5696356 370257.5696356 18.7332148
11220.2837932 0.0263249 394865.3348425 394865.3348425 18.2711992
12589.2832138 0.0277347 425361.6486539 425361.6486539 17.7722816
14125.4898594 0.0222163 453808.6263242 453808.6263242 17.3014377
15849.0266991 0.0208718 481706.8665331 481706.8665331 16.8760648
17782.8284773 0.0210164 514353.5043656 514353.5043656 16.4717209
19952.6405589 0.0199453 550433.6352106 550433.6352106 16.0903860
22387.3110130 0.0220698 587717.5852780 587717.5852780 15.6886095
25118.9399788 0.0184860 633542.0029770 633542.0029770 15.2678839
28183.8378200 0.0162782 675466.1695347 675466.1695347 14.8739189
31622.8492882 0.0214627 727980.7488455 727980.7488455 14.5304403
35481.3448326 0.0196178 791422.3609099 791422.3609099 14.2385328
39810.8123001 0.0192689 858261.8235470 858261.8235470 13.9491581
44668.4408210 0.0170120 928284.5740609 928284.5740609 13.6028467
50118.8218320 0.0191739 998856.4506935 998856.4506935 13.2437025
56234.1823694 0.0196642 1092462.1028486 1092462.1028486 12.9023608
63095.8439737 0.0232221 1213830.9413730 1213830.9413730 12.6466284
70794.7386130 0.0203376 1342785.2139644 1342785.2139644 12.3561448
79432.9897122 0.0210762 1477584.8777130 1477584.8777130 12.0855668
89125.2011949 0.0210700 1638300.9145405 1638300.9145405 11.8281712
100000.1496297 0.0229742 1829948.3824591 1829948.3824591 11.5521995
112201.9339986 0.0207922 2048760.7387905 2048760.7387905 11.3101219
125892.6936390 0.0192716 2278655.6837043 2278655.6837043 10.8182760
141253.8311154 0.0170212 2502201.2457744 2502201.2457744 10.5466538
158489.5061793 0.0193553 2780137.9839230 2780137.9839230 10.3141280
177827.9574712 0.0235151 3100468.2109707 3100468.2109707 10.1793398
199526.2758973 0.0205374 3484909.9443908 3484909.9443908 9.9588937
