1000 0
0 874.687 0 0
0 0.99498 8.72325 8.72325
0 0.989828 17.402 17.402
0 0.984761 26.0354 26.0354
0 0.975063 43.1741 43.1741
0 0.965467 60.1416 60.1416
0 0.951572 85.2841 85.2841
0 0.909316 166.614 166.614
0 0.871035 244.439 244.439
0 0.806122 390.882 390.882
0 0.751421 526.965 526.965
1 0.685514 715.079 715.079
2 0.551876 1249.57 1249.57
3 0.480901 1699.29 1699.29
5 0.411611 2469.22 2469.22
7 0.3798 3161.21 3161.21
10 0.336477 4098.53 4098.53
15 0.29248 5460.59 5460.59
20 0.261068 6668.57 6668.57
30 0.236632 8869.65 8869.65
50 0.201227 12681.8 12681.8
70 0.202329 16220.2 16220.2
100 0.173604 21145.7 21145.7
150 0.155325 28452 28452
200 0.140613 34940.6 34940.6
300 0.123028 46628.4 46628.4
500 0.102176 66656.6 66656.6
700 0.100112 83822.6 83822.6
1000 0.0693598 107222 107222
1500 0.0777685 141816 141816
2000 0.0576353 171269 171269
3000 0.0538456 221192 221192
5000 0.041441 296652 296652
7000 0.0274854 353289 353289
10000 0.0188465 412495 412495
15000 0.0110214 507729 507722
20000 0.0142474 583243 583220
30000 0.0228054 724848 724753
40000 0.00595166 833764 833276
50000 0.00809818 919596 917875
60000 0.0145656 971252 964689
70000 0.0029609 1.04842e+06 1.03991e+06
80000 0.0177369 1.14108e+06 1.13194e+06
90000 0.0180077 1.22711e+06 1.21686e+06
100000 0.00969157 1.32286e+06 1.31205e+06
150000 0.0127397 1.89017e+06 1.87772e+06
200000 0.0114168 2.70635e+06 2.69384e+06
300000 0.0162678 4.1372e+06 4.12423e+06
400000 0.0139915 5.68335e+06 5.67018e+06
500000 0.0181039 7.02025e+06 7.00614e+06
600000 0.0120326 8.32271e+06 8.3075e+06
700000 0.0130661 9.79925e+06 9.78356e+06
800000 0.0153862 1.14899e+07 1.14739e+07
900000 0.0176447 1.35636e+07 1.35476e+07
1000000 0.0273989 1.57515e+07 1.57356e+07
1500000 0.030365 2.54291e+07 2.54122e+07
