1004 0
0 879.855 0 0
0 0.994787 8.77294 8.77294
0 0.989854 17.5021 17.5021
0 0.984967 26.1876 26.1876
0 0.975093 43.4274 43.4274
0 0.965426 60.4957 60.4957
0 0.95136 85.7842 85.7842
0 0.909448 167.575 167.575
0 0.872031 245.905 245.905
0 0.806791 393.407 393.407
0 0.752121 530.409 530.409
1 0.686809 719.78 719.78
2 0.558689 1260.65 1260.65
3 0.491747 1719.77 1719.77
5 0.422336 2517.93 2517.93
7 0.374458 3213.3 3213.3
10 0.33822 4144.57 4144.57
15 0.296928 5536.47 5536.47
20 0.27598 6803.8 6803.8
30 0.242437 9090.32 9090.32
50 0.213121 13009.3 13009.3
70 0.194428 16640.4 16640.4
100 0.188591 21683.8 21683.8
150 0.16659 29260.6 29260.6
200 0.160832 36263.1 36263.1
300 0.143023 49521 49521
500 0.121452 72049.4 72049.4
700 0.0955967 91660.6 91660.6
1000 0.085572 117598 117598
1500 0.0884921 155061 155061
2000 0.0754647 188853 188853
3000 0.0661656 248206 248206
5000 0.0452145 339603 339603
7000 0.045992 416991 416991
10000 0.048356 528067 528067
15000 0.0387098 700775 700775
20000 0.0438699 879165 879165
30000 0.0326853 1.20034e+06 1.20034e+06
40000 0.0243369 1.44288e+06 1.44288e+06
50000 0.0226292 1.64024e+06 1.64024e+06
60000 0.0176692 1.79387e+06 1.79384e+06
70000 0.014295 1.98108e+06 1.98105e+06
80000 0.0303782 2.1643e+06 2.16426e+06
90000 0.0181529 2.33073e+06 2.33068e+06
100000 0.0131303 2.48465e+06 2.48458e+06
150000 0.0165143 3.15758e+06 3.15643e+06
200000 0.0150484 3.71239e+06 3.70929e+06
300000 0.00605043 4.86567e+06 4.85979e+06
400000 0.00491369 5.69002e+06 5.66764e+06
500000 0.0105556 6.47793e+06 6.44005e+06
600000 0.00688694 7.03648e+06 6.94038e+06
700000 0.00806098 7.34551e+06 7.11318e+06
800000 -0.00817104 7.58923e+06 7.17804e+06
900000 0.000394299 7.89454e+06 7.33968e+06
1000000 0.0104225 8.15574e+06 7.42003e+06
