1007 0
0 875.179 0 0
0 0.994627 8.72553 8.72553
0 0.989396 17.4051 17.4051
0 0.984357 26.0397 26.0397
0 0.974417 43.1768 43.1768
0 0.964567 60.1427 60.1427
0 0.950412 85.2732 85.2732
0 0.90703 166.494 166.494
0 0.867786 244.082 244.082
0 0.800802 389.88 389.88
0 0.745214 525.007 525.007
1 0.679562 711.66 711.66
2 0.54497 1239.51 1239.51
3 0.478751 1684.35 1684.35
5 0.403005 2449.63 2449.63
7 0.360057 3114.12 3114.12
10 0.322807 4010.9 4010.9
15 0.277918 5322.53 5322.53
20 0.264351 6506.66 6506.66
30 0.234728 8701.1 8701.1
50 0.219306 12556.5 12556.5
70 0.193606 16099.2 16099.2
100 0.169421 20729.5 20729.5
150 0.155264 27870 27870
200 0.151785 34562.5 34562.5
300 0.12257 46934.7 46934.7
500 0.120193 68224.3 68224.3
700 0.0987161 86577.9 86577.9
1000 0.0961629 111416 111416
1500 0.0812484 147746 147746
2000 0.0713297 178285 178285
3000 0.0717553 233367 233367
5000 0.0488232 326061 326061
7000 0.0332175 400488 400488
10000 0.0277784 488864 488864
15000 0.0204714 594901 594901
20000 0.0344269 720078 720078
30000 0.0337209 985723 985723
40000 0.0325635 1.22655e+06 1.22655e+06
50000 0.0185485 1.46354e+06 1.46354e+06
60000 0.0196558 1.67438e+06 1.67438e+06
70000 0.0239866 1.85638e+06 1.85638e+06
80000 0.0168283 2.01224e+06 2.01222e+06
90000 0.0220243 2.17656e+06 2.17652e+06
100000 0.0216848 2.35544e+06 2.3554e+06
150000 0.00798431 3.11415e+06 3.11378e+06
200000 0.0147357 3.76941e+06 3.76805e+06
300000 0.01033 4.77663e+06 4.76953e+06
400000 0.0173853 5.77257e+06 5.75963e+06
500000 0.0216621 6.54099e+06 6.51062e+06
600000 0.00741504 7.27212e+06 7.21979e+06
700000 0.00795072 7.93793e+06 7.85682e+06
800000 0.00498104 8.43772e+06 8.29234e+06
900000 0.0149432 9.25111e+06 9.08478e+06
1000000 -3.7538e-05 1.00915e+07 9.90785e+06
