1001 0
0 37.624 0 0
0 0.994475 0.375204 0.375204
0 0.988409 0.748107 0.748107
0 0.982444 1.11875 1.11875
0 0.970822 1.8534 1.8534
0 0.959588 2.57947 2.57947
0 0.943398 3.65306 3.65306
0 0.894647 7.10756 7.10756
0 0.852497 10.3917 10.3917
0 0.782928 16.5329 16.5329
0 0.727394 22.2072 22.2072
1 0.661175 30.027 30.027
2 0.519906 51.9646 51.9646
3 0.439368 69.8825 69.8825
5 0.348875 99.1705 99.1705
7 0.297021 123.315 123.315
10 0.2504 153.978 153.978
15 0.205589 196.469 196.469
20 0.177771 232.341 232.341
30 0.144602 292.31 292.31
50 0.111582 387.182 387.182
70 0.0929854 463.498 463.498
100 0.0771136 558.686 558.686
150 0.062324 688.288 688.288
200 0.0536783 796.913 796.913
300 0.0426424 975.989 975.989
500 0.0319085 1250.12 1250.12
700 0.0260083 1466.42 1466.42
1000 0.0207995 1726.87 1726.87
1500 0.0153666 2064.77 2064.77
2000 0.0119117 2317.52 2317.52
3000 0.00785483 2684.65 2684.65
5000 0.0048307 3143.14 3143.14
7000 0.00334667 3447.11 3447.11
10000 0.00218938 3749.72 3749.72
15000 0.00128768 4063.35 4063.35
20000 0.000947024 4268.72 4268.72
30000 0.000713127 4570.3 4570.3
40000 0.000661684 4826.55 4826.55
50000 0.000650268 5072.83 5072.83
60000 0.000647779 5316.9 5316.9
70000 0.000647237 5560.5 5560.5
80000 0.000647117 5803.99 5803.99
90000 0.000647091 6047.45 6047.45
100000 0.000647085 6290.91 6290.91
150000 0.000647084 7508.21 7508.21
200000 0.000647084 8725.5 8725.5
300000 0.000647083 11160.1 11160.1
400000 0.000647083 13594.7 13594.7
500000 0.000647083 16029.3 16029.3
600000 0.000647083 18463.9 18463.9
700000 0.000647083 20898.5 20898.5
800000 0.000647083 23333 23333
900000 0.000647083 25767.6 25767.6
1000000 0.000647083 28202.2 28202.2
1500000 0.000647083 40375.2 40375.2
2000000 0.000647083 52548.1 52548.1
