1004 0
0 53.9711 0 0
0 1.00895 0.54612 0.54612
0 1.00255 1.08876 1.08876
0 0.996251 1.62797 1.62797
0 0.983939 2.69634 2.69634
0 0.971974 3.75161 3.75161
0 0.954758 5.31084 5.31084
0 0.902638 10.3183 10.3183
0 0.85734 15.0637 15.0637
0 0.78351 23.8998 23.8998
0 0.726122 32.0337 32.0337
1 0.660493 43.2307 43.2307
2 0.52935 74.9163 74.9163
3 0.457162 101.381 101.381
5 0.374812 145.805 145.805
7 0.327186 183.5 183.5
10 0.282134 232.533 232.533
15 0.237055 302.099 302.099
20 0.207556 361.827 361.827
30 0.171478 463.223 463.223
50 0.13082 624.027 624.027
70 0.109139 752.457 752.457
100 0.0907345 912.457 912.457
150 0.0725533 1132.08 1132.08
200 0.0600671 1310.02 1310.02
300 0.0460877 1588.51 1588.51
500 0.0409476 2033.79 2033.79
700 0.039126 2472.73 2472.73
1000 0.034595 3070.82 3070.82
1500 0.0286568 3947.05 3947.05
2000 0.0250111 4674.76 4674.76
3000 0.0215647 5914.68 5914.68
5000 0.0172344 7942.2 7942.2
7000 0.0162363 9743.25 9743.25
10000 0.0156373 12313.5 12313.5
15000 0.0154836 16505.9 16505.9
20000 0.0154627 20680.5 20680.5
30000 0.0154594 29024.5 29024.5
40000 0.0154594 37368.2 37368.2
50000 0.0154594 45711.7 45711.7
60000 0.0154594 54055.3 54055.3
70000 0.0154594 62398.9 62398.9
80000 0.0154594 70742.6 70742.6
90000 0.0154594 79086.1 79086.1
100000 0.0154594 87429.7 87429.7
150000 0.0154594 129148 129148
200000 0.0154594 170866 170866
300000 0.0154594 254302 254302
400000 0.0154594 337737 337737
500000 0.0154594 421173 421173
600000 0.0154594 504609 504609
700000 0.0154594 588045 588045
800000 0.0154594 671481 671481
900000 0.0154594 754917 754917
1000000 0.0154594 838353 838353
1500000 0.0154594 1.25553e+06 1.25553e+06
2000000 0.0154594 1.67271e+06 1.67271e+06
