1001 0
0 879.544 0 0
0 0.99452 8.76943 8.76943
0 0.98915 17.4906 17.4906
0 0.984155 26.1661 26.1661
0 0.974012 43.3849 43.3849
0 0.964187 60.4277 60.4277
0 0.94975 85.6696 85.6696
0 0.907117 167.274 167.274
0 0.870798 245.402 245.402
0 0.81214 393.2 393.2
0 0.764709 531.739 531.739
1 0.71082 725.988 725.988
2 0.6 1297.23 1297.23
3 0.53632 1794.97 1794.97
5 0.463713 2668.2 2668.2
7 0.421624 3443.45 3443.45
10 0.382284 4497.95 4497.95
15 0.342826 6082.06 6082.06
20 0.317542 7532.84 7532.84
30 0.28659 10181.2 10181.2
50 0.256755 14945.8 14945.8
70 0.236054 19260.7 19260.7
100 0.217908 25227.9 25227.9
150 0.20048 34383.8 34383.8
200 0.188281 42910.1 42910.1
300 0.173949 58795.4 58795.4
500 0.154846 87590.4 87590.4
700 0.144954 113907 113907
1000 0.134072 150579 150579
1500 0.122951 206794 206794
2000 0.117466 259601 259601
3000 0.108191 359189 359189
5000 0.102309 544519 544519
7000 0.0977096 720183 720183
10000 0.0883993 966184 966184
15000 0.0776421 1.33295e+06 1.33295e+06
20000 0.07645 1.67178e+06 1.67178e+06
30000 0.0735223 2.33341e+06 2.33341e+06
40000 0.0736391 2.97435e+06 2.97435e+06
50000 0.0718354 3.61297e+06 3.61297e+06
60000 0.065829 4.21328e+06 4.21328e+06
70000 0.0655471 4.78322e+06 4.78322e+06
80000 0.0568438 5.31055e+06 5.31055e+06
90000 0.0553276 5.81426e+06 5.81426e+06
100000 0.0574109 6.31474e+06 6.31474e+06
150000 0.0578345 8.87831e+06 8.87831e+06
200000 0.0587128 1.14146e+07 1.14146e+07
300000 0.0590273 1.65835e+07 1.65835e+07
400000 0.0573848 2.1746e+07 2.1746e+07
500000 0.0582425 2.69042e+07 2.69042e+07
600000 0.0604098 3.21186e+07 3.21186e+07
700000 0.0595492 3.74016e+07 3.74016e+07
800000 0.0603249 4.26419e+07 4.26419e+07
900000 0.0582801 4.79939e+07 4.79939e+07
1000000 0.0570947 5.3246e+07 5.3246e+07
