6000 -3.36 0 791.652
0.0325500 0.9448861 24.9800076 24.9800076 34.6344588
0.0357000 0.9398450 27.3279168 27.3279168 34.8113587
0.0399000 0.9334499 30.4399911 30.4399911 35.0402721
0.0451500 0.9268579 34.3026130 34.3026130 35.3334231
0.0504000 0.9200047 38.1370987 38.1370987 35.6013651
0.0567000 0.9100806 42.6954045 42.6954045 35.8900203
0.0640500 0.9020277 47.9635510 47.9635510 36.2444564
0.0714000 0.8923124 53.1797679 53.1797679 36.5737218
0.0798000 0.8831751 59.0775802 59.0775802 36.9712772
0.0892500 0.8735690 65.6444969 65.6444969 37.3486510
0.1008000 0.8610253 73.5679171 73.5679171 37.7878244
0.1123500 0.8508846 81.3916909 81.3916909 38.2244172
0.1260000 0.8399822 90.5224144 90.5224144 38.6947096
0.1417500 0.8279074 100.9129569 100.9129569 39.1364344
0.1585500 0.8149151 111.8287835 111.8287835 39.6100836
0.1785000 0.8001818 124.5703274 124.5703274 40.0838739
0.2005500 0.7885587 138.4259981 138.4259981 40.6007353
0.2247000 0.7732354 153.3454326 153.3454326 41.1236120
0.2520000 0.7566772 169.8661996 169.8661996 41.6382520
0.2824500 0.7428898 187.9352209 187.9352209 42.1483582
0.3171000 0.7256553 208.0719358 208.0719358 42.7128170
0.3549000 0.7074565 229.4995135 229.4995135 43.1416306
0.3990000 0.6931252 253.9328429 253.9328429 43.7053262
0.4473000 0.6759928 280.0717642 280.0717642 44.1941131
0.5019000 0.6593931 308.9260728 308.9260728 44.6091443
0.5628000 0.6381990 340.1495354 340.1495354 44.9779853
0.6310500 0.6222568 374.2008384 374.2008384 45.3058087
0.7087500 0.6052326 411.8843954 411.8843954 45.8517207
0.7948500 0.5926036 452.6593485 452.6593485 46.2081797
0.8914500 0.5725164 497.0973207 497.0973207 46.5698329
1.0006500 0.5512775 545.6322261 545.6322261 46.8997386
1.1227651 0.5334591 598.0096826 598.0096826 47.1424148
1.2594751 0.5109995 654.5424910 654.5424910 47.4899798
1.4127226 0.4949835 715.6106553 715.6106553 47.6580787
1.5858151 0.4777665 782.1116779 782.1116779 47.8575535
1.7787526 0.4630713 853.9072169 853.9072169 48.1555216
1.9959451 0.4454070 931.9631851 931.9631851 48.3882625
2.2393220 0.4350047 1016.8021134 1016.8021134 48.5804824
2.5125215 0.4130999 1108.7309884 1108.7309884 48.7381246
2.8192921 0.4039299 1208.6538581 1208.6538581 48.9326877
3.1631068 0.3842206 1315.9834996 1315.9834996 49.2468291
3.5483644 0.3773678 1432.6377594 1432.6377594 49.3997527
3.9810846 0.3642609 1559.0860797 1559.0860797 49.4507801
4.4672872 0.3463770 1695.3376180 1695.3376180 49.7037631
5.0118948 0.3430043 1841.8564165 1841.8564165 49.8579824
5.6245099 0.3272886 2005.6466433 2005.6466433 49.8741550
6.3098094 0.3069285 2177.2596053 2177.2596053 50.1053678
7.0803644 0.2934820 2357.3439241 2357.3439241 50.1480285
7.9440561 0.2770035 2553.2150828 2553.2150828 50.3650238
8.9125633 0.2703785 2765.2168846 2765.2168846 50.5179102
10.0014481 0.2622968 2992.3267562 2992.3267562 50.5983304
11.2210876 0.2485928 3237.9431729 3237.9431729 50.7363322
12.5894367 0.2471321 3510.0618976 3510.0618976 50.6946918
14.1269504 0.2375368 3807.6797383 3807.6797383 50.6371257
15.8491767 0.2310368 4127.7206215 4127.7206215 50.8897316
17.7840324 0.2229474 4480.9769973 4480.9769973 51.0427848
19.9529062 0.2148365 4852.9465642 4852.9465642 51.1052862
22.3872322 0.2116344 5258.6327024 5258.6327024 51.0465420
25.1199938 0.2007626 5708.1573478 5708.1573478 51.1247025
28.1840786 0.1887338 6187.3393733 6187.3393733 51.2980770
31.6237393 0.1810689 6684.9154940 6684.9154940 51.1249744
35.4826072 0.1715968 7232.1758069 7232.1758069 51.3219661
39.8132470 0.1691900 7818.6286786 7818.6286786 51.2215410
44.6694872 0.1653447 8472.3303419 8472.3303419 51.4062993
50.1205675 0.1519253 9164.7819951 9164.7819951 51.3203223
56.2377471 0.1542922 9928.9255807 9928.9255807 51.4171823
63.0967693 0.1539467 10780.0745455 10780.0745455 51.4544226
70.7954662 0.1275534 11675.8190210 11675.8190210 51.2515296
79.4340106 0.1404945 12633.2100914 12633.2100914 51.4777901
89.1259377 0.1413072 13705.2738853 13705.2738853 51.2958465
100.0026275 0.1317512 14874.6552980 14874.6552980 51.3119957
112.2074471 0.1314962 16114.8891004 16114.8891004 51.4062931
125.8964104 0.1256675 17473.1738303 17473.1738303 51.1772515
141.2559945 0.1186609 18914.7120449 18914.7120449 51.0730152
158.4947918 0.1083645 20484.1895347 20484.1895347 50.9346442
177.8326602 0.0975244 22140.9932027 22140.9932027 50.9463884
199.5344894 0.1122766 23942.1164000 23942.1164000 50.7380799
223.8731455 0.0843995 25843.1341769 25843.1341769 50.3986551
251.1895596 0.0959082 27951.0680411 27951.0680411 50.3763248
281.8404883 0.0966012 30143.6384993 30143.6384993 49.9692827
316.2378815 0.0840266 32520.8304286 32520.8304286 50.0118994
354.8252370 0.0800482 35006.4624536 35006.4624536 49.5242231
398.1250863 0.0769270 37751.0959381 37751.0959381 49.6361294
446.6934609 0.0804216 40480.0139331 40480.0139331 49.2208515
501.1903976 0.0644945 43285.7654989 43285.7654989 48.8357520
562.3470481 0.0575431 46327.6106407 46327.6106407 48.3913063
630.9576992 0.0592019 49526.1021156 49526.1021156 47.8194030
707.9626349 0.0507171 52822.1363049 52822.1363049 47.2496091
794.3311114 0.0593111 56380.0583668 56380.0583668 46.7720554
891.2901875 0.0635532 60472.3939628 60472.3939628 46.2773582
1000.0152949 0.0495612 64880.5887886 64880.5887886 45.9617901
1122.0453570 0.0478250 69736.5481547 69736.5481547 45.4643822
1258.9519017 0.0466441 74505.0360519 74505.0360519 44.9750716
1412.6025846 0.0525717 80194.3986495 80194.3986495 44.3991805
1584.9192513 0.0248173 85860.7186058 85860.7186058 44.3397574
1778.3297629 0.0406860 91999.0219501 91999.0219501 43.8816940
1995.3396487 0.0405737 97954.3623106 97954.3623106 43.4118340
2238.7495208 0.0272621 103771.2972998 103771.2972998 42.7270359
2511.9332487 0.0378013 109097.6784069 109097.6784069 42.4718195
2818.4067961 0.0241055 114090.1893909 114090.1233877 41.8171300
3162.3160538 0.0263213 119351.1202892 119350.6358816 41.1305144
3548.2246552 0.0154459 124894.2057025 124893.6419527 40.3485521
3981.0824729 0.0319735 131907.3790436 131905.7914663 39.6751122
4466.8445267 0.0128658 139449.2848642 139447.6972869 38.9246312
5011.9508737 0.0170640 146015.7783746 146005.1640678 38.1144288
5623.4686414 0.0130346 152147.9936810 152122.5683983 37.4451658
6309.6060499 0.0244171 160395.5997171 160354.2454132 36.9539321
7079.5178905 0.0134546 170685.6980557 170644.0851858 36.1259711
7943.3360745 0.0099054 181804.4080843 181760.6111820 35.6007569
8912.5538779 0.0054497 192193.0939650 192092.2943925 35.1607152
10000.0576380 0.0096682 201977.8922775 201793.3608855 34.7973288
11220.2837932 0.0066891 211948.9807163 211639.9830599 34.2720128
12589.2832138 0.0164143 223999.0815528 223630.4570598 33.7656740
14125.4898594 0.0130028 238208.2705942 237784.7349188 33.4407397
15849.0266991 0.0264074 252549.3755924 251926.4698174 32.9230321
17782.8284773 0.0065285 269500.9808044 268756.3338437 32.5531565
19952.6405589 0.0166104 285424.4122464 284459.6636397 32.0635354
22387.3110130 0.0039810 304016.2702858 302774.7132628 31.9235319
25118.9399788 0.0079165 320682.1564378 318761.3523179 31.2910570
28183.8378200 0.0032194 334385.2341475 330997.5030791 31.4380277
31622.8492882 0.0037908 340476.2871492 330600.5033047 30.9074664
35481.3448326 -0.0073917 342680.5427130 316298.6530384 31.0263585
39810.8123001 0.0011314 344678.2431740 297674.5413038 30.6304409
44668.4408210 -0.0018829 349334.6877835 287280.8645166 30.4711064
50118.8218320 -0.0048120 363838.8551967 294824.5606005 30.2656945
56234.1823694 -0.0033389 384920.0907319 310868.9112719 30.0594484
63095.8439737 -0.0051124 400495.4889418 315842.7468681 29.6004182
70794.7386130 -0.0052601 419123.0787051 322783.9339381 29.6846672
79432.9897122 0.0079725 442607.8189115 335610.5710291 29.5051291
89125.2011949 -0.0049007 475014.5453315 359727.0914492 29.5966052
100000.1496297 -0.0046889 507223.6052973 379928.1433590 29.7366745
112201.9339986 0.0085915 535471.1407174 390103.6981331 29.8552617
125892.6936390 0.0017303 560020.3107227 387583.3135089 30.2988881
141253.8311154 0.0010567 603681.8853905 414194.1738776 30.4946819
158489.5061793 0.0054089 659409.7713117 452724.5585235 30.9176108
