6004 -3.36 0 778.708
0.0325500 0.9446202 24.5798825 24.5798825 30.7731015
0.0357000 0.9398590 26.8893833 26.8893833 30.9411457
0.0399000 0.9333616 29.9504538 29.9504538 31.1717835
0.0451500 0.9272140 33.7507167 33.7507167 31.4583162
0.0504000 0.9204648 37.5233668 37.5233668 31.7197209
0.0567000 0.9111283 42.0107911 42.0107911 32.0200408
0.0640500 0.8999933 47.1911443 47.1911443 32.3662271
0.0714000 0.8921707 52.3161454 52.3161454 32.6741448
0.0798000 0.8840243 58.1220550 58.1220550 33.0243060
0.0892500 0.8739118 64.5873914 64.5873914 33.3957146
0.1008000 0.8626546 72.3940718 72.3940718 33.8322618
0.1123500 0.8521892 80.0996169 80.0996169 34.2722490
0.1260000 0.8412777 89.0965653 89.0965653 34.7444146
0.1417500 0.8274928 99.3205180 99.3205180 35.2264633
0.1585500 0.8157297 110.0576363 110.0576363 35.6972150
0.1785000 0.8008353 122.6094710 122.6094710 36.2312449
0.2005500 0.7844227 136.2118427 136.2118427 36.7533549
0.2247000 0.7688204 150.8041392 150.8041392 37.2297771
0.2520000 0.7541535 166.9795452 166.9795452 37.7676232
0.2824500 0.7379028 184.6603773 184.6603773 38.3190927
0.3171000 0.7214100 204.3531070 204.3531070 38.7741224
0.3549000 0.7062681 225.3606703 225.3606703 39.2328161
0.3990000 0.6902084 249.3203309 249.3203309 39.7415458
0.4473000 0.6742227 274.9695331 274.9695331 40.2415700
0.5019000 0.6595223 303.3765971 303.3765971 40.6577070
0.5628000 0.6407974 334.1937991 334.1937991 41.0473157
0.6310500 0.6211257 367.7373544 367.7373544 41.4269150
0.7087500 0.6034853 404.8040232 404.8040232 41.8806576
0.7948500 0.5845010 444.6691373 444.6691373 42.2431100
0.8914500 0.5681481 487.9207737 487.9207737 42.6077457
1.0006500 0.5470148 535.3939340 535.3939340 42.9307843
1.1227651 0.5306352 586.4087632 586.4087632 43.2341368
1.2594751 0.5102592 642.0526459 642.0526459 43.5220297
1.4127226 0.4919324 701.5416792 701.5416792 43.9153698
1.5858151 0.4799257 766.9081856 766.9081856 44.0181245
1.7787526 0.4643625 837.6121867 837.6121867 44.3230907
1.9959451 0.4410053 913.8583238 913.8583238 44.5482608
2.2393220 0.4258689 996.3909347 996.3909347 44.7326484
2.5125215 0.4102424 1085.3181401 1085.3181401 44.9001273
2.8192921 0.3896473 1180.8852728 1180.8852728 45.2473237
3.1631068 0.3786754 1283.5244869 1283.5244869 45.3505620
3.5483644 0.3582764 1394.7058514 1394.7058514 45.4797707
3.9810846 0.3456117 1513.7785421 1513.7785421 45.6174332
4.4672872 0.3403983 1642.9486149 1642.9486149 45.8992731
5.0118948 0.3198125 1781.4396235 1781.4396235 45.8701577
5.6245099 0.3023099 1930.7388937 1930.7388937 45.9482791
6.3098094 0.2976976 2089.5310676 2089.5310676 46.1556177
7.0803644 0.2839367 2262.0780654 2262.0780654 46.4994437
7.9440561 0.2802113 2450.3951236 2450.3951236 46.4350123
8.9125633 0.2717202 2657.5449391 2657.5449391 46.6565201
10.0014481 0.2552294 2881.1131643 2881.1131643 46.7337395
11.2210876 0.2461953 3117.3342337 3117.3342337 46.6848141
12.5894367 0.2453490 3377.2847275 3377.2847275 46.7433542
14.1269504 0.2399072 3661.6804949 3661.6804949 46.8786794
15.8491767 0.2215469 3971.6246719 3971.6246719 46.8894266
17.7840324 0.2354235 4313.3597048 4313.3597048 47.2278755
19.9529062 0.2193815 4689.2786992 4689.2786992 47.1797339
22.3872322 0.2042953 5087.3815528 5087.3815528 47.1122386
25.1199938 0.1967386 5511.7166660 5511.7166660 47.1431598
28.1840786 0.1864412 5967.0634416 5967.0634416 47.3342182
31.6237393 0.1678007 6448.2684016 6448.2684016 47.4174468
35.4826072 0.1705775 6972.9881062 6972.9881062 47.2420805
39.8132470 0.1622890 7541.0278537 7541.0278537 47.3587665
44.6694872 0.1605922 8153.8827816 8153.8827816 47.4616305
50.1205675 0.1564618 8814.4141140 8814.4141140 47.4833713
56.2377471 0.1612568 9564.5658924 9564.5658924 47.5441036
63.0967693 0.1536652 10386.3564501 10386.3564501 47.5643467
70.7954662 0.1382022 11261.8123507 11261.8123507 47.7266454
79.4340106 0.1384028 12184.2713879 12184.2713879 47.4654527
89.1259377 0.1362274 13238.5513672 13238.5513672 47.2898085
100.0026275 0.1259313 14376.9628109 14376.9628109 47.3769768
112.2074471 0.1218435 15556.7355649 15556.7355649 47.4571760
125.8964104 0.1121836 16828.8737322 16828.8737322 47.4633620
141.2559945 0.1060415 18214.3915824 18214.3915824 47.3608875
158.4947918 0.0926358 19710.2371228 19710.2371228 47.1730597
177.8326602 0.1120430 21266.7282444 21266.7282444 47.2093313
199.5344894 0.0883056 23025.9905997 23025.9905997 47.1745962
223.8731455 0.0976285 24927.8370452 24927.8370452 47.1350194
251.1895596 0.0933741 26952.6136393 26952.6136393 46.9008870
281.8404883 0.0979472 29214.3287143 29214.3287143 46.6593881
316.2378815 0.0815235 31536.2377677 31536.2377677 46.5826541
354.8252370 0.0852517 33936.7126073 33936.7126073 46.5501495
398.1250863 0.0815900 36625.9229869 36625.9229869 46.3843632
446.6934609 0.0735755 39505.3698169 39505.3698169 46.1849793
501.1903976 0.0700424 42516.2991345 42516.2991345 46.0532951
562.3470481 0.0642318 45809.5213148 45809.5213148 45.8473979
630.9576992 0.0717506 49170.6460595 49170.6460595 45.6438109
707.9626349 0.0628714 52910.1443414 52910.1443414 45.3286815
794.3311114 0.0593593 56888.8451795 56888.8451795 45.0474636
891.2901875 0.0453536 61142.0011704 61142.0011704 44.7423275
1000.0152949 0.0620488 65794.0486509 65794.0486509 44.5189669
1122.0453570 0.0460313 70251.0820715 70251.0820715 44.1643444
1258.9519017 0.0272012 74897.7498867 74897.7498867 43.7742020
1412.6025846 0.0306824 79452.5849733 79452.5849733 43.3258420
1584.9192513 0.0419356 84231.4074411 84231.4074411 43.1444123
1778.3297629 0.0548280 89983.0601043 89983.0601043 42.7773509
1995.3396487 0.0421311 95846.5401989 95846.5401989 42.6191929
2238.7495208 0.0329468 101715.3026716 101715.3026716 41.9549974
2511.9332487 0.0320747 107800.6623428 107800.6623428 41.5844925
2818.4067961 0.0283576 114293.4641134 114293.4641134 40.7298209
3162.3160538 0.0284300 121811.0379265 121811.0379265 40.2838376
3548.2246552 0.0274742 130003.6716191 130003.6716191 39.6047762
3981.0824729 0.0233836 138790.7582107 138790.7582107 38.9865342
4466.8445267 0.0213329 148448.1775780 148448.1775780 38.3474910
5011.9508737 0.0214230 158443.1706993 158442.8615292 37.7881266
5623.4686414 0.0235656 169885.8288746 169885.5197044 37.2688473
6309.6060499 0.0242716 181342.7419014 181342.4327313 36.5155108
7079.5178905 0.0326486 193960.6051162 193960.2959461 36.0684608
7943.3360745 0.0183749 209111.6645121 209111.3154606 35.2946866
8912.5538779 0.0271615 226327.9286778 226327.5796263 34.9472149
10000.0576380 0.0327794 246077.8087476 246077.4596961 34.2874837
11220.2837932 0.0296253 264784.6434706 264783.6985831 33.7541718
12589.2832138 0.0177089 286163.1076628 286161.8924531 33.4089146
14125.4898594 0.0077853 306512.8444546 306507.3293215 33.1611316
15849.0266991 0.0210066 327522.4235705 327489.5577052 32.5482816
17782.8284773 0.0172465 344251.0894944 344110.2889796 32.2774740
19952.6405589 0.0116259 368042.8598128 367868.0757997 32.1107472
22387.3110130 0.0120923 393216.2358185 393000.8272565 31.7703171
25118.9399788 0.0153097 415768.2882215 415374.9625346 31.2239802
28183.8378200 0.0172117 450260.7878107 449831.0757769 31.1828811
31622.8492882 0.0172116 496866.3910177 496428.5128445 30.9737258
35481.3448326 0.0105092 547179.4265657 546728.8133146 30.7372937
39810.8123001 0.0172234 588401.2227349 587772.6122625 30.7072700
44668.4408210 -0.0025975 640733.6475662 640010.3927056 30.5865059
50118.8218320 0.0027627 688596.9964192 687622.4445686 30.5831442
56234.1823694 0.0097383 733854.5844463 731999.4173006 30.5355775
63095.8439737 0.0061098 761378.8681574 755216.3156580 30.4429112
70794.7386130 0.0035874 806824.7154514 798117.2696847 30.4884766
79432.9897122 0.0190192 878709.1738505 869337.9563621 30.2677568
89125.2011949 0.0194327 975540.3360487 965876.7013199 30.5414551
100000.1496297 0.0138862 1086138.4297177 1076129.2714345 30.6097206
112201.9339986 0.0158599 1200448.2578384 1189872.9109878 30.5799407
125892.6936390 0.0194477 1327860.4228837 1316676.7303834 30.5943189
141253.8311154 0.0102921 1418291.8669168 1402348.1857700 30.9629454
158489.5061793 -0.0010044 1511552.8394110 1488801.6393598 31.3504015
