1002 0
0 42.6445 0 0
0 0.993412 0.424896 0.424896
0 0.986959 0.847014 0.847014
0 0.980645 1.26641 1.26641
0 0.968414 2.09728 2.09728
0 0.956679 2.91794 2.91794
0 0.939971 4.1307 4.1307
0 0.890992 8.03032 8.03032
0 0.850166 11.7395 11.7395
0 0.785909 18.7014 18.7014
0 0.737033 25.1862 25.1862
1 0.681846 34.2427 34.2427
2 0.572401 60.7054 60.7054
3 0.512241 83.7284 83.7284
5 0.445359 124.236 124.236
7 0.407402 160.478 160.478
10 0.372098 210.151 210.151
15 0.336962 285.416 285.416
20 0.314862 354.75 354.75
30 0.287289 482.611 482.611
50 0.257406 713.491 713.491
70 0.239663 924.915 924.915
100 0.222584 1219.83 1219.83
150 0.205314 1674.18 1674.18
200 0.194634 2099.82 2099.82
300 0.181084 2898.6 2898.6
500 0.165517 4370.19 4370.19
700 0.155007 5733.56 5733.56
1000 0.14533 7653.83 7653.83
1500 0.132748 10617.2 10617.2
2000 0.124051 13353.5 13353.5
3000 0.110372 18348.6 18348.6
5000 0.0933764 26960.1 26960.1
7000 0.084167 34480 34480
10000 0.0793547 44845.4 44845.4
15000 0.0707395 61025.5 61025.5
20000 0.0708536 76115.9 76115.9
30000 0.070882 106343 106343
40000 0.0711281 136567 136567
50000 0.071329 166981 166981
60000 0.0713281 197398 197398
70000 0.071328 227816 227816
80000 0.071328 258234 258234
90000 0.071328 288651 288651
100000 0.071328 319068 319068
150000 0.071328 471156 471156
200000 0.071328 623243 623243
300000 0.0713352 927422 927422
400000 0.0717098 1.23167e+06 1.23167e+06
500000 0.0750435 1.53398e+06 1.53398e+06
600000 0.0519634 1.79669e+06 1.79669e+06
700000 0.0474888 2.02791e+06 2.02791e+06
800000 0.0344759 2.22642e+06 2.22642e+06
900000 0.0446808 2.36951e+06 2.36951e+06
1000000 0.0472967 2.50629e+06 2.50629e+06
