6015 -3.36 0 1002.42
0.0325500 0.9511417 31.5163222 31.5163222 305.9616151
0.0357000 0.9483930 34.5144890 34.5144890 306.1781883
0.0399000 0.9450768 38.4986611 38.4986611 306.4800020
0.0451500 0.9409030 43.4578823 43.4578823 306.8384574
0.0504000 0.9367739 48.3960850 48.3960850 307.1824152
0.0567000 0.9314488 54.2915739 54.2915739 307.6108044
0.0640500 0.9257202 61.1311200 61.1311200 308.0439067
0.0714000 0.9203492 67.9286122 67.9286122 308.4684358
0.0798000 0.9140732 75.6509759 75.6509759 308.9299027
0.0892500 0.9079543 84.2805754 84.2805754 309.4383493
0.1008000 0.9008817 94.7483450 94.7483450 310.0335344
0.1123500 0.8940343 105.1340484 105.1340484 310.5482184
0.1260000 0.8859772 117.3067834 117.3067834 311.0722621
0.1417500 0.8763382 131.2135527 131.2135527 311.6738598
0.1585500 0.8677196 145.8844569 145.8844569 312.2783425
0.1785000 0.8567042 163.1265029 163.1265029 312.8918949
0.2005500 0.8477922 181.9610963 181.9610963 313.4617480
0.2247000 0.8379826 202.3515921 202.3515921 314.0949923
0.2520000 0.8274730 225.1482117 225.1482117 314.6577777
0.2824500 0.8159534 250.2429042 250.2429042 315.1685782
0.3171000 0.8026166 278.3489057 278.3489057 315.7795749
0.3549000 0.7913955 308.5235851 308.5235851 316.3874395
0.3990000 0.7762964 343.1147471 343.1147471 316.8577174
0.4473000 0.7613174 380.3009357 380.3009357 317.2872952
0.5019000 0.7436425 421.4634761 421.4634761 317.6253031
0.5628000 0.7286998 466.4087091 466.4087091 318.0133851
0.6310500 0.7125592 515.6152699 515.6152699 318.3594142
0.7087500 0.6969511 570.4108223 570.4108223 318.6916625
0.7948500 0.6785885 629.7432888 629.7432888 319.0075802
0.8914500 0.6617078 694.5928246 694.5928246 319.2231710
1.0006500 0.6438434 766.0257103 766.0257103 319.5452433
1.1227651 0.6306668 843.8619051 843.8619051 320.0038798
1.2594751 0.6108855 928.8604346 928.8604346 320.1331240
1.4127226 0.5938716 1021.1984720 1021.1984720 320.4252316
1.5858151 0.5820315 1123.3733185 1123.3733185 320.5427462
1.7787526 0.5600079 1233.8455255 1233.8455255 320.7865985
1.9959451 0.5495378 1354.6620243 1354.6620243 320.9181076
2.2393220 0.5310418 1486.3870009 1486.3870009 321.0169584
2.5125215 0.5207895 1629.9698896 1629.9698896 321.0783108
2.8192921 0.5064897 1787.5915607 1787.5915607 321.1635876
3.1631068 0.4944787 1959.6916700 1959.6916700 321.4279170
3.5483644 0.4807545 2147.6446891 2147.6446891 321.4691128
3.9810846 0.4669025 2353.5400758 2353.5400758 321.5219670
4.4672872 0.4618656 2579.6854573 2579.6854573 321.6324758
5.0118948 0.4419257 2826.8394927 2826.8394927 321.6810781
5.6245099 0.4239100 3094.1334582 3094.1334582 321.7911733
6.3098094 0.4146410 3384.4284399 3384.4284399 321.8637321
7.0803644 0.4071449 3700.3935179 3700.3935179 321.7535051
7.9440561 0.3953299 4049.7925963 4049.7925963 321.8766331
8.9125633 0.3788375 4426.4615936 4426.4615936 321.8901239
10.0014481 0.3828376 4844.0878877 4844.0878877 321.9634210
11.2210876 0.3758345 5306.1918081 5306.1918081 321.9586215
12.5894367 0.3663078 5812.1753393 5812.1753393 321.7701004
14.1269504 0.3484976 6363.5835645 6363.5835645 321.8773225
15.8491767 0.3376375 6956.8529424 6956.8529424 322.0057454
17.7840324 0.3331639 7607.6434398 7607.6434398 321.9362008
19.9529062 0.3234241 8321.5816244 8321.5816244 321.9272093
22.3872322 0.3168702 9104.3884563 9104.3884563 322.0578468
25.1199938 0.3091463 9955.7113940 9955.7113940 321.9191368
28.1840786 0.2990656 10885.7482389 10885.7482389 321.8488998
31.6237393 0.2962409 11911.6170384 11911.6170384 321.9042523
35.4826072 0.2911266 13047.9609282 13047.9609282 322.0037661
39.8132470 0.3008978 14311.8762907 14311.8762907 322.0867187
44.6694872 0.2853440 15728.0059693 15728.0059693 321.8533068
50.1205675 0.2802212 17291.5126798 17291.5126798 321.7790864
56.2377471 0.2672502 18963.4170689 18963.4170689 321.9312261
63.0967693 0.2670565 20796.4941687 20796.4941687 321.8347371
70.7954662 0.2493442 22774.2887905 22774.2887905 321.7018495
79.4340106 0.2541172 24972.8203684 24972.8203684 321.5464125
89.1259377 0.2481104 27426.0971464 27426.0971464 321.5588229
100.0026275 0.2532894 30121.6312281 30121.6312281 321.6411792
112.2074471 0.2452517 33157.6477838 33157.6477838 321.2230001
125.8964104 0.2401361 36485.9861783 36485.9861783 321.1952324
141.2559945 0.2440831 40169.6355147 40169.6355147 320.8874804
158.4947918 0.2205376 44172.7027147 44172.7027147 320.6856120
177.8326602 0.2225172 48473.6512666 48473.6512666 320.3798444
199.5344894 0.2207402 53278.3890440 53278.3890440 320.4273791
223.8731455 0.2118652 58449.3677327 58449.3677327 320.1836357
251.1895596 0.2072416 64069.2809748 64069.2809748 319.5633032
281.8404883 0.1981216 70336.3998364 70336.3998364 319.7518018
316.2378815 0.1876954 77111.2107424 77111.2107424 319.4996566
354.8252370 0.1956583 84570.8677978 84570.8677978 319.0869762
398.1250863 0.1842396 92717.4035066 92717.4035066 318.8416059
446.6934609 0.1812311 101474.3033353 101474.3033353 318.7870096
501.1903976 0.1732393 111046.8695106 111046.8695106 317.8331597
562.3470481 0.1703904 121749.9916802 121749.9916802 317.5090981
630.9576992 0.1573618 132952.5822973 132952.5822973 317.1015794
707.9626349 0.1569615 144912.2319564 144912.2319564 316.4610130
794.3311114 0.1516917 158155.7482586 158155.7482586 315.6443211
891.2901875 0.1551883 172619.6691134 172619.6691134 315.2113906
1000.0152949 0.1393114 188561.1425429 188561.1425429 314.1990649
1122.0453570 0.1335716 205805.5765927 205805.5765927 313.4109496
1258.9519017 0.1250941 223795.4896539 223795.4896539 312.8163709
1412.6025846 0.1244928 243280.2796013 243280.2796013 311.8858847
1584.9192513 0.1199548 263749.5221538 263749.5221538 311.2040590
1778.3297629 0.1014159 285056.6517450 285056.6517450 310.9030965
1995.3396487 0.0902052 306135.4862786 306135.4862786 309.9687111
2238.7495208 0.0815785 327602.5225966 327602.5225966 308.8913131
2511.9332487 0.0818234 349854.6922537 349854.6922537 307.1896520
2818.4067961 0.0670339 372647.3967865 372647.3967865 305.9480905
3162.3160538 0.0644536 396763.4711880 396763.4711880 304.1866852
3548.2246552 0.0621428 422626.2431362 422626.2431362 303.0786559
3981.0824729 0.0647466 449853.4710093 449853.4710093 301.8210775
4466.8445267 0.0476541 478412.1310222 478412.1310222 300.6567089
5011.9508737 0.0573798 508091.1047916 508091.1047916 299.4692090
5623.4686414 0.0642153 540963.2726702 540963.2726702 298.2481156
6309.6060499 0.0592174 582618.5079825 582618.5079825 297.1595215
7079.5178905 0.0537197 628007.1439474 628007.1439474 295.7618838
7943.3360745 0.0421985 671197.3108958 671197.3108958 294.7438851
8912.5538779 0.0552303 720333.1332343 720333.1332343 293.6036565
10000.0576380 0.0430699 780089.3144972 780089.3144972 292.9054640
11220.2837932 0.0415331 840381.0947584 840381.0947584 291.6867186
12589.2832138 0.0357458 899841.1002529 899841.1002529 290.3785481
14125.4898594 0.0451707 971092.5148799 971092.5148799 289.6702804
15849.0266991 0.0598993 1061154.1584597 1061154.1584597 289.0640015
17782.8284773 0.0603545 1171268.4133271 1171268.4133271 288.4855916
19952.6405589 0.0492005 1289630.4541574 1289630.4541574 287.4975410
22387.3110130 0.0502875 1405609.1183790 1405609.1183790 286.5493694
25118.9399788 0.0398160 1534836.7927476 1534836.7927476 286.1208984
28183.8378200 0.0300047 1650100.7612423 1650100.7612423 285.4909333
31622.8492882 0.0342363 1771901.7704175 1771901.7704175 285.2325011
35481.3448326 0.0381095 1907694.7048167 1907694.7048167 284.8211068
39810.8123001 0.0304941 2032724.3959324 2032724.3959324 284.8164405
44668.4408210 0.0331233 2151347.5428323 2151347.5428323 284.4260935
50118.8218320 0.0118802 2297494.9675458 2297494.9675458 284.5438089
56234.1823694 0.0367089 2451425.9937245 2451425.4744943 284.4747152
63095.8439737 0.0130466 2582509.2893075 2582501.8861132 284.4242699
70794.7386130 0.0202698 2707270.3403960 2707246.5690787 284.4495219
79432.9897122 0.0192798 2856426.6912383 2856381.0379843 284.3618814
89125.2011949 0.0105843 3016898.2138742 3016797.7751466 284.7794733
100000.1496297 0.0157498 3215402.7023356 3215289.3663458 285.3511218
112201.9339986 0.0178116 3399861.0157916 3399603.4177647 286.0336335
125892.6936390 0.0077330 3566041.0546741 3565203.2184769 286.3156046
