1003 0
0 874.219 0 0
0 0.993049 8.70824 8.70824
0 0.985285 17.3513 17.3513
0 0.978469 25.9316 25.9316
0 0.965327 42.921 42.921
0 0.952909 59.6856 59.6856
0 0.935142 84.4346 84.4346
0 0.885575 163.914 163.914
0 0.845755 239.491 239.491
0 0.780249 381.322 381.322
0 0.730595 513.218 513.218
1 0.68058 697.864 697.864
2 0.568266 1237.89 1237.89
3 0.50746 1706.51 1706.51
5 0.43662 2527.17 2527.17
7 0.396756 3252.45 3252.45
10 0.356481 4236.98 4236.98
15 0.321142 5703.91 5703.91
20 0.291292 7041.78 7041.78
30 0.266598 9447.53 9447.53
50 0.230096 13742.5 13742.5
70 0.215186 17641 17641
100 0.194015 22995.4 22995.4
150 0.180627 31224.2 31224.2
200 0.16987 38892.7 38892.7
300 0.156055 53003.4 53003.4
500 0.139493 78273.6 78273.6
700 0.132074 101621 101621
1000 0.121382 134144 134144
1500 0.113833 184247 184247
2000 0.0992891 229932 229932
3000 0.0896263 314104 314104
5000 0.0778357 459758 459758
7000 0.0694859 588706 588706
10000 0.054201 753779 753779
15000 0.0545334 994194 994194
20000 0.0536622 1.21327e+06 1.21327e+06
30000 0.0402664 1.60461e+06 1.60461e+06
40000 0.0418657 1.98179e+06 1.98179e+06
50000 0.0370367 2.32298e+06 2.32298e+06
60000 0.0356899 2.66077e+06 2.66077e+06
70000 0.033203 2.98839e+06 2.98839e+06
80000 0.0317094 3.29245e+06 3.29245e+06
90000 0.0359215 3.58772e+06 3.58772e+06
100000 0.034085 3.86792e+06 3.86792e+06
150000 0.0361667 5.31643e+06 5.31643e+06
200000 0.0227293 6.61912e+06 6.61912e+06
300000 0.0336364 9.01731e+06 9.01731e+06
400000 0.0234089 1.14507e+07 1.14507e+07
500000 0.027146 1.38317e+07 1.38317e+07
600000 0.0293786 1.62909e+07 1.62909e+07
700000 0.0253963 1.86326e+07 1.86326e+07
800000 0.0286621 2.11041e+07 2.11041e+07
900000 0.02596 2.34682e+07 2.34682e+07
1000000 0.0214214 2.56525e+07 2.56525e+07
