1006 0
0 879.378 0 0
0 0.992239 8.75601 8.75601
0 0.985008 17.4463 17.4463
0 0.978204 26.0741 26.0741
0 0.963756 43.144 43.144
0 0.95189 59.9831 59.9831
0 0.934314 84.8527 84.8527
0 0.885209 164.746 164.746
0 0.843529 240.69 240.69
0 0.779828 383.073 383.073
0 0.731231 515.89 515.89
1 0.680949 701.506 701.506
2 0.572957 1247.07 1247.07
3 0.509601 1720.22 1720.22
5 0.440055 2549.34 2549.34
7 0.398373 3283.21 3283.21
10 0.363643 4286.22 4286.22
15 0.323451 5788.97 5788.97
20 0.297593 7159.12 7159.12
30 0.266937 9630.1 9630.1
50 0.235357 13995.9 13995.9
70 0.2221 17971 17971
100 0.199316 23473.2 23473.2
150 0.184518 31821.9 31821.9
200 0.172225 39558.6 39558.6
300 0.152946 53750.6 53750.6
500 0.134374 78550 78550
700 0.116029 100611 100611
1000 0.104976 130282 130282
1500 0.0893425 172902 172902
2000 0.0841834 210474 210474
3000 0.0711278 279134 279134
5000 0.0587992 392576 392576
7000 0.0528598 487432 487432
10000 0.0517977 623236 623236
15000 0.049522 858262 858262
20000 0.0453884 1.06534e+06 1.06534e+06
30000 0.0328869 1.41989e+06 1.41989e+06
40000 0.02456 1.67737e+06 1.67737e+06
50000 0.0272072 1.91481e+06 1.91481e+06
60000 0.0295324 2.17372e+06 2.17372e+06
70000 0.0329908 2.43175e+06 2.43175e+06
80000 0.0244006 2.68419e+06 2.68419e+06
90000 0.0260154 2.94054e+06 2.94054e+06
100000 0.034352 3.2048e+06 3.2048e+06
150000 0.0283844 4.47322e+06 4.47322e+06
200000 0.0209975 5.65766e+06 5.65766e+06
300000 0.0302469 7.80032e+06 7.80032e+06
400000 0.0192348 9.71946e+06 9.71946e+06
500000 0.0186038 1.17208e+07 1.17208e+07
600000 0.0189925 1.36484e+07 1.36484e+07
700000 0.0206888 1.54674e+07 1.54674e+07
800000 0.0147851 1.72226e+07 1.72226e+07
900000 0.0209706 1.89134e+07 1.89134e+07
1000000 0.0237487 2.07575e+07 2.07575e+07
