6010 -3.74 0 887.496
0.0325500 0.9720260 28.5309056 28.5309056 90.2102536
0.0357000 0.9692033 31.2429928 31.2429928 90.2901010
0.0399000 0.9650045 34.8455258 34.8455258 90.3859706
0.0451500 0.9604384 39.3288788 39.3288788 90.5010662
0.0504000 0.9567885 43.7932452 43.7932452 90.6221712
0.0567000 0.9517625 49.1252143 49.1252143 90.7606556
0.0640500 0.9445260 55.3052158 55.3052158 90.8891788
0.0714000 0.9391505 61.4453416 61.4453416 91.0328454
0.0798000 0.9328133 68.4205913 68.4205913 91.1670612
0.0892500 0.9257404 76.2117611 76.2117611 91.3420029
0.1008000 0.9176507 85.6546900 85.6546900 91.5187393
0.1123500 0.9100959 95.0164531 95.0164531 91.6769303
0.1260000 0.9008445 105.9808375 105.9808375 91.8658303
0.1417500 0.8906374 118.4963479 118.4963479 92.0565058
0.1585500 0.8812641 131.7047192 131.7047192 92.2280359
0.1785000 0.8695383 147.1932846 147.1932846 92.4223719
0.2005500 0.8558988 164.0588497 164.0588497 92.6027920
0.2247000 0.8434581 182.2644260 182.2644260 92.8135772
0.2520000 0.8296566 202.5172639 202.5172639 92.9894487
0.2824500 0.8162280 224.7636443 224.7636443 93.1619345
0.3171000 0.8015843 249.6245633 249.6245633 93.3552531
0.3549000 0.7878497 276.2838620 276.2838620 93.5136503
0.3990000 0.7724969 306.8115362 306.8115362 93.6574157
0.4473000 0.7563932 339.5890833 339.5890833 93.7874808
0.5019000 0.7379884 375.7959551 375.7959551 93.9525046
0.5628000 0.7216740 415.2329757 415.2329757 94.0462311
0.6310500 0.7043130 458.4402153 458.4402153 94.1340890
0.7087500 0.6862014 506.3727875 506.3727875 94.2504857
0.7948500 0.6678962 558.0584716 558.0584716 94.3033622
0.8914500 0.6515559 614.6245546 614.6245546 94.3807878
1.0006500 0.6307874 676.7034768 676.7034768 94.4791194
1.1227651 0.6134992 744.2271486 744.2271486 94.5325614
1.2594751 0.5944257 817.4949054 817.4949054 94.6568249
1.4127226 0.5786024 897.2477810 897.2477810 94.6404769
1.5858151 0.5620667 984.9153162 984.9153162 94.6342166
1.7787526 0.5455718 1079.7728547 1079.7728547 94.6957658
1.9959451 0.5283826 1183.1802438 1183.1802438 94.7928393
2.2393220 0.5112867 1295.3111392 1295.3111392 94.8172730
2.5125215 0.4958279 1417.2439993 1417.2439993 94.8217187
2.8192921 0.4779977 1549.9224859 1549.9224859 94.7923690
3.1631068 0.4619989 1693.3775983 1693.3775983 94.8378871
3.5483644 0.4446036 1848.1575642 1848.1575642 94.9094673
3.9810846 0.4351173 2016.9955890 2016.9955890 94.9344203
4.4672872 0.4226413 2201.9946622 2201.9946622 94.9133144
5.0118948 0.4146710 2404.2512505 2404.2512505 94.9467464
5.6245099 0.3990047 2624.1989000 2624.1989000 94.8941988
6.3098094 0.3839207 2862.8801673 2862.8801673 94.9083098
7.0803644 0.3732290 3121.7794926 3121.7794926 94.9526498
7.9440561 0.3688506 3404.0298793 3404.0298793 95.0034261
8.9125633 0.3537714 3712.6630478 3712.6630478 94.9761883
10.0014481 0.3477633 4048.6974489 4048.6974489 95.0054066
11.2210876 0.3316538 4412.1219306 4412.1219306 94.9786762
12.5894367 0.3199806 4806.3361128 4806.3361128 94.9553184
14.1269504 0.3074011 5235.0968363 5235.0968363 94.9756007
15.8491767 0.3010720 5701.3825225 5701.3825225 94.9047381
17.7840324 0.2944242 6213.7550067 6213.7550067 94.9539666
19.9529062 0.2901072 6772.6572736 6772.6572736 94.8654953
22.3872322 0.2792956 7390.2110055 7390.2110055 94.8828264
25.1199938 0.2627959 8044.3912721 8044.3912721 94.8349007
28.1840786 0.2591944 8761.2674802 8761.2674802 94.8841000
31.6237393 0.2576962 9546.5413011 9546.5413011 94.8885924
35.4826072 0.2518883 10415.0473582 10415.0473582 94.8144941
39.8132470 0.2464483 11360.4595333 11360.4595333 94.8341957
44.6694872 0.2367200 12408.0048683 12408.0048683 94.8231163
50.1205675 0.2332345 13549.1011139 13549.1011139 94.7907463
56.2377471 0.2189207 14778.8733418 14778.8733418 94.7773483
63.0967693 0.2173822 16122.1057490 16122.1057490 94.8014989
70.7954662 0.2195056 17584.0145592 17584.0145592 94.6040679
79.4340106 0.1995188 19181.3896362 19181.3896362 94.6519849
89.1259377 0.2036491 20930.4030179 20930.4030179 94.6078919
100.0026275 0.1887946 22811.3097476 22811.3097476 94.5397301
112.2074471 0.1857095 24880.9667805 24880.9667805 94.4810507
125.8964104 0.1809797 27158.9598961 27158.9598961 94.2999031
141.2559945 0.1836079 29693.1146030 29693.1146030 94.3073420
158.4947918 0.1732868 32418.9913618 32418.9913618 94.2045021
177.8326602 0.1653718 35405.8907068 35405.8907068 94.1395989
199.5344894 0.1647907 38588.9001515 38588.9001515 94.0129510
223.8731455 0.1603658 42091.3778005 42091.3778005 93.8064973
251.1895596 0.1539387 45850.1441821 45850.1441821 93.6585719
281.8404883 0.1509581 49876.6434763 49876.6434763 93.5495583
316.2378815 0.1419196 54230.3570474 54230.3570474 93.4232327
354.8252370 0.1309773 58926.8977963 58926.8977963 93.3165450
398.1250863 0.1340589 64044.6633794 64044.6633794 93.1580810
446.6934609 0.1305837 69675.3217512 69675.3217512 92.8691685
501.1903976 0.1190701 75696.2651627 75696.2651627 92.7177901
562.3470481 0.1133591 82195.0754795 82195.0754795 92.3577862
630.9576992 0.1108459 89148.5431116 89148.5431116 92.1704198
707.9626349 0.1065517 96796.1197606 96796.1197606 91.8934897
794.3311114 0.0988971 104912.4759725 104912.4759725 91.4940369
891.2901875 0.1003854 113479.9519183 113479.9519183 91.2376800
1000.0152949 0.0877933 122831.8098670 122831.8098670 90.8273385
1122.0453570 0.0874888 132652.7644176 132652.7644176 90.4384985
1258.9519017 0.0822842 143356.6207865 143356.6207865 90.0481634
1412.6025846 0.0826175 154689.6554457 154689.6554457 89.6558841
1584.9192513 0.0744450 166537.5495484 166537.5495484 89.2739682
1778.3297629 0.0705208 178904.4181257 178904.4181257 89.0310090
1995.3396487 0.0636791 191659.7607396 191659.7607396 88.6639141
2238.7495208 0.0603498 204065.6021672 204065.6021672 88.1991203
2511.9332487 0.0507050 217203.4792507 217203.4792507 87.7158650
2818.4067961 0.0449898 230810.7984237 230810.7984237 87.0669257
3162.3160538 0.0471856 244628.2431089 244628.2431089 86.2635690
3548.2246552 0.0325473 258342.9680564 258342.9680564 85.3333826
3981.0824729 0.0448515 272370.9518163 272370.9518163 84.5521527
4466.8445267 0.0361044 288387.7399597 288387.7399597 83.8034803
5011.9508737 0.0483267 307555.2022542 307555.2022542 83.0472238
5623.4686414 0.0367201 331249.3456773 331249.3456773 82.3127912
6309.6060499 0.0409986 357066.1670234 357066.1670234 81.4116944
7079.5178905 0.0392194 384019.2226324 384019.2226324 80.5577627
7943.3360745 0.0387265 413949.4529388 413949.4529388 79.7928712
8912.5538779 0.0395765 448091.6854875 448091.6854875 79.1050996
10000.0576380 0.0256268 480820.3874518 480820.3874518 78.4206909
11220.2837932 0.0290080 514676.4856791 514676.4856791 77.7017051
12589.2832138 0.0375789 552973.1224211 552973.1224211 77.0822939
14125.4898594 0.0302954 596342.6493477 596342.6493477 76.5217980
15849.0266991 0.0207128 632290.6595744 632290.6595744 75.9431332
17782.8284773 0.0313444 673967.7373091 673967.7373091 75.4349251
19952.6405589 0.0354742 729926.0470107 729926.0470107 75.0857234
22387.3110130 0.0328814 810832.5048518 810832.5048518 74.8384861
25118.9399788 0.0335723 901044.3276620 901044.3276620 74.4262568
28183.8378200 0.0195206 973121.5520780 973121.5520780 74.0310080
31622.8492882 0.0369592 1038635.0856472 1038635.0856472 73.5456845
35481.3448326 0.0208833 1117916.1484985 1117916.1484985 72.8939885
39810.8123001 0.0218210 1207172.9167100 1207172.9167100 72.4796424
44668.4408210 0.0240327 1322401.3666817 1322401.3666817 71.8164241
50118.8218320 0.0177171 1448542.5742546 1448542.5742546 71.0945340
56234.1823694 0.0118118 1560409.3877292 1560409.3877292 70.6410365
63095.8439737 0.0220796 1666695.8287983 1666695.8287983 70.0781226
70794.7386130 0.0136694 1785830.3433742 1785830.3433742 69.8253809
79432.9897122 0.0125403 1923364.9011738 1923364.9011738 69.3939691
89125.2011949 0.0128517 2032588.7844152 2032551.4105337 69.2967183
100000.1496297 0.0108506 2116650.4071360 2116134.0918430 69.1086928
112201.9339986 0.0099651 2220345.5218392 2219659.4635245 68.9646706
125892.6936390 0.0080015 2338400.9898601 2337509.9587844 69.0659038
