1001 0
0 870.114 0 0
0 0.994557 8.67482 8.67482
0 0.989264 17.3034 17.3034
0 0.984215 25.8865 25.8865
0 0.974171 42.922 42.922
0 0.964398 59.7847 59.7847
0 0.950414 84.7675 84.7675
0 0.907225 165.518 165.518
0 0.868747 242.739 242.739
0 0.804715 388.193 388.193
0 0.752113 523.459 523.459
1 0.689986 711.283 711.283
2 0.564767 1250.25 1250.25
3 0.493099 1707.4 1707.4
5 0.420553 2497.65 2497.65
7 0.376786 3186.65 3186.65
10 0.345904 4130.51 4130.51
15 0.30587 5538.46 5538.46
20 0.280074 6816.9 6816.9
30 0.241597 9046.6 9046.6
50 0.217145 13048.4 13048.4
70 0.195929 16650.7 16650.7
100 0.180372 21602.3 21602.3
150 0.162645 29209.9 29209.9
200 0.156477 36200 36200
300 0.135933 48990.2 48990.2
500 0.123855 71218 71218
700 0.11182 91461.7 91461.7
1000 0.103993 118130 118130
1500 0.0871472 157582 157582
2000 0.0743324 192795 192795
3000 0.0693411 255433 255433
5000 0.0625233 369861 369861
7000 0.0421213 461583 461583
10000 0.0477561 587835 587835
15000 0.0350899 777889 777889
20000 0.0273265 947565 947565
30000 0.0357519 1.22876e+06 1.22876e+06
40000 0.030421 1.48073e+06 1.48073e+06
50000 0.025389 1.69033e+06 1.69033e+06
60000 0.0172438 1.83472e+06 1.83472e+06
70000 0.0148223 1.94178e+06 1.94174e+06
80000 0.0202562 2.04073e+06 2.04055e+06
90000 0.00781122 2.1501e+06 2.1499e+06
100000 0.0169601 2.25953e+06 2.25928e+06
150000 0.013978 2.77721e+06 2.77643e+06
200000 0.00914497 3.19507e+06 3.19228e+06
300000 0.00722758 3.93465e+06 3.9225e+06
400000 0.00488298 4.28162e+06 4.20401e+06
500000 0.017518 4.80734e+06 4.70114e+06
600000 0.0109139 5.39128e+06 5.26894e+06
700000 -0.000500332 6.24675e+06 6.12129e+06
800000 0.00253605 7.02979e+06 6.89944e+06
900000 -0.00340471 7.64602e+06 7.49894e+06
1000000 0.00484143 8.33019e+06 8.17007e+06
