1004 0
0 879.855 0 0
0 0.994787 8.77294 8.77294
0 0.989857 17.5021 17.5021
0 0.984956 26.1875 26.1875
0 0.975121 43.4276 43.4276
0 0.96548 60.4965 60.4965
0 0.951482 85.7876 85.7876
0 0.910118 167.612 167.612
0 0.873748 246.044 246.044
0 0.812566 394.175 394.175
0 0.761469 532.512 532.512
1 0.701381 725.083 725.083
2 0.580532 1283 1283
3 0.511621 1761.44 1761.44
5 0.434357 2588.3 2588.3
7 0.389543 3308.39 3308.39
10 0.354944 4283.76 4283.76
15 0.317098 5753.34 5753.34
20 0.292556 7094.51 7094.51
30 0.260429 9502.45 9502.45
50 0.235818 13781.7 13781.7
70 0.217362 17703.6 17703.6
100 0.189622 23073.3 23073.3
150 0.178698 31167 31167
200 0.165083 38656.7 38656.7
300 0.150436 52500.3 52500.3
500 0.129614 77114.3 77114.3
700 0.114268 99209.6 99209.6
1000 0.100577 127818 127818
1500 0.0877342 169049 169049
2000 0.0849321 206742 206742
3000 0.0739662 272916 272916
5000 0.0561258 383621 383621
7000 0.0562614 479374 479374
10000 0.0475389 600279 600279
15000 0.0427198 787195 787195
20000 0.0392004 978360 978360
30000 0.0304872 1.27873e+06 1.27873e+06
40000 0.0260823 1.54058e+06 1.54058e+06
50000 0.0181598 1.76688e+06 1.76688e+06
60000 0.0237161 1.97923e+06 1.97923e+06
70000 0.0228857 2.1871e+06 2.1871e+06
80000 0.019157 2.37602e+06 2.37602e+06
90000 0.0260732 2.54174e+06 2.54174e+06
100000 0.00604225 2.69243e+06 2.69243e+06
150000 0.0139521 3.28754e+06 3.2874e+06
200000 0.00466462 3.82268e+06 3.82196e+06
300000 0.00994109 4.84934e+06 4.84768e+06
400000 0.017289 5.88693e+06 5.88436e+06
500000 0.01366 7.11798e+06 7.1152e+06
600000 0.0255425 8.27495e+06 8.27181e+06
700000 0.011473 9.54686e+06 9.54359e+06
800000 0.00869276 1.07241e+07 1.07204e+07
900000 0.0240867 1.19331e+07 1.19289e+07
1000000 0.0237505 1.3339e+07 1.33347e+07
