6014 -3.36 0 343.659
0.0325500 0.9760684 11.0446072 11.0446072 3.0106262
0.0357000 0.9728512 12.0991705 12.0991705 3.0905069
0.0399000 0.9688295 13.4996545 13.4996545 3.2146546
0.0451500 0.9641053 15.2432636 15.2432636 3.3580695
0.0504000 0.9611961 16.9800352 16.9800352 3.4895102
0.0567000 0.9559076 19.0547719 19.0547719 3.6651103
0.0640500 0.9516350 21.4655485 21.4655485 3.8503825
0.0714000 0.9451875 23.8607413 23.8607413 4.0199142
0.0798000 0.9377420 26.5751249 26.5751249 4.2245216
0.0892500 0.9313464 29.6086641 29.6086641 4.4546384
0.1008000 0.9246372 33.2895147 33.2895147 4.7287196
0.1123500 0.9197077 36.9542515 36.9542515 4.9873727
0.1260000 0.9100976 41.2467902 41.2467902 5.3069833
0.1417500 0.9000306 46.1473566 46.1473566 5.6026170
0.1585500 0.8888351 51.3069981 51.3069981 5.8831991
0.1785000 0.8744922 57.3495421 57.3495421 6.2291739
0.2005500 0.8622164 63.9364355 63.9364355 6.5540183
0.2247000 0.8511354 71.0346622 71.0346622 6.9024372
0.2520000 0.8351148 78.9555546 78.9555546 7.2723110
0.2824500 0.8188343 87.6066717 87.6066717 7.6422238
0.3171000 0.8001839 97.2405204 97.2405204 8.0650799
0.3549000 0.7841952 107.5275092 107.5275092 8.4906493
0.3990000 0.7706080 119.2858013 119.2858013 8.9649005
0.4473000 0.7515133 131.9063510 131.9063510 9.3145174
0.5019000 0.7230513 145.7579940 145.7579940 9.6939171
0.5628000 0.7075017 160.7220946 160.7220946 10.0509442
0.6310500 0.6828134 176.9963321 176.9963321 10.4576645
0.7087500 0.6638601 194.9267585 194.9267585 10.7896006
0.7948500 0.6483272 214.3093992 214.3093992 11.1272978
0.8914500 0.6226627 235.2957248 235.2957248 11.4236000
1.0006500 0.6051800 258.3765575 258.3765575 11.6876381
1.1227651 0.5856280 283.1754789 283.1754789 11.9767512
1.2594751 0.5528700 309.9154013 309.9154013 12.2136630
1.4127226 0.5397780 338.7306601 338.7306601 12.4828531
1.5858151 0.5193117 370.3959384 370.3959384 12.6606845
1.7787526 0.4954058 403.8202981 403.8202981 12.9207493
1.9959451 0.4810662 440.2559396 440.2559396 13.0149511
2.2393220 0.4613809 479.5702448 479.5702448 13.2734714
2.5125215 0.4413105 521.7178216 521.7178216 13.3515484
2.8192921 0.4219474 567.4625467 567.4625467 13.3857289
3.1631068 0.3954784 615.6755150 615.6755150 13.5768637
3.5483644 0.3858251 667.1825074 667.1825074 13.8092680
3.9810846 0.3757732 723.5375951 723.5375951 14.0552255
4.4672872 0.3542904 784.0017009 784.0017009 14.0132451
5.0118948 0.3443559 849.4985851 849.4985851 14.1691508
5.6245099 0.3316541 919.0255557 919.0255557 14.3042281
6.3098094 0.3134347 994.7325424 994.7325424 14.3445650
7.0803644 0.2904422 1074.0464025 1074.0464025 14.4486836
7.9440561 0.2921535 1160.3246446 1160.3246446 14.6153345
8.9125633 0.2748252 1254.4143070 1254.4143070 14.5964380
10.0014481 0.2433652 1350.9176930 1350.9176930 14.7789085
11.2210876 0.2392518 1453.2437779 1453.2437779 14.7683561
12.5894367 0.2416312 1566.4276055 1566.4276055 14.7228223
14.1269504 0.2332321 1691.9942757 1691.9942757 14.8671245
15.8491767 0.2204225 1823.4255186 1823.4255186 14.9132960
17.7840324 0.1869878 1961.6271863 1961.6271863 15.0109488
19.9529062 0.2017694 2101.6159751 2101.6159751 15.0108128
22.3872322 0.1895024 2258.8211877 2258.8211877 14.9322847
25.1199938 0.1671611 2427.3194205 2427.3194205 14.9503593
28.1840786 0.1495255 2584.5929121 2584.5929121 14.8767950
31.6237393 0.1467898 2767.7627453 2767.7627453 14.8183014
35.4826072 0.1378015 2962.0488029 2962.0488029 14.8442686
39.8132470 0.1338844 3152.5604536 3152.5604536 14.8439891
44.6694872 0.1049508 3356.5126363 3356.5126363 14.8691576
50.1205675 0.1298621 3577.2211538 3577.2211538 14.6289393
56.2377471 0.1002836 3817.0444074 3817.0444074 14.6513153
63.0967693 0.0905786 4051.9353671 4051.9353671 14.6191301
70.7954662 0.0966017 4300.3460828 4300.3460828 14.5406564
79.4340106 0.0687085 4543.1942602 4543.1942602 14.2881698
89.1259377 0.0832301 4794.1958600 4794.1958600 14.1899033
100.0026275 0.0693272 5084.2540307 5084.2540307 14.1446532
112.2074471 0.0893757 5353.6847868 5353.6847868 14.0475160
125.8964104 0.0600332 5695.2157477 5695.2157477 13.8507387
141.2559945 0.0436644 5999.8627281 5999.8627281 13.5154809
158.4947918 0.0541566 6350.9111178 6350.9111178 13.3316377
177.8326602 0.0449101 6698.5473868 6698.5473868 13.1815204
199.5344894 0.0508168 7031.8867892 7031.8867892 12.9569273
223.8731455 0.0383288 7405.9086055 7405.9086055 12.5829730
251.1895596 0.0379805 7761.2788275 7761.2788275 12.3364411
281.8404883 0.0226365 8023.2667502 8023.2541791 12.1508928
316.2378815 0.0228597 8258.6938140 8258.6664628 12.0549552
354.8252370 0.0202620 8440.4606757 8432.5713068 11.5375103
398.1250863 0.0159277 8612.9859965 8595.2202135 11.4193678
446.6934609 0.0124504 8756.3974928 8717.3965353 11.0683284
501.1903976 0.0380063 8985.0085160 8940.1218289 10.7708437
562.3470481 0.0118330 9261.9708763 9199.9657181 10.3837578
630.9576992 0.0096724 9574.4773139 9503.3304048 10.3613040
707.9626349 0.0045491 9900.4723323 9814.9784423 10.1083991
794.3311114 0.0183544 10213.7683308 10111.0246330 9.7740849
891.2901875 -0.0078781 10534.7987984 10395.5868545 9.5629624
1000.0152949 0.0016960 10896.3832203 10735.9933180 9.2568925
1122.0453570 0.0025551 11218.2319396 10988.1828742 9.1420649
1258.9519017 0.0030202 11514.0214460 11186.3499632 8.8664104
1412.6025846 0.0240594 11791.8663455 11297.0301652 8.8119354
1584.9192513 -0.0173015 12190.6297416 11590.4350874 8.5081706
1778.3297629 0.0111492 12593.9992107 11863.8530603 8.4727541
1995.3396487 -0.0116463 12865.2655543 11859.3659565 8.3581551
2238.7495208 0.0166153 13385.5879892 12201.1101255 8.2496803
2511.9332487 -0.0038717 13909.3557702 12517.1762853 7.9081006
2818.4067961 -0.0044011 14326.3160034 12637.0247283 7.7253767
3162.3160538 -0.0001201 14694.6264102 12526.1434305 7.4786692
3548.2246552 0.0021496 15235.6227190 12681.2278165 7.5170849
3981.0824729 -0.0028255 15968.0443615 13088.2584552 7.4036117
4466.8445267 0.0034792 16837.8192368 13571.3714083 7.2265348
5011.9508737 0.0057573 17939.6929837 14322.2148866 7.0882160
5623.4686414 -0.0089780 19575.3958635 15722.0281423 6.9985041
6309.6060499 0.0087478 20568.6847729 16138.0335763 6.7149159
7079.5178905 0.0031295 22713.9210800 18039.2526053 6.7859955
7943.3360745 0.0015555 24024.7172753 18598.1980080 6.7420616
8912.5538779 0.0146731 25633.3231708 19498.8686582 6.6388416
10000.0576380 0.0012978 27523.4535921 20664.7042077 6.4253353
11220.2837932 0.0106494 29422.2088413 21471.6407577 6.4226947
12589.2832138 0.0063352 31714.1934424 22696.5980181 6.3408519
14125.4898594 0.0098661 33702.7745601 23086.9400548 6.2373405
15849.0266991 -0.0060355 36587.7340015 24720.1757683 6.2081438
17782.8284773 0.0127751 40079.8307862 26896.6732179 6.1348362
19952.6405589 0.0150075 43824.5595068 29157.1662847 6.2220904
22387.3110130 0.0187501 48696.3621377 32740.2833400 6.1164779
25118.9399788 -0.0041259 53747.2766093 35972.5196933 6.1085640
28183.8378200 -0.0019347 59113.9228989 39312.4121903 5.9480052
31622.8492882 0.0234466 65374.1207894 43312.2949323 6.0545205
35481.3448326 0.0077608 75601.2665490 52287.8864789 5.8294382
39810.8123001 0.0021935 84793.4925498 59313.1525766 5.9154186
44668.4408210 0.0154474 95944.1971828 68363.0249523 5.9175140
50118.8218320 0.0134352 109460.8575153 80024.5618182 5.9722307
56234.1823694 0.0159045 123170.3026310 90866.7773340 5.8796842
63095.8439737 0.0109528 137976.0331024 102634.8252594 5.8673701
70794.7386130 0.0070013 158018.4805286 120088.3361139 5.8592139
79432.9897122 0.0043362 180015.0894357 139167.5419237 5.8277166
89125.2011949 0.0163843 204815.7142642 160632.2617128 5.9529713
100000.1496297 -0.0049430 227528.1190151 177787.8515573 5.8951074
112201.9339986 0.0031022 248592.7018133 190093.8878236 5.9752905
125892.6936390 -0.0044893 277744.7793571 212232.6462953 5.8998851
141253.8311154 0.0176453 307622.3424503 233198.2773245 5.9873203
158489.5061793 -0.0143307 345090.0177388 262296.9904884 6.1007272
177827.9574712 0.0023756 379286.8830504 283350.3476446 6.2316560
