6009 -4 0 682.936
0.0325500 0.9572860 21.6426039 21.6426039 11.2770354
0.0357000 0.9537233 23.6969108 23.6969108 11.3001371
0.0399000 0.9498757 26.4256146 26.4256146 11.3324729
0.0451500 0.9446583 29.8204860 29.8204860 11.3687623
0.0504000 0.9397530 33.1975340 33.1975340 11.4051779
0.0567000 0.9336349 37.2257667 37.2257667 11.4490657
0.0640500 0.9262523 41.8911971 41.8911971 11.4941758
0.0714000 0.9198884 46.5226545 46.5226545 11.5388166
0.0798000 0.9121087 51.7741695 51.7741695 11.5807272
0.0892500 0.9043131 57.6323739 57.6323739 11.6462220
0.1008000 0.8942685 64.7214268 64.7214268 11.7053260
0.1123500 0.8847828 71.7354201 71.7354201 11.7599431
0.1260000 0.8744034 79.9283847 79.9283847 11.8154093
0.1417500 0.8634652 89.2737274 89.2737274 11.8803147
0.1585500 0.8514314 99.1070304 99.1070304 11.9396992
0.1785000 0.8368552 110.6039185 110.6039185 12.0142226
0.2005500 0.8236836 123.0979055 123.0979055 12.0943113
0.2247000 0.8091595 136.5590136 136.5590136 12.1614327
0.2520000 0.7939887 151.5015487 151.5015487 12.2254718
0.2824500 0.7782888 167.8393784 167.8393784 12.2745867
0.3171000 0.7622184 186.0684231 186.0684231 12.3205517
0.3549000 0.7444924 205.5036584 205.5036584 12.3721690
0.3990000 0.7247278 227.5954037 227.5954037 12.4196874
0.4473000 0.7057671 251.1942176 251.1942176 12.4610985
0.5019000 0.6888345 277.2035441 277.2035441 12.5067550
0.5628000 0.6719176 305.4835617 305.4835617 12.5506620
0.6310500 0.6522766 336.3279518 336.3279518 12.5979856
0.7087500 0.6324766 370.4412534 370.4412534 12.6337140
0.7948500 0.6133401 407.0557403 407.0557403 12.6510749
0.8914500 0.5915989 446.7869094 446.7869094 12.6764532
1.0006500 0.5720572 490.2304379 490.2304379 12.7072139
1.1227651 0.5525572 537.0739917 537.0739917 12.7278986
1.2594751 0.5345541 587.7701355 587.7701355 12.7517215
1.4127226 0.5162491 642.7498390 642.7498390 12.7189558
1.5858151 0.4946393 702.4425338 702.4425338 12.7304771
1.7787526 0.4770413 766.5200963 766.5200963 12.7462916
1.9959451 0.4570767 835.5681236 835.5681236 12.7822321
2.2393220 0.4383999 909.7889395 909.7889395 12.7695369
2.5125215 0.4243210 990.1405788 990.1405788 12.7466859
2.8192921 0.4028293 1076.8656775 1076.8656775 12.7813750
3.1631068 0.3854653 1169.5066058 1169.5066058 12.7375433
3.5483644 0.3687764 1268.6563961 1268.6563961 12.7547683
3.9810846 0.3573392 1375.7980111 1375.7980111 12.7519754
4.4672872 0.3424477 1491.4872955 1491.4872955 12.7408878
5.0118948 0.3264210 1616.2254893 1616.2254893 12.7635753
5.6245099 0.3146042 1750.6928349 1750.6928349 12.7900337
6.3098094 0.3005387 1894.0155993 1894.0155993 12.8359940
7.0803644 0.2839836 2046.7942895 2046.7942895 12.7943595
7.9440561 0.2764563 2210.8902116 2210.8902116 12.7624639
8.9125633 0.2693341 2391.0896660 2391.0896660 12.8122560
10.0014481 0.2538557 2585.7035612 2585.7035612 12.7802191
11.2210876 0.2450339 2793.5276661 2793.5276661 12.7725766
12.5894367 0.2356488 3020.0110859 3020.0110859 12.7981441
14.1269504 0.2280287 3262.3550341 3262.3550341 12.8371149
15.8491767 0.2164816 3524.9067936 3524.9067936 12.7837269
17.7840324 0.2066533 3802.4935686 3802.4935686 12.8101421
19.9529062 0.2005852 4105.3268250 4105.3268250 12.7755040
22.3872322 0.1896837 4431.6625727 4431.6625727 12.8348019
25.1199938 0.1872571 4785.9828347 4785.9828347 12.7995241
28.1840786 0.1717466 5167.0659008 5167.0659008 12.8179142
31.6237393 0.1712833 5567.4492340 5567.4492340 12.7752291
35.4826072 0.1619397 6008.6788154 6008.6788154 12.7686514
39.8132470 0.1534244 6486.1916150 6486.1916150 12.7982864
44.6694872 0.1509890 6988.0189191 6988.0189191 12.7851526
50.1205675 0.1430014 7531.9711363 7531.9711363 12.7570709
56.2377471 0.1362178 8127.2870026 8127.2870026 12.7856718
63.0967693 0.1375826 8771.6443610 8771.6443610 12.7604505
70.7954662 0.1259667 9468.5178255 9468.5178255 12.7263217
79.4340106 0.1208921 10204.5285371 10204.5285371 12.7028609
89.1259377 0.1173725 11000.4937705 11000.4937705 12.7238187
100.0026275 0.1148809 11864.8230466 11864.8230466 12.6649541
112.2074471 0.1070392 12793.8556904 12793.8556904 12.6412253
125.8964104 0.1066822 13782.9107611 13782.9107611 12.5790812
141.2559945 0.1003069 14857.7959635 14857.7959635 12.5617819
158.4947918 0.1016544 16036.1395731 16036.1395731 12.5484171
177.8326602 0.0976595 17304.2632496 17304.2632496 12.4972885
199.5344894 0.0908955 18673.7712892 18673.7712892 12.4581345
223.8731455 0.0826278 20108.7393084 20108.7393084 12.4326760
251.1895596 0.0825544 21648.1193910 21648.1193910 12.3817846
281.8404883 0.0806964 23278.5887275 23278.5887275 12.3420449
316.2378815 0.0755039 24982.8846996 24982.8846996 12.2510525
354.8252370 0.0688524 26910.6284685 26910.6284685 12.1953234
398.1250863 0.0693978 28872.9101477 28872.9101477 12.1300774
446.6934609 0.0611936 30964.9321745 30964.9321745 12.0431291
501.1903976 0.0582552 33136.3266544 33136.3266544 11.9453009
562.3470481 0.0495107 35534.6024513 35534.6024513 11.8753213
630.9576992 0.0515014 37991.3877803 37991.3877803 11.7980900
707.9626349 0.0470415 40579.0095968 40579.0095968 11.6494712
794.3311114 0.0475371 43437.5059287 43437.5059287 11.5102462
891.2901875 0.0400358 46356.9015795 46356.9015795 11.3011750
1000.0152949 0.0445766 49412.2811177 49412.2811177 11.2066091
1122.0453570 0.0400011 52565.2584374 52565.2584374 11.0256587
1258.9519017 0.0258266 55810.1162023 55810.1162023 10.9121435
1412.6025846 0.0307639 59374.1783542 59374.1783542 10.6406291
1584.9192513 0.0277997 62801.0834045 62801.0834045 10.4271954
1778.3297629 0.0256104 66173.4421574 66173.4421574 10.2550761
1995.3396487 0.0172426 69499.6647435 69499.6647435 10.0617517
2238.7495208 0.0165218 72978.7243582 72978.7243582 9.8598262
2511.9332487 0.0162925 76269.4198542 76269.4198542 9.5341285
2818.4067961 0.0136110 79689.5778663 79689.5778663 9.3101853
3162.3160538 0.0152573 83316.1746823 83316.1746823 9.0446429
3548.2246552 0.0099819 86646.1506025 86646.1506025 8.7866295
3981.0824729 0.0104362 90275.2254185 90275.2254185 8.6185866
4466.8445267 0.0100324 93760.0707467 93759.1688664 8.3621375
5011.9508737 0.0150299 98411.5283391 98410.6264589 8.1678257
5623.4686414 0.0119730 103489.4160973 103488.5142171 7.9087767
6309.6060499 0.0046815 107478.3406557 107476.2344284 7.6521533
7079.5178905 0.0030575 111346.8915688 111323.0437457 7.4156298
7943.3360745 0.0035402 114590.5601676 114530.8805637 7.1890275
8912.5538779 0.0046875 118221.9382488 118118.0809455 6.9431260
10000.0576380 0.0029096 121954.2274593 121809.1025424 6.7848623
11220.2837932 0.0087601 126093.0857737 125875.3769968 6.5010125
12589.2832138 0.0094524 129904.7970912 129525.1066014 6.2743562
14125.4898594 -0.0024349 133502.2745682 132868.2789937 6.0969443
15849.0266991 -0.0017148 136527.9764016 135404.5615677 5.8878988
17782.8284773 -0.0014311 140045.3947347 138434.2683891 5.7137357
19952.6405589 0.0000365 142584.0560113 139790.0531743 5.5938718
22387.3110130 0.0030068 144917.3129903 140317.8826645 5.4987142
25118.9399788 0.0011533 147325.1675678 140575.2602847 5.3659600
28183.8378200 0.0025790 149746.3792738 140283.8625986 5.2518221
31622.8492882 0.0031358 153514.7057452 142142.3447516 5.1710317
35481.3448326 0.0009955 158010.0841358 144386.9595591 5.1109550
39810.8123001 0.0013107 161549.6580124 144315.7569337 4.9805072
44668.4408210 -0.0006824 164116.6360288 140430.6025576 4.8323835
50118.8218320 0.0026719 168221.1063507 139901.7944590 4.8023736
56234.1823694 0.0035926 174229.3539098 142138.0719193 4.7056504
63095.8439737 0.0011862 179988.5756697 142443.6575682 4.5640844
70794.7386130 0.0005355 183232.9562041 134996.8479456 4.5598513
79432.9897122 0.0004477 187019.3390301 127194.9521534 4.4676219
89125.2011949 -0.0037066 189605.6466365 111950.5908363 4.4017222
100000.1496297 -0.0024865 191680.6333127 92094.7723099 4.3226375
112201.9339986 -0.0027231 194081.5069383 69766.2196449 4.3102922
125892.6936390 -0.0078891 195116.1899162 32203.0966400 4.2935654
141253.8311154 0.0008811 195723.9473780 -20600.9837084 4.2362163
158489.5061793 0.0004067 197940.1264555 -61258.1905471 4.2556774
