6009 -3.52 0 973.09
0.0325500 0.9784568 31.4340917 31.4340917 303.3058966
0.0357000 0.9760664 34.4281792 34.4281792 303.4654794
0.0399000 0.9725897 38.4082292 38.4082292 303.6625447
0.0451500 0.9689751 43.3659828 43.3659828 303.9138657
0.0504000 0.9652002 48.3037021 48.3037021 304.1570939
0.0567000 0.9604723 54.2038647 54.2038647 304.4306002
0.0640500 0.9557348 61.0526518 61.0526518 304.7318961
0.0714000 0.9504672 67.8655981 67.8655981 305.0247441
0.0798000 0.9445953 75.6090916 75.6090916 305.3358965
0.0892500 0.9381925 84.2586910 84.2586910 305.6736946
0.1008000 0.9297195 94.7522094 94.7522094 306.0353334
0.1123500 0.9222767 105.1526797 105.1526797 306.3703436
0.1260000 0.9148743 117.3510861 117.3510861 306.7401696
0.1417500 0.9057660 131.2933876 131.2933876 307.1200876
0.1585500 0.8965085 146.0219398 146.0219398 307.5466896
0.1785000 0.8846691 163.3018629 163.3018629 307.9477484
0.2005500 0.8732132 182.1557065 182.1557065 308.3618289
0.2247000 0.8619219 202.5507681 202.5507681 308.7430535
0.2520000 0.8519815 225.3173619 225.3173619 309.1872084
0.2824500 0.8398027 250.3854315 250.3854315 309.5143623
0.3171000 0.8274196 278.4921767 278.4921767 309.7864302
0.3549000 0.8148289 308.7189242 308.7189242 310.1292651
0.3990000 0.7990680 343.3099449 343.3099449 310.4502270
0.4473000 0.7852045 380.5022852 380.5022852 310.7311195
0.5019000 0.7724727 421.8651390 421.8651390 311.0536279
0.5628000 0.7553783 467.1503972 467.1503972 311.2734987
0.6310500 0.7389182 516.7568223 516.7568223 311.5487727
0.7087500 0.7234594 572.0548047 572.0548047 311.8225204
0.7948500 0.7048968 631.7935896 631.7935896 311.9190403
0.8914500 0.6878821 697.2506499 697.2506499 312.1411971
1.0006500 0.6699912 769.3878966 769.3878966 312.2464656
1.1227651 0.6553697 848.1327341 848.1327341 312.4051956
1.2594751 0.6388351 934.3304904 934.3304904 312.5298922
1.4127226 0.6234262 1028.3248043 1028.3248043 312.6638172
1.5858151 0.6061004 1131.9541111 1131.9541111 312.7203196
1.7787526 0.5860958 1243.8140579 1243.8140579 312.7568247
1.9959451 0.5701456 1366.0258386 1366.0258386 312.8333582
2.2393220 0.5550357 1499.1660454 1499.1660454 312.8799590
2.5125215 0.5422252 1645.1471526 1645.1471526 313.0465549
2.8192921 0.5225880 1803.6498041 1803.6498041 312.9097642
3.1631068 0.5095866 1975.8505143 1975.8505143 313.1023111
3.5483644 0.4948673 2163.5330118 2163.5330118 313.0453685
3.9810846 0.4845746 2369.2556674 2369.2556674 313.1118584
4.4672872 0.4739658 2596.4035132 2596.4035132 313.1769758
5.0118948 0.4624409 2843.6671991 2843.6671991 313.2743715
5.6245099 0.4460500 3113.9109852 3113.9109852 313.3680998
6.3098094 0.4346344 3408.1372088 3408.1372088 313.2468727
7.0803644 0.4328740 3733.1681148 3733.1681148 313.3101365
7.9440561 0.4226535 4093.2399553 4093.2399553 313.3610549
8.9125633 0.4131165 4487.0314476 4487.0314476 313.4080090
10.0014481 0.4013287 4919.6172058 4919.6172058 313.2554450
11.2210876 0.3889629 5387.4586424 5387.4586424 313.2453249
12.5894367 0.3789077 5897.1420299 5897.1420299 313.4381624
14.1269504 0.3645648 6456.1650119 6456.1650119 313.4421594
15.8491767 0.3575944 7067.6416886 7067.6416886 313.3420940
17.7840324 0.3499796 7734.6360998 7734.6360998 313.3554530
19.9529062 0.3451368 8472.3727009 8472.3727009 313.3876097
22.3872322 0.3412600 9284.4958603 9284.4958603 313.3962833
25.1199938 0.3249743 10167.5150093 10167.5150093 313.3993620
28.1840786 0.3194369 11129.1182975 11129.1182975 313.3019964
31.6237393 0.3206750 12193.8768261 12193.8768261 313.4133290
35.4826072 0.3140496 13379.9293176 13379.9293176 313.2414679
39.8132470 0.3021799 14683.9942135 14683.9942135 313.2275707
44.6694872 0.3007597 16101.0504488 16101.0504488 313.1102751
50.1205675 0.2935604 17681.9810484 17681.9810484 313.2583154
56.2377471 0.2817679 19404.4479014 19404.4479014 313.0059920
63.0967693 0.2813410 21299.5744459 21299.5744459 312.9843205
70.7954662 0.2752398 23407.8809335 23407.8809335 313.0068455
79.4340106 0.2694691 25689.4398794 25689.4398794 312.8947802
89.1259377 0.2652344 28221.4332294 28221.4332294 312.7953105
100.0026275 0.2567296 31025.0904140 31025.0904140 312.7350489
112.2074471 0.2497552 34022.1521379 34022.1521379 312.5809657
125.8964104 0.2452840 37324.1016170 37324.1016170 312.5673533
141.2559945 0.2363970 40970.7316245 40970.7316245 312.3796000
158.4947918 0.2378780 45001.7269429 45001.7269429 312.2190993
177.8326602 0.2287226 49417.0216318 49417.0216318 312.2854338
199.5344894 0.2322829 54294.4739123 54294.4739123 312.0515276
223.8731455 0.2236504 59605.9397672 59605.9397672 311.7729072
251.1895596 0.2090614 65255.0441267 65255.0441267 311.7910679
281.8404883 0.2091085 71382.2232973 71382.2232973 311.4805152
316.2378815 0.2046534 78291.6156073 78291.6156073 311.3492963
354.8252370 0.2049682 85922.5666879 85922.5666879 311.0865553
398.1250863 0.1935520 94276.7152598 94276.7152598 310.8750757
446.6934609 0.1900308 103441.5394623 103441.5394623 310.5884365
501.1903976 0.1772809 113190.1888788 113190.1888788 310.0477133
562.3470481 0.1767432 123860.6237124 123860.6237124 309.8675860
630.9576992 0.1741233 135714.7647884 135714.7647884 309.4920745
707.9626349 0.1658106 148598.2647757 148598.2647757 309.3217122
794.3311114 0.1595740 162605.8108093 162605.8108093 308.9203355
891.2901875 0.1495492 177561.5203379 177561.5203379 308.3564829
1000.0152949 0.1577948 194401.7702048 194401.7702048 307.8083142
1122.0453570 0.1579402 213009.6305772 213009.6305772 307.4023905
1258.9519017 0.1552455 233657.2188331 233657.2188331 306.6934901
1412.6025846 0.1386735 255667.9535870 255667.9535870 306.1885814
1584.9192513 0.1395716 279179.9155467 279179.9155467 305.7292587
1778.3297629 0.1157301 303339.4986819 303339.4986819 305.0794379
1995.3396487 0.1162357 327877.4322570 327877.4322570 304.2999487
2238.7495208 0.1008861 354029.4928966 354029.4928966 303.4315593
2511.9332487 0.0953715 382081.4941504 382081.4941504 302.0767703
2818.4067961 0.1049577 412307.2523650 412307.2523650 301.1092208
3162.3160538 0.1047013 445412.8813226 445412.8813226 300.0147289
3548.2246552 0.1002899 482048.6670215 482048.6670215 299.2313647
3981.0824729 0.1053266 523633.8335984 523633.8335984 298.1529767
4466.8445267 0.0955683 570155.5718280 570155.5718280 297.1778765
5011.9508737 0.0878753 618083.6437778 618083.6437778 295.8991740
5623.4686414 0.0777677 665636.8339791 665636.8339791 294.7658894
6309.6060499 0.0788069 719460.4784206 719460.4784206 293.8384810
7079.5178905 0.0647042 777252.9438858 777252.9438858 292.7278903
7943.3360745 0.0788698 839125.0976766 839125.0976766 291.9969819
8912.5538779 0.0730503 909993.1355447 909993.1355447 291.2203469
10000.0576380 0.0714400 986612.2572995 986612.2572995 290.4000397
11220.2837932 0.0678201 1069356.8943505 1069356.8943505 289.1449393
12589.2832138 0.0701684 1154181.7058270 1154181.7058270 287.9851835
14125.4898594 0.0601888 1246322.8998782 1246322.8998782 287.4664454
15849.0266991 0.0641467 1356387.1367825 1356387.1367825 285.9993679
17782.8284773 0.0598680 1467923.8097878 1467923.8097878 284.9563780
19952.6405589 0.0574958 1585659.5553209 1585659.5553209 283.7352326
22387.3110130 0.0456494 1697596.2471953 1697596.2471953 282.8482107
25118.9399788 0.0433190 1803509.5641430 1803509.5641430 282.1476490
28183.8378200 0.0444041 1936968.8497769 1936968.8497769 281.6174291
31622.8492882 0.0400997 2074930.6057629 2074930.6057629 280.9202473
35481.3448326 0.0389316 2213958.5726454 2213958.5726454 280.8456779
39810.8123001 0.0355608 2356305.6356351 2356305.6356351 280.4352791
44668.4408210 0.0392839 2512082.9033900 2512082.9033900 279.8422736
50118.8218320 0.0288258 2672918.3741102 2672918.3741102 279.1420686
56234.1823694 0.0197912 2851908.3573170 2851908.3573170 278.1941986
63095.8439737 0.0249885 3017119.4411062 3017119.4411062 276.9969902
70794.7386130 0.0194925 3213175.4335583 3213175.4335583 276.3421411
79432.9897122 0.0335289 3425363.5428321 3425363.5428321 276.2317341
89125.2011949 0.0345926 3668413.0326942 3668413.0326942 276.6744157
