1003 0
0 0.99864 4.6662 4.6662
0 0.991409 9.29861 9.29861
0 0.98386 13.8958 13.8958
0 0.970476 22.9976 22.9976
0 0.957641 31.9774 31.9774
0 0.938216 45.2168 45.2168
0 0.885875 87.6928 87.6928
0 0.848478 124.062 124.062
0 0.790711 196.571 196.571
0 0.74483 264.528 264.528
1 0.694431 361.631 361.631
2 0.607455 647.783 647.783
3 0.561534 905.901 905.901
5 0.502921 1375.45 1375.45
7 0.472052 1807.4 1807.4
10 0.444318 2417.37 2417.37
15 0.418934 3381.39 3381.39
20 0.395602 4288.8 4288.8
30 0.375515 5992.58 5992.58
50 0.340395 9162.05 9162.05
70 0.318331 12113.9 12113.9
100 0.307078 16306.4 16306.4
150 0.290232 23073.3 23073.3
200 0.278774 29456 29456
300 0.252287 41191.9 41191.9
500 0.222396 61835.1 61835.1
700 0.219446 81779.1 81779.1
1000 0.191413 109796 109796
1500 0.186858 153039 153039
2000 0.170115 192915 192915
3000 0.15723 264821 264821
5000 0.142085 390684 390684
7000 0.128234 505332 505332
10000 0.131408 679599 679599
15000 0.0955998 918613 918613
20000 0.091057 1.12147e+06 1.12147e+06
