1001 0
0 870.114 0 0
0 0.994561 8.67483 8.67483
0 0.9893 17.3036 17.3036
0 0.984263 25.8871 25.8871
0 0.974236 42.9236 42.9236
0 0.96452 59.7879 59.7879
0 0.950546 84.775 84.775
0 0.908405 165.587 165.587
0 0.871198 242.953 242.953
0 0.810431 389.058 389.058
0 0.763188 525.818 525.818
1 0.708625 717.541 717.541
2 0.596597 1280.13 1280.13
3 0.531686 1768.67 1768.67
5 0.457388 2622.92 2622.92
7 0.414842 3378.87 3378.87
10 0.373141 4403.62 4403.62
15 0.333159 5930.66 5930.66
20 0.30645 7319.29 7319.29
30 0.274991 9838.83 9838.83
50 0.238171 14280.2 14280.2
70 0.217202 18238.6 18238.6
100 0.195006 23601.1 23601.1
150 0.171331 31497 31497
200 0.157829 38549.1 38549.1
300 0.143197 51465.3 51465.3
500 0.117115 74276.7 74276.7
700 0.10907 94146.2 94146.2
1000 0.0867953 120070 120070
1500 0.0772305 155765 155765
2000 0.0804109 188701 188701
3000 0.057276 248202 248202
5000 0.0589983 349917 349917
7000 0.0466612 435808 435808
10000 0.0535016 566572 566572
15000 0.0409059 752096 752096
20000 0.0272507 906694 906694
30000 0.0227914 1.13129e+06 1.13129e+06
40000 0.00973428 1.29763e+06 1.29763e+06
50000 0.0176742 1.46061e+06 1.46061e+06
60000 0.0139515 1.62762e+06 1.62762e+06
70000 0.0258806 1.80783e+06 1.80783e+06
80000 0.0236287 1.98744e+06 1.98744e+06
90000 0.0242027 2.16789e+06 2.16789e+06
100000 0.0173494 2.36637e+06 2.36637e+06
150000 0.0267221 2.98603e+06 2.98602e+06
200000 0.00706337 3.49285e+06 3.49131e+06
300000 0.0164318 5.02317e+06 5.0216e+06
400000 0.00890591 6.34452e+06 6.34286e+06
