1005 0
0 874.905 0 0
0 0.994682 8.7232 8.7232
0 0.98942 17.4004 17.4004
0 0.984566 26.0332 26.0332
0 0.974546 43.1684 43.1684
0 0.964832 60.1317 60.1317
0 0.950426 85.2546 85.2546
0 0.907255 166.476 166.476
0 0.871296 244.211 244.211
0 0.811602 391.193 391.193
0 0.764443 528.96 528.96
1 0.710646 722.172 722.172
2 0.598144 1289.03 1289.03
3 0.535869 1782.41 1782.41
5 0.463206 2649.15 2649.15
7 0.421806 3420.65 3420.65
10 0.37991 4468.23 4468.23
15 0.340581 6035.4 6035.4
20 0.314659 7462.87 7462.87
30 0.279438 10047.7 10047.7
50 0.237695 14531 14531
70 0.213624 18471.5 18471.5
100 0.191576 23781.3 23781.3
150 0.166494 31513.2 31513.2
200 0.151042 38456.4 38456.4
300 0.132944 50833.9 50833.9
500 0.115375 73195.8 73195.8
700 0.100714 91974.8 91974.8
1000 0.0870424 116359 116359
1500 0.0703149 151686 151686
2000 0.0660528 182697 182697
3000 0.0558229 236040 236040
5000 0.0438242 315788 315788
7000 0.0384046 384103 384103
10000 0.0345663 471945 471945
15000 0.0195743 592365 592365
20000 0.0144376 675801 675801
30000 0.011651 826368 826368
40000 0.0100191 927002 927002
50000 0.00346389 993464 992869
60000 0.00566242 1.0701e+06 1.06941e+06
70000 0.0120322 1.15002e+06 1.14867e+06
80000 0.00251375 1.2494e+06 1.24781e+06
90000 0.0188042 1.35556e+06 1.35374e+06
100000 0.00971606 1.48361e+06 1.48179e+06
150000 -4.27703e-05 1.84623e+06 1.82352e+06
200000 0.000237557 2.04739e+06 2.00189e+06
300000 -0.00367532 2.45302e+06 2.35458e+06
400000 -0.00642647 2.63318e+06 2.40624e+06
