7015 -3.6 0 791.952
0.0325500 0.9815636 25.5939723 25.5939723 33.1389510
0.0357000 0.9793587 28.0389605 28.0389605 33.1221869
0.0399000 0.9764411 31.2904318 31.2904318 33.1001849
0.0451500 0.9728284 35.3412057 35.3412057 33.0732286
0.0504000 0.9692532 39.3770519 39.3770519 33.0468617
0.0567000 0.9650114 44.2005802 44.2005802 33.0159711
0.0640500 0.9601300 49.8014967 49.8014967 32.9809289
0.0714000 0.9553190 55.3742350 55.3742350 32.9469154
0.0798000 0.9499059 61.7090940 61.7090940 32.9092491
0.0892500 0.9439223 68.7931968 68.7931968 32.8683413
0.1008000 0.9367576 77.3914323 77.3914323 32.8203399
0.1123500 0.9297486 85.9249157 85.9249157 32.7743999
0.1260000 0.9216647 95.9283917 95.9283917 32.7225888
0.1417500 0.9125909 107.3639061 107.3639061 32.6659069
0.1585500 0.9032111 119.4391093 119.4391093 32.6088291
0.1785000 0.8924539 133.6193707 133.6193707 32.5451723
0.2005500 0.8810223 149.0986603 149.0986603 32.4795275
0.2247000 0.8690157 165.8281443 165.8281443 32.4127032
0.2520000 0.8560533 184.4698879 184.4698879 32.3428298
0.2824500 0.8423001 204.9405886 204.9405886 32.2711353
0.3171000 0.8274945 227.8429848 227.8429848 32.1965723
0.3549000 0.8122973 252.3785314 252.3785314 32.1225780
0.3990000 0.7957131 280.4482001 280.4482001 32.0445361
0.4473000 0.7788031 310.5508905 310.5508905 31.9677849
0.5019000 0.7610885 343.8314279 343.8314279 31.8902232
0.5628000 0.7428811 380.0858186 380.0858186 31.8133537
0.6310500 0.7242229 419.7195071 419.7195071 31.7372783
0.7087500 0.7049124 463.6724068 463.6724068 31.6612391
0.7948500 0.6855529 511.0590628 511.0590628 31.5876812
0.8914500 0.6659911 562.7361350 562.7361350 31.5159557
1.0006500 0.6461329 619.4488667 619.4488667 31.4460017
1.1227651 0.6263313 680.9520812 680.9520812 31.3790401
1.2594751 0.6065241 747.6621808 747.6621808 31.3152957
1.4127226 0.5868238 820.0447378 820.0447378 31.2550127
1.5858151 0.5671342 899.1008710 899.1008710 31.1982450
1.7787526 0.5478298 984.2421579 984.2421579 31.1461169
1.9959451 0.5288415 1076.7948484 1076.7948484 31.0985644
2.2393220 0.5102092 1176.8814716 1176.8814716 31.0561604
2.5125215 0.4920247 1285.2499094 1285.2499094 31.0193028
2.8192921 0.4741782 1402.5579287 1402.5579287 30.9880780
3.1631068 0.4568411 1529.2469406 1529.2469406 30.9628985
3.5483644 0.4399542 1665.9829621 1665.9829621 30.9437754
3.9810846 0.4234844 1813.8615394 1813.8615394 30.9312158
4.4672872 0.4073259 1973.7403222 1973.7403222 30.9255727
5.0118948 0.3914805 2145.9236552 2145.9236552 30.9273538
5.6245099 0.3760868 2332.0038321 2332.0038321 30.9368695
6.3098094 0.3613670 2532.0051235 2532.0051235 30.9544562
7.0803644 0.3476321 2748.2098321 2748.2098321 30.9784181
7.9440561 0.3346021 2981.4266857 2981.4266857 31.0074974
8.9125633 0.3209656 3232.7712353 3232.7712353 31.0405644
10.0014481 0.3086573 3504.0883861 3504.0883861 31.0778226
11.2210876 0.2964467 3796.1799530 3796.1799530 31.1175719
12.5894367 0.2853419 4111.2168409 4111.2168409 31.1606988
14.1269504 0.2750349 4452.3854819 4452.3854819 31.2042287
15.8491767 0.2639475 4819.7581974 4819.7581974 31.2494578
17.7840324 0.2537213 5216.0471832 5216.0471832 31.2958011
19.9529062 0.2441680 5643.1975462 5643.1975462 31.3373455
22.3872322 0.2345389 6104.4105302 6104.4105302 31.3799782
25.1199938 0.2252843 6601.7867133 6601.7867133 31.4179334
28.1840786 0.2160975 7136.5336883 7136.5336883 31.4450853
31.6237393 0.2065367 7711.7544003 7711.7544003 31.4557371
35.4826072 0.1977665 8328.6577194 8328.6577194 31.4482441
39.8132470 0.1941562 9002.0580353 9002.0580353 31.4490836
44.6694872 0.1876025 9735.7561901 9735.7561901 31.4613634
50.1205675 0.1802835 10529.9316866 10529.9316866 31.4606833
56.2377471 0.1748632 11389.1567536 11389.1567536 31.4519800
63.0967693 0.1688912 12323.0806928 12323.0806928 31.4274645
70.7954662 0.1641357 13341.3215322 13341.3215322 31.3825381
79.4340106 0.1589983 14445.3498598 14445.3498598 31.3370241
89.1259377 0.1541497 15642.4829323 15642.4829323 31.2808501
100.0026275 0.1486598 16953.0924783 16953.0924783 31.2231089
112.2074471 0.1414066 18363.3209514 18363.3209514 31.1847609
125.8964104 0.1373528 19864.2800125 19864.2800125 31.1403380
141.2559945 0.1294706 21485.6706767 21485.6706767 31.0477519
158.4947918 0.1286307 23271.1381963 23271.1381963 30.9419458
177.8326602 0.1234487 25194.1096034 25194.1096034 30.8547540
199.5344894 0.1182544 27266.1165495 27266.1165495 30.7122558
223.8731455 0.1105973 29491.8173614 29491.8173614 30.5762611
251.1895596 0.1085983 31884.8755786 31884.8755786 30.4539391
281.8404883 0.1047736 34460.6611263 34460.6611263 30.2936535
316.2378815 0.1023176 37300.0031685 37300.0031685 30.1459249
354.8252370 0.0949204 40327.8885732 40327.8885732 29.9770516
398.1250863 0.0912123 43459.2240896 43459.2240896 29.8045540
446.6934609 0.0910615 46924.4671624 46924.4671624 29.5760804
501.1903976 0.0889329 50676.9199732 50676.9199732 29.3483089
562.3470481 0.0841738 54864.0684683 54864.0684683 29.0889528
630.9576992 0.0801619 59360.3133111 59360.3133111 28.8083338
707.9626349 0.0750821 64110.2833188 64110.2833188 28.5579509
794.3311114 0.0711957 69166.5932978 69166.5932978 28.2537705
891.2901875 0.0659675 74501.3042575 74501.3042575 27.9211414
1000.0152949 0.0633112 80063.7266066 80063.7266066 27.5165394
1122.0453570 0.0585355 85686.6695779 85686.6695779 27.1372928
1258.9519017 0.0544157 91928.6730260 91928.6730260 26.7460252
1412.6025846 0.0553526 98678.2311660 98678.2311660 26.3291098
1584.9192513 0.0555173 106183.7100061 106183.7100061 25.7876942
1778.3297629 0.0524443 114485.3184347 114485.3184347 25.3058698
1995.3396487 0.0475911 123448.4119302 123448.4119302 24.7441070
2238.7495208 0.0486155 132761.5424294 132761.5424294 24.0837169
2511.9332487 0.0451089 143128.7044886 143128.7044886 23.4486748
2818.4067961 0.0432314 154038.1715699 154038.1715699 22.6675093
3162.3160538 0.0377746 164576.3032274 164576.3032274 22.1043738
3548.2246552 0.0332023 176345.9851347 176345.9851347 21.5398016
3981.0824729 0.0306643 187958.9261128 187958.9261128 20.9889528
4466.8445267 0.0340923 200597.7420201 200597.7420201 20.3519617
5011.9508737 0.0368625 214581.7803533 214581.7803533 19.7513638
5623.4686414 0.0264223 230345.9323723 230345.9323723 19.1142998
6309.6060499 0.0230218 245170.2025580 245170.2025580 18.5184906
7079.5178905 0.0243161 259122.5900423 259122.5900423 18.0664383
7943.3360745 0.0317750 276301.0493167 276301.0493167 17.5741313
8912.5538779 0.0293472 298086.8331319 298086.8331319 17.0961147
10000.0576380 0.0191992 320120.3713034 320120.3713034 16.5434144
11220.2837932 0.0187330 339617.7867911 339617.7867911 16.1030957
12589.2832138 0.0215138 362081.9915835 362081.9915835 15.5976608
14125.4898594 0.0192959 388226.3694403 388226.3694403 15.1829069
15849.0266991 0.0154027 416474.3260582 416474.3260582 14.7935659
17782.8284773 0.0194948 440749.8651806 440749.8651806 14.3680995
19952.6405589 0.0110611 466056.4582570 466056.4582570 13.9510548
22387.3110130 0.0130826 488899.8125192 488899.8125192 13.6942512
25118.9399788 0.0118020 518215.9260374 518215.9260374 13.3654924
28183.8378200 0.0172740 559298.9055794 559298.9055794 12.8513531
31622.8492882 0.0137859 603566.5383916 603566.5383916 12.5659319
35481.3448326 0.0090261 640348.4616376 640348.4616376 12.1136747
39810.8123001 0.0087927 670202.6090158 670196.5561120 11.7795007
44668.4408210 0.0088214 713930.1658600 713924.1129562 11.4277591
50118.8218320 0.0144313 767005.5585323 766999.5056285 11.1514936
56234.1823694 0.0133099 829966.3959065 829960.3430027 10.7740671
63095.8439737 0.0115955 891419.9389438 891413.8860400 10.5434305
70794.7386130 0.0217235 964641.3711956 964635.3182918 10.3904956
79432.9897122 0.0171889 1064402.8964996 1064396.8435958 10.0687057
89125.2011949 0.0148997 1167741.6596704 1167735.6067666 9.9565037
100000.1496297 0.0143896 1263783.4328837 1263777.3799799 9.6776097
112201.9339986 0.0121246 1396207.7930934 1396201.7401896 9.4592283
125892.6936390 0.0078208 1534049.9385424 1534043.8856386 9.2736081
141253.8311154 0.0095252 1657081.8075461 1657075.7437508 9.0169702
