1035 0
0 13.8531 -0.408081
1 13.4182 -0.357825
2 11.1803 -0.307584
3 16.877 -0.257368
4 16.2182 -0.207183
5 6.07148 -0.157038
6 5.46184 -0.10694
7 8.96695 -0.0568982
8 9.28617 -0.00691956
9 24.0822 0.0429878
10 13.5289 0.092816
11 18.5098 0.142557
12 16.6975 0.192203
13 32.1983 0.241747
14 18.7754 0.29118
15 18.6188 0.340495
16 29.2673 0.389683
17 35.0211 0.438738
18 21.4534 0.487651
19 19.4183 0.536414
20 17.4483 0.585021
21 15.41 0.633462
22 23.222 0.681731
23 16.1142 0.729821
24 20.3599 0.777722
25 1.7093 0.825429
26 9.89267 0.872932
27 16.2216 0.920226
28 13.8092 0.967302
29 6.08937 1.01415
30 6.74084 1.06077
31 22.4722 1.10715
32 11.4552 1.15328
33 0.37841 1.19916
34 10.8052 1.24477
35 5.85768 1.29012
36 2.01605 1.33519
37 7.76387 1.37997
38 9.91875 1.42447
39 11.1665 1.46867
40 4.9045 1.51256
41 24.2381 1.55615
42 23.5528 1.59941
43 5.0507 1.64235
44 18.1046 1.68496
45 6.21823 1.72723
46 27.1298 1.76916
47 18.8737 1.81073
48 30.8469 1.85194
49 15.514 1.89279
50 24.3271 1.93327
51 17.2777 1.97337
52 16.345 2.01309
53 30.1219 2.05242
54 19.6541 2.09135
55 11.203 2.12988
56 17.8392 2.16799
57 16.0054 2.2057
58 19.9259 2.24298
59 26.1643 2.27984
60 18.0366 2.31626
61 18.4306 2.35225
62 19.2283 2.38779
63 13.5608 2.42289
64 22.5603 2.45753
65 29.4809 2.4917
66 15.1605 2.52542
67 17.2767 2.55866
68 3.53357 2.59142
69 18.3925 2.6237
70 21.6665 2.6555
71 28.0805 2.6868
72 26.3948 2.71761
73 22.0805 2.74792
74 15.1248 2.77772
75 12.9657 2.80701
76 22.2543 2.83578
77 23.1943 2.86403
78 24.668 2.89176
79 24.5138 2.91896
80 19.5215 2.94563
81 15.7784 2.97176
82 9.90456 2.99734
83 23.014 3.02238
84 9.85897 3.04688
85 26.7445 3.07081
86 28.7036 3.09419
87 20.1644 3.11701
88 30.2619 3.13927
89 22.5803 3.16096
90 23.3153 3.18207
91 12.5222 3.20261
92 26.2155 3.22257
93 18.7814 3.24196
94 16.4328 3.26075
95 19.9893 3.27896
96 24.1786 3.29658
97 24.2788 3.31361
98 26.6872 3.33004
99 25.1218 3.34587
100 17.0307 3.3611
101 24.6664 3.37573
102 30.3185 3.38976
103 20.1963 3.40317
104 16.6005 3.41598
105 13.303 3.42817
106 30.9217 3.43975
107 18.0897 3.45072
108 25.5879 3.46107
109 27.4293 3.47079
110 30.2886 3.4799
111 29.0285 3.48839
112 23.6282 3.49625
113 28.8797 3.50349
114 17.6691 3.5101
115 22.3431 3.51609
116 28.7649 3.52145
117 26.1345 3.52618
118 28.1053 3.53028
119 27.0566 3.53375
120 21.9372 3.53659
121 21.9301 3.5388
122 31.835 3.54038
123 19.699 3.54133
124 26.448 3.54164
125 31.3987 3.54133
126 25.1823 3.54038
127 29.4074 3.5388
128 39.1855 3.53659
129 32.0783 3.53375
130 27.9596 3.53028
131 30.9162 3.52618
132 25.2925 3.52145
133 28.7376 3.51609
134 23.6991 3.5101
135 14.2336 3.50349
136 22.6505 3.49625
137 14.109 3.48838
138 31.2959 3.4799
139 27.9904 3.47079
140 15.499 3.46106
141 19.5418 3.45071
142 23.0475 3.43975
143 25.8974 3.42817
144 23.3126 3.41597
145 26.1379 3.40317
146 16.521 3.38975
147 17.2932 3.37573
148 23.5558 3.3611
149 13.1412 3.34586
150 17.5278 3.33003
151 25.7918 3.3136
152 24.6858 3.29657
153 19.6849 3.27895
154 18.0335 3.26074
155 11.8099 3.24195
156 16.7417 3.22257
157 18.2244 3.2026
158 9.5887 3.18206
159 24.2909 3.16095
160 19.3005 3.13926
161 16.284 3.117
162 13.8519 3.09418
163 23.7842 3.0708
164 12.4773 3.04686
165 22.5509 3.02237
166 20.9043 2.99733
167 15.5815 2.97174
168 22.8837 2.94561
169 15.5774 2.91895
170 3.68082 2.89175
171 12.4988 2.86402
172 13.2685 2.83577
173 14.2281 2.80699
174 3.06635 2.7777
175 17.7608 2.7479
176 10.5704 2.7176
177 -0.506436 2.68679
178 3.82544 2.65548
179 7.545 2.62369
180 10.9665 2.5914
181 10.074 2.55864
182 13.7404 2.5254
183 6.83052 2.49169
184 9.35072 2.45751
185 -3.0912 2.42287
186 1.40336 2.38778
187 7.48143 2.35223
188 12.4492 2.31625
189 6.55139 2.27982
190 -1.11115 2.24296
191 9.07311 2.20568
192 7.7591 2.16798
193 -1.86828 2.12986
194 0.0335721 2.09133
195 -6.67651 2.0524
196 -4.21632 2.01307
197 -6.93023 1.97335
198 -3.20167 1.93325
199 -17.0396 1.89277
200 -9.924 1.85192
201 -1.59585 1.81071
202 -6.05061 1.76913
203 -11.8851 1.72721
204 -6.64006 1.68494
205 -1.54432 1.64233
206 -3.7558 1.59939
207 -10.9778 1.55612
208 -11.1775 1.51254
209 -17.7071 1.46865
210 -16.2327 1.42445
211 -12.2039 1.37995
212 -12.3697 1.33516
213 -23.0292 1.29009
214 -24.969 1.24475
215 -23.2473 1.19913
216 -22.7306 1.15326
217 -10.3588 1.10713
218 -17.0811 1.06075
219 -20.4013 1.01413
220 -34.5211 0.967279
221 -11.1144 0.920203
222 -23.8957 0.872909
223 -16.4635 0.825405
224 -26.5333 0.777699
225 -22.0036 0.729797
226 -27.9961 0.681708
227 -27.2759 0.633438
228 -23.3382 0.584997
229 -27.029 0.53639
230 -32.3658 0.487627
231 -17.9072 0.438714
232 -32.7548 0.389659
233 -40.1072 0.34047
234 -32.3604 0.291156
235 -32.2014 0.241723
236 -34.9293 0.192179
237 -35.0735 0.142533
238 -39.9673 0.0927916
239 -33.215 0.0429633
240 -33.7095 -0.0069441
241 -42.8549 -0.0569228
242 -42.5976 -0.106965
243 -41.4316 -0.157062
244 -40.14 -0.207208
245 -36.4986 -0.257392
246 -40.1386 -0.307609
247 -43.1127 -0.357849
248 -44.5936 -0.408106
249 -53.4173 -0.45837
250 -44.3579 -0.508634
251 -48.9342 -0.55889
252 -37.4093 -0.60913
253 -49.9514 -0.659347
254 -56.4725 -0.709532
255 -49.6127 -0.759677
256 -44.0435 -0.809774
257 -54.2476 -0.859816
258 -52.3442 -0.909795
259 -49.6759 -0.959703
260 -61.4288 -1.00953
261 -56.7602 -1.05927
262 -56.8985 -1.10892
263 -50.7204 -1.15846
264 -60.0305 -1.20789
265 -44.0454 -1.25721
266 -64.987 -1.3064
267 -57.9152 -1.35545
268 -54.486 -1.40437
269 -49.7264 -1.45313
270 -57.6961 -1.50174
271 -57.0164 -1.55018
272 -47.3923 -1.59845
273 -49.548 -1.64654
274 -63.4938 -1.69444
275 -61.1487 -1.74214
276 -59.1345 -1.78965
277 -67.679 -1.83694
278 -68.1816 -1.88402
279 -63.4485 -1.93087
280 -64.5331 -1.97749
281 -62.5979 -2.02386
282 -60.8593 -2.06999
283 -62.3709 -2.11587
284 -60.5912 -2.16149
285 -57.8812 -2.20683
286 -64.6692 -2.2519
287 -55.5737 -2.29669
288 -68.6481 -2.34118
289 -69.8337 -2.38538
290 -66.7969 -2.42928
291 -65.1505 -2.47286
292 -67.9775 -2.51613
293 -65.2571 -2.55907
294 -55.146 -2.60167
295 -73.8636 -2.64395
296 -81.1691 -2.68587
297 -59.7036 -2.72744
298 -66.5916 -2.76866
299 -72.7016 -2.80951
300 -64.7651 -2.84999
301 -57.1858 -2.89009
302 -65.0116 -2.92981
303 -68.7867 -2.96913
304 -63.4551 -3.00806
305 -60.2849 -3.04659
306 -69.8936 -3.08471
307 -70.7613 -3.12241
308 -78.9814 -3.1597
309 -76.2034 -3.19655
310 -69.562 -3.23298
311 -90.5813 -3.26897
312 -74.1594 -3.30451
313 -73.954 -3.3396
314 -75.1522 -3.37424
315 -78.505 -3.40842
316 -68.8736 -3.44213
317 -76.7985 -3.47537
318 -74.2805 -3.50814
319 -80.1019 -3.54042
320 -79.3407 -3.57221
321 -81.6993 -3.60352
322 -68.8325 -3.63433
323 -69.4105 -3.66463
324 -79.623 -3.69443
325 -85.4797 -3.72372
326 -79.4543 -3.75249
327 -75.5826 -3.78075
328 -68.4811 -3.80848
329 -84.686 -3.83568
330 -76.588 -3.86234
331 -75.8695 -3.88847
332 -70.2833 -3.91406
333 -69.5272 -3.9391
334 -66.6891 -3.96359
335 -71.4701 -3.98753
336 -68.3373 -4.01091
337 -73.0063 -4.03373
338 -76.4519 -4.05598
339 -70.7909 -4.07767
340 -75.8728 -4.09879
341 -65.5237 -4.11933
342 -67.8404 -4.13929
343 -73.6391 -4.15867
344 -78.1849 -4.17747
345 -80.8697 -4.19568
346 -82.7938 -4.2133
347 -70.6098 -4.23032
348 -73.7288 -4.24675
349 -71.1563 -4.26259
350 -69.4673 -4.27782
351 -81.2193 -4.29245
352 -80.2885 -4.30647
353 -75.6936 -4.31989
354 -79.3046 -4.33269
355 -74.7488 -4.34489
356 -74.1489 -4.35647
357 -84.3448 -4.36743
358 -74.1209 -4.37778
359 -73.4052 -4.38751
360 -68.0476 -4.39662
361 -64.2808 -4.4051
362 -70.0003 -4.41297
363 -70.9913 -4.4202
364 -64.6398 -4.42682
365 -71.8482 -4.4328
366 -69.1471 -4.43816
367 -70.0052 -4.44289
368 -76.1763 -4.44699
369 -65.7462 -4.45047
370 -76.9221 -4.45331
371 -65.2361 -4.45552
372 -67.3173 -4.45709
373 -73.5359 -4.45804
374 -70.513 -4.45836
375 -71.4551 -4.45804
376 -64.1943 -4.45709
377 -70.08 -4.45552
378 -69.5028 -4.4533
379 -72.9515 -4.45046
380 -69.8707 -4.44699
381 -68.8692 -4.44289
382 -57.3229 -4.43816
383 -60.3395 -4.4328
384 -59.1996 -4.42681
385 -65.9463 -4.4202
386 -70.4282 -4.41296
387 -74.0771 -4.4051
388 -64.4977 -4.39661
389 -70.6225 -4.3875
390 -61.3186 -4.37778
391 -70.6017 -4.36743
392 -51.0627 -4.35646
393 -59.2724 -4.34488
394 -68.9446 -4.33269
395 -68.6591 -4.31988
396 -74.3815 -4.30647
397 -66.5096 -4.29244
398 -59.1322 -4.27781
399 -56.5039 -4.26258
400 -57.5272 -4.24675
401 -57.6898 -4.23032
402 -70.1474 -4.21329
403 -56.8532 -4.19567
404 -65.1504 -4.17746
405 -66.0018 -4.15866
406 -61.7327 -4.13928
407 -60.6861 -4.11932
408 -60.7622 -4.09878
409 -63.513 -4.07766
410 -53.609 -4.05597
411 -58.4951 -4.03372
412 -66.7103 -4.0109
413 -52.8491 -3.98752
414 -59.9984 -3.96358
415 -62.3723 -3.93909
416 -63.8678 -3.91405
417 -44.0263 -3.88846
418 -48.6809 -3.86233
419 -47.0652 -3.83566
420 -50.0551 -3.80846
421 -37.4394 -3.78073
422 -51.8408 -3.75248
423 -49.1183 -3.72371
424 -52.1314 -3.69442
425 -56.8932 -3.66462
426 -46.2433 -3.63431
427 -43.7502 -3.6035
428 -44.1709 -3.5722
429 -49.6113 -3.5404
430 -42.6762 -3.50812
431 -39.198 -3.47536
432 -54.2199 -3.44211
433 -48.8602 -3.4084
434 -48.9615 -3.37422
435 -40.2839 -3.33959
436 -29.8981 -3.30449
437 -43.3236 -3.26895
438 -30.8824 -3.23296
439 -29.7053 -3.19654
440 -47.777 -3.15968
441 -38.6227 -3.1224
442 -26.0872 -3.08469
443 -32.1659 -3.04657
444 -27.2484 -3.00804
445 -20.2066 -2.96911
446 -36.8641 -2.92979
447 -27.9955 -2.89007
448 -34.2052 -2.84997
449 -24.515 -2.80949
450 -28.855 -2.76864
451 -25.9493 -2.72742
452 -27.2882 -2.68585
453 -25.0171 -2.64393
454 -25.9385 -2.60165
455 -31.3277 -2.55905
456 -24.1859 -2.51611
457 -24.3949 -2.47284
458 -39.5812 -2.42926
459 -25.1119 -2.38536
460 -21.6502 -2.34116
461 -22.671 -2.29667
462 -24.0356 -2.25188
463 -23.4667 -2.20681
464 -19.0787 -2.16146
465 -12.7198 -2.11585
466 -2.77344 -2.06997
467 -12.1215 -2.02384
468 -11.2542 -1.97746
469 -17.0808 -1.93084
470 -13.9258 -1.88399
471 -6.76297 -1.83692
472 -5.34334 -1.78962
473 -8.21692 -1.74212
474 -2.21737 -1.69441
475 -3.45832 -1.64651
476 3.99478 -1.59842
477 -0.918793 -1.55015
478 -12.9608 -1.50171
479 -1.92448 -1.45311
480 1.56451 -1.40434
481 1.83725 -1.35543
482 0.325643 -1.30637
483 14.1483 -1.25719
484 8.61814 -1.20787
485 7.26305 -1.15844
486 17.1922 -1.10889
487 17.7277 -1.05925
488 16.7857 -1.00951
489 21.2632 -0.959679
490 9.67394 -0.909771
491 10.5521 -0.859793
492 7.12706 -0.809751
493 20.3432 -0.759653
494 16.9772 -0.709508
495 18.3144 -0.659323
496 17.6054 -0.609107
497 26.776 -0.558866
498 14.8129 -0.50861
499 28.8669 -0.458346
500 17.0287 -0.408082
501 19.8824 -0.357825
502 14.7406 -0.307585
503 16.8739 -0.257369
504 19.3964 -0.207184
505 17.3042 -0.157039
506 36.4266 -0.106941
507 25.4688 -0.0568991
508 24.9841 -0.0069204
509 30.8751 0.042987
510 28.3257 0.0928152
511 28.5759 0.142556
512 22.3309 0.192203
513 41.8463 0.241746
514 27.0266 0.291179
515 37.5323 0.340494
516 32.0217 0.389682
517 29.0891 0.438737
518 29.0033 0.48765
519 26.0145 0.536413
520 35.6332 0.58502
521 33.0592 0.633461
522 36.0131 0.681731
523 32.3961 0.72982
524 33.1265 0.777722
525 36.2082 0.825428
526 39.0647 0.872932
527 35.8543 0.920225
528 32.0151 0.967301
529 38.8045 1.01415
530 26.5885 1.06077
531 38.3526 1.10715
532 48.3285 1.15328
533 45.1963 1.19916
534 35.8095 1.24477
535 30.9403 1.29012
536 39.2168 1.33519
537 43.5305 1.37997
538 51.1034 1.42447
539 43.0221 1.46867
540 38.1429 1.51256
541 36.2078 1.55615
542 47.9351 1.59941
543 48.3072 1.64235
544 50.5214 1.68496
545 56.718 1.72723
546 54.0649 1.76915
547 45.1306 1.81073
548 49.8814 1.85194
549 45.5171 1.89279
550 52.9912 1.93327
551 50.3885 1.97337
552 45.1169 2.01309
553 45.3486 2.05242
554 51.0276 2.09135
555 57.6149 2.12988
556 55.3207 2.16799
557 53.7046 2.2057
558 53.0668 2.24298
559 54.0551 2.27984
560 52.8142 2.31626
561 43.1759 2.35225
562 55.7593 2.38779
563 56.4027 2.42289
564 52.6546 2.45752
565 58.1253 2.4917
566 45.2052 2.52541
567 53.0897 2.55866
568 47.1956 2.59142
569 68.1129 2.6237
570 55.4294 2.6555
571 49.4007 2.6868
572 62.2406 2.71761
573 48.8522 2.74792
574 56.4402 2.77772
575 53.505 2.80701
576 54.0932 2.83578
577 60.3068 2.86403
578 57.2391 2.89176
579 67.272 2.91896
580 48.3899 2.94563
581 60.9774 2.97176
582 53.269 2.99734
583 58.0756 3.02238
584 42.8541 3.04687
585 66.5085 3.07081
586 48.3545 3.09419
587 51.2577 3.11701
588 50.5915 3.13927
589 56.5842 3.16096
590 55.6646 3.18207
591 50.2232 3.20261
592 58.0625 3.22257
593 57.3992 3.24196
594 51.8599 3.26075
595 53.4305 3.27896
596 59.3309 3.29658
597 56.7237 3.31361
598 60.9852 3.33004
599 61.634 3.34587
600 59.1283 3.3611
601 51.2069 3.37573
602 62.3495 3.38976
603 48.5623 3.40317
604 53.8762 3.41598
605 66.3072 3.42817
606 48.132 3.43975
607 54.233 3.45072
608 64.4782 3.46106
609 60.8935 3.47079
610 74.778 3.4799
611 61.6887 3.48839
612 65.686 3.49625
613 66.0998 3.50349
614 61.9598 3.5101
615 54.8964 3.51609
616 46.5276 3.52145
617 50.0059 3.52618
618 53.3632 3.53028
619 56.7014 3.53375
620 50.5601 3.53659
621 54.4905 3.5388
622 52.9892 3.54038
623 52.4569 3.54133
624 51.189 3.54164
625 55.0526 3.54133
626 50.8429 3.54038
627 63.5029 3.5388
628 50.6443 3.53659
629 52.9421 3.53375
630 49.4315 3.53028
631 48.7448 3.52618
632 51.8159 3.52145
633 52.5652 3.51609
634 50.5558 3.5101
635 36.2592 3.50349
636 52.6309 3.49625
637 49.2601 3.48838
638 48.6026 3.4799
639 37.7536 3.47079
640 43.5951 3.46106
641 53.5098 3.45071
642 55.3071 3.43975
643 48.8323 3.42817
644 48.3575 3.41597
645 46.8034 3.40317
646 42.5712 3.38975
647 40.704 3.37573
648 55.6014 3.3611
649 44.1538 3.34586
650 49.3969 3.33003
651 39.1692 3.3136
652 30.7303 3.29657
653 42.0533 3.27895
654 46.9844 3.26074
655 46.3581 3.24195
656 37.4182 3.22257
657 33.987 3.2026
658 34.2147 3.18206
659 37.323 3.16095
660 27.2041 3.13926
661 42.4436 3.117
662 30.4718 3.09418
663 50.1038 3.0708
664 40.1293 3.04686
665 44.1932 3.02237
666 44.0718 2.99733
667 29.1917 2.97174
668 26.9496 2.94561
669 29.8584 2.91895
670 23.8414 2.89175
671 27.5439 2.86402
672 36.6288 2.83577
673 36.3034 2.80699
674 23.3533 2.7777
675 29.1264 2.7479
676 33.8242 2.7176
677 23.8928 2.68679
678 29.0237 2.65548
679 17.8284 2.62369
680 11.8481 2.59141
681 22.4377 2.55864
682 21.2305 2.5254
683 13.7667 2.49169
684 9.86427 2.45751
685 19.8745 2.42287
686 22.0918 2.38778
687 13.3869 2.35223
688 -2.6112 2.31625
689 14.8616 2.27982
690 13.6611 2.24297
691 16.4687 2.20568
692 12.6023 2.16798
693 7.55713 2.12986
694 8.53989 2.09133
695 10.7087 2.0524
696 13.0943 2.01307
697 9.21068 1.97335
698 14.2537 1.93325
699 0.751139 1.89277
700 11.1521 1.85192
701 2.02987 1.81071
702 0.993914 1.76914
703 3.76171 1.72721
704 7.59608 1.68494
705 0.589794 1.64233
706 -9.03045 1.59939
707 1.94936 1.55613
708 -9.60059 1.51254
709 2.95681 1.46865
710 13.6844 1.42445
711 -6.0066 1.37995
712 -7.04587 1.33517
713 -0.240731 1.2901
714 -15.1226 1.24475
715 -7.82253 1.19913
716 -5.19651 1.15326
717 10.0408 1.10713
718 -4.51491 1.06075
719 -0.839681 1.01413
720 -3.7087 0.967279
721 -11.9934 0.920203
722 -19.3379 0.87291
723 -6.65219 0.825406
724 -23.6128 0.7777
725 -14.5543 0.729798
726 -8.08226 0.681709
727 -18.5967 0.633439
728 -17.0899 0.584998
729 -20.6686 0.536391
730 -27.1361 0.487627
731 -22.4932 0.438714
732 -18.6993 0.38966
733 -17.2106 0.340471
734 -11.582 0.291157
735 -18.146 0.241724
736 -18.3807 0.19218
737 -26.1864 0.142534
738 -34.4804 0.0927924
739 -31.9548 0.0429642
740 -28.8451 -0.00694326
741 -30.4056 -0.0569219
742 -28.598 -0.106964
743 -36.9008 -0.157062
744 -27.8709 -0.207207
745 -34.6197 -0.257392
746 -26.9685 -0.307608
747 -36.2336 -0.357848
748 -30.9628 -0.408105
749 -22.336 -0.458369
750 -33.4219 -0.508633
751 -39.8803 -0.558889
752 -40.0262 -0.60913
753 -37.9793 -0.659346
754 -37.1402 -0.709531
755 -34.5448 -0.759676
756 -36.2003 -0.809774
757 -47.0021 -0.859816
758 -51.3306 -0.909794
759 -33.1169 -0.959702
760 -49.4683 -1.00953
761 -49.4659 -1.05927
762 -52.3617 -1.10892
763 -39.2259 -1.15846
764 -52.3957 -1.20789
765 -41.2435 -1.25721
766 -44.2799 -1.3064
767 -46.9285 -1.35545
768 -48.1313 -1.40436
769 -50.4999 -1.45313
770 -53.7339 -1.50173
771 -51.2093 -1.55018
772 -54.0104 -1.59845
773 -63.2726 -1.64653
774 -55.6259 -1.69444
775 -57.9004 -1.74214
776 -62.8288 -1.78965
777 -58.6626 -1.83694
778 -50.9335 -1.88402
779 -59.601 -1.93087
780 -52.356 -1.97748
781 -49.5629 -2.02386
782 -54.2397 -2.06999
783 -48.7025 -2.11587
784 -53.4389 -2.16148
785 -60.1395 -2.20683
786 -56.9145 -2.2519
787 -59.1953 -2.29669
788 -48.03 -2.34118
789 -52.8378 -2.38538
790 -52.8181 -2.42928
791 -67.7055 -2.47286
792 -53.4207 -2.51613
793 -64.3154 -2.55907
794 -67.5819 -2.60167
795 -74.931 -2.64394
796 -64.7737 -2.68587
797 -51.964 -2.72744
798 -57.3225 -2.76866
799 -64.0489 -2.80951
800 -66.6745 -2.84999
801 -52.1126 -2.89009
802 -61.1611 -2.9298
803 -55.5246 -2.96913
804 -62.5223 -3.00806
805 -66.6433 -3.04659
806 -68.2764 -3.08471
807 -71.1833 -3.12241
808 -65.2771 -3.1597
809 -67.6745 -3.19655
810 -78.7208 -3.23298
811 -80.7783 -3.26897
812 -82.9105 -3.30451
813 -81.4867 -3.3396
814 -79.0049 -3.37424
815 -82.3711 -3.40842
816 -78.4809 -3.44213
817 -85.8424 -3.47537
818 -75.8133 -3.50813
819 -76.9202 -3.54042
820 -69.8421 -3.57221
821 -75.7291 -3.60352
822 -77.3993 -3.63433
823 -70.7804 -3.66463
824 -73.3538 -3.69443
825 -74.9089 -3.72372
826 -72.3032 -3.75249
827 -78.9647 -3.78075
828 -79.4907 -3.80848
829 -74.5381 -3.83568
830 -78.0691 -3.86234
831 -75.1823 -3.88847
832 -81.9183 -3.91406
833 -83.4541 -3.9391
834 -84.5615 -3.96359
835 -78.2387 -3.98753
836 -73.8953 -4.01091
837 -81.7692 -4.03373
838 -75.8755 -4.05598
839 -72.7113 -4.07767
840 -83.9094 -4.09879
841 -88.2817 -4.11933
842 -67.2265 -4.13929
843 -74.1024 -4.15867
844 -81.507 -4.17747
845 -74.939 -4.19568
846 -75.7484 -4.2133
847 -75.5046 -4.23032
848 -84.1407 -4.24675
849 -76.1828 -4.26259
850 -85.157 -4.27782
851 -79.7984 -4.29245
852 -77.1717 -4.30647
853 -79.3439 -4.31989
854 -75.6848 -4.33269
855 -82.1026 -4.34489
856 -70.2588 -4.35647
857 -75.9203 -4.36743
858 -73.6432 -4.37778
859 -74.2308 -4.38751
860 -72.2183 -4.39662
861 -75.0583 -4.4051
862 -78.2901 -4.41297
863 -61.6716 -4.4202
864 -83.1016 -4.42682
865 -79.7644 -4.4328
866 -75.8615 -4.43816
867 -66.0871 -4.44289
868 -68.3361 -4.44699
869 -79.107 -4.45047
870 -79.7997 -4.45331
871 -73.7069 -4.45552
872 -74.6331 -4.45709
873 -78.5707 -4.45804
874 -65.8696 -4.45836
875 -82.1575 -4.45804
876 -69.1043 -4.45709
877 -70.985 -4.45552
878 -60.6906 -4.4533
879 -63.1244 -4.45046
880 -65.654 -4.44699
881 -65.1107 -4.44289
882 -69.6551 -4.43816
883 -67.8123 -4.4328
884 -62.2979 -4.42681
885 -66.6767 -4.4202
886 -72.2189 -4.41296
887 -63.4073 -4.4051
888 -61.4307 -4.39661
889 -68.8283 -4.3875
890 -63.906 -4.37778
891 -70.5535 -4.36743
892 -60.1677 -4.35646
893 -59.736 -4.34488
894 -60.8221 -4.33269
895 -70.7872 -4.31988
896 -69.0892 -4.30647
897 -56.7337 -4.29244
898 -57.9693 -4.27781
899 -50.9131 -4.26258
900 -63.6264 -4.24675
901 -51.4523 -4.23032
902 -71.9741 -4.21329
903 -61.7961 -4.19567
904 -64.5497 -4.17746
905 -54.2973 -4.15866
906 -56.5927 -4.13928
907 -57.1163 -4.11932
908 -43.4522 -4.09878
909 -58.1232 -4.07766
910 -58.1454 -4.05597
911 -59.4317 -4.03372
912 -60.3685 -4.0109
913 -43.7857 -3.98752
914 -44.0747 -3.96358
915 -53.079 -3.93909
916 -49.5236 -3.91405
917 -43.4758 -3.88846
918 -46.7926 -3.86233
919 -56.5726 -3.83566
920 -49.3868 -3.80846
921 -57.0072 -3.78074
922 -44.1681 -3.75248
923 -52.2281 -3.72371
924 -48.8576 -3.69442
925 -42.3973 -3.66462
926 -59.9812 -3.63431
927 -55.6269 -3.6035
928 -45.3596 -3.5722
929 -47.4689 -3.5404
930 -50.2011 -3.50812
931 -40.5165 -3.47536
932 -48.1359 -3.44211
933 -39.7971 -3.4084
934 -46.2386 -3.37422
935 -35.3336 -3.33959
936 -40.3597 -3.30449
937 -41.4286 -3.26895
938 -36.0725 -3.23296
939 -37.6745 -3.19654
940 -33.4419 -3.15968
941 -35.0906 -3.1224
942 -50.3762 -3.08469
943 -34.7547 -3.04657
944 -29.2836 -3.00805
945 -36.7266 -2.96911
946 -29.7457 -2.92979
947 -32.6669 -2.89007
948 -30.5817 -2.84997
949 -28.3504 -2.80949
950 -26.1031 -2.76864
951 -30.381 -2.72742
952 -29.9444 -2.68585
953 -30.1667 -2.64393
954 -31.2677 -2.60166
955 -23.51 -2.55905
956 -18.1278 -2.51611
957 -24.2833 -2.47284
958 -28.696 -2.42926
959 -21.9327 -2.38536
960 -7.62108 -2.34116
961 -26.1725 -2.29667
962 -16.3421 -2.25188
963 -17.6681 -2.20681
964 -14.6859 -2.16146
965 -9.55795 -2.11585
966 -14.1362 -2.06997
967 -8.94851 -2.02384
968 -16.0622 -1.97746
969 -9.58091 -1.93085
970 -17.7456 -1.88399
971 -5.25944 -1.83692
972 -11.9318 -1.78963
973 -4.10295 -1.74212
974 -7.22454 -1.69442
975 -3.72415 -1.64651
976 3.70214 -1.59842
977 -1.39605 -1.55015
978 -12.1169 -1.50171
979 -1.87413 -1.45311
980 -0.234264 -1.40434
981 4.2053 -1.35543
982 -4.61286 -1.30638
983 1.32513 -1.25719
984 0.260129 -1.20787
985 7.6636 -1.15844
986 -1.24805 -1.1089
987 1.75195 -1.05925
988 14.3933 -1.00951
989 15.7411 -0.95968
990 22.564 -0.909772
991 11.502 -0.859794
992 11.7265 -0.809752
993 5.96185 -0.759654
994 5.76214 -0.709509
995 11.6987 -0.659324
996 5.35606 -0.609107
997 10.6293 -0.558867
998 7.42207 -0.508611
999 13.3534 -0.458347
