1000 0
0 79.2289 0 0
0 0.994612 0.789935 0.789935
0 0.989325 1.57564 1.57564
0 0.98414 2.35721 2.35721
0 0.97407 3.90823 3.90823
0 0.96439 5.44361 5.44361
0 0.950561 7.7187 7.7187
0 0.909688 15.0814 15.0814
0 0.875366 22.1476 22.1476
0 0.820622 35.562 35.562
0 0.778317 48.2156 48.2156
1 0.72939 66.1042 66.1042
2 0.62911 119.471 119.471
3 0.572082 166.881 166.881
5 0.506278 251.769 251.769
7 0.467441 328.691 328.691
10 0.430447 435.05 435.05
15 0.393355 597.543 597.543
20 0.370237 748.489 748.489
30 0.34077 1029.15 1029.15
50 0.308187 1540.58 1540.58
70 0.28861 2012.3 2012.3
100 0.269608 2674.16 2674.16
150 0.249903 3699.94 3699.94
200 0.236084 4661.4 4661.4
300 0.217208 6450.63 6450.63
500 0.195495 9700.22 9700.22
700 0.183279 12696.5 12696.5
1000 0.167944 16855.5 16855.5
1500 0.157526 23258.8 23258.8
2000 0.152103 29423.1 29423.1
3000 0.14576 41106.6 41106.6
5000 0.144095 63990.6 63990.6
7000 0.146597 87003.1 87003.1
10000 0.149106 122082 122082
15000 0.152751 182182 182182
20000 0.151884 242423 242423
30000 0.151864 362732 362732
40000 0.151871 483057 483057
50000 0.151871 603381 603381
60000 0.151871 723707 723707
70000 0.151871 844033 844033
80000 0.151871 964360 964360
90000 0.151871 1.08468e+06 1.08468e+06
100000 0.151871 1.20501e+06 1.20501e+06
150000 0.151871 1.80664e+06 1.80664e+06
200000 0.151871 2.40827e+06 2.40827e+06
300000 0.151871 3.61153e+06 3.61153e+06
400000 0.151838 4.81478e+06 4.81478e+06
500000 0.150757 6.01806e+06 6.01806e+06
600000 0.145556 7.21986e+06 7.21986e+06
700000 0.0946966 8.21805e+06 8.21805e+06
800000 0.0869155 8.99449e+06 8.99449e+06
900000 0.090908 9.73556e+06 9.73556e+06
1000000 0.0579318 1.0332e+07 1.0332e+07
1500000 0.0829822 1.30489e+07 1.30489e+07
