1007 0
0 84.3914 0 0
0 0.995226 0.841692 0.841692
0 0.990554 1.6794 1.6794
0 0.985979 2.51321 2.51321
0 0.977118 4.16947 4.16947
0 0.968621 5.8111 5.8111
0 0.9565 8.24739 8.24739
0 0.920802 16.1626 16.1626
0 0.890928 23.8025 23.8025
0 0.843245 38.4164 38.4164
0 0.806345 52.324 52.324
1 0.763494 72.1691 72.1691
2 0.674415 132.432 132.432
3 0.622614 186.998 186.998
5 0.561971 286.438 286.438
7 0.525996 378.034 378.034
10 0.491437 506.489 506.489
15 0.456771 705.874 705.874
20 0.434917 893.702 893.702
30 0.407306 1248.06 1248.06
50 0.376372 1906.72 1906.72
70 0.3576 2525.21 2525.21
100 0.337226 3403.8 3403.8
150 0.312615 4771.65 4771.65
200 0.295143 6051.68 6051.68
300 0.274225 8443.86 8443.86
500 0.245045 12825.2 12825.2
700 0.226872 16790.6 16790.6
1000 0.21901 22362.5 22362.5
1500 0.205436 31244.9 31244.9
2000 0.186846 39549.3 39549.3
3000 0.162056 54128.2 54128.2
5000 0.157509 80494.3 80494.3
7000 0.137056 104767 104767
10000 0.135968 139304 139304
15000 0.12863 195615 195615
20000 0.132746 251100 251100
30000 0.133145 363376 363376
40000 0.133143 475738 475738
50000 0.133143 588099 588099
60000 0.133143 700460 700460
70000 0.133143 812822 812822
80000 0.133143 925184 925184
90000 0.133143 1.03754e+06 1.03754e+06
100000 0.133143 1.14991e+06 1.14991e+06
150000 0.133143 1.71171e+06 1.71171e+06
200000 0.133143 2.27352e+06 2.27352e+06
300000 0.133143 3.39714e+06 3.39714e+06
400000 0.133002 4.52082e+06 4.52082e+06
500000 0.13283 5.65077e+06 5.65077e+06
600000 0.131039 6.78843e+06 6.78843e+06
700000 0.0885887 7.74243e+06 7.74243e+06
800000 0.0721352 8.44617e+06 8.44617e+06
900000 0.0827605 9.10931e+06 9.10931e+06
1000000 0.0483994 9.72063e+06 9.72063e+06
1500000 0.0842812 1.21725e+07 1.21725e+07
