1004 0
1 0.709315 729.554 729.554
2 0.600917 1299.62 1299.62
3 0.535974 1797.24 1797.24
5 0.462745 2666.16 2666.16
7 0.419226 3437.06 3437.06
10 0.380217 4486.21 4486.21
15 0.338028 6055.01 6055.01
20 0.314256 7483.4 7483.4
30 0.284916 10088.7 10088.7
50 0.252115 14781 14781
70 0.228798 19014 19014
100 0.213258 24878.7 24878.7
150 0.197161 33823 33823
200 0.183004 42141.9 42141.9
300 0.164612 57263.8 57263.8
500 0.150121 84304.4 84304.4
700 0.13495 108696 108696
1000 0.119284 142138 142138
1500 0.106632 192209 192209
2000 0.0980452 237312 237312
3000 0.0825357 316450 316450
5000 0.0717941 450604 450604
7000 0.0576903 562851 562851
10000 0.0563427 721250 721250
15000 0.0555153 960922 960922
20000 0.0534606 1.20041e+06 1.20041e+06
30000 0.051099 1.67164e+06 1.67164e+06
40000 0.0507926 2.1249e+06 2.1249e+06
50000 0.0492253 2.55553e+06 2.55553e+06
60000 0.044641 2.97304e+06 2.97304e+06
70000 0.0450723 3.36943e+06 3.36943e+06
80000 0.0457513 3.77108e+06 3.77108e+06
90000 0.0447499 4.16933e+06 4.16933e+06
100000 0.0448225 4.5624e+06 4.5624e+06
