1007 0
1 0.706871 721.196 721.196
2 0.596427 1283.27 1283.27
3 0.532474 1772.44 1772.44
5 0.458257 2627.69 2627.69
7 0.415675 3385.74 3385.74
10 0.375775 4411.9 4411.9
15 0.334368 5954.85 5954.85
20 0.310164 7353.14 7353.14
30 0.277821 9901.02 9901.02
50 0.243454 14435.5 14435.5
70 0.223842 18498.9 18498.9
100 0.207701 24164.2 24164.2
150 0.190552 32819.8 32819.8
200 0.174902 40780.2 40780.2
300 0.159771 55340.3 55340.3
500 0.140327 81485.6 81485.6
700 0.127035 104867 104867
1000 0.114489 136772 136772
1500 0.104498 184017 184017
2000 0.10002 228039 228039
3000 0.0840117 307441 307441
5000 0.0756125 444901 444901
7000 0.0677421 568738 568738
10000 0.0618323 742041 742041
15000 0.0599366 1.00638e+06 1.00638e+06
20000 0.0584452 1.26457e+06 1.26457e+06
30000 0.0532508 1.7558e+06 1.7558e+06
40000 0.0475952 2.20638e+06 2.20638e+06
50000 0.0531034 2.66813e+06 2.66813e+06
60000 0.049487 3.12993e+06 3.12993e+06
70000 0.0545954 3.59904e+06 3.59904e+06
80000 0.0530604 4.06834e+06 4.06834e+06
90000 0.0511383 4.51642e+06 4.51642e+06
100000 0.0520675 4.97124e+06 4.97124e+06
