6014 -3.85 0 342.895
0.0325500 0.9775259 11.0295905 11.0295905 2.0601394
0.0357000 0.9746231 12.0834333 12.0834333 2.0813712
0.0399000 0.9715857 13.4843075 13.4843075 2.1123998
0.0451500 0.9680477 15.2301362 15.2301362 2.1502636
0.0504000 0.9644273 16.9690860 16.9690860 2.1888746
0.0567000 0.9589441 19.0457212 19.0457212 2.2303785
0.0640500 0.9532054 21.4540432 21.4540432 2.2745205
0.0714000 0.9478209 23.8481937 23.8481937 2.3240603
0.0798000 0.9419053 26.5672917 26.5672917 2.3798996
0.0892500 0.9359823 29.6089638 29.6089638 2.4409141
0.1008000 0.9284850 33.3007686 33.3007686 2.5113069
0.1123500 0.9204612 36.9629345 36.9629345 2.5824259
0.1260000 0.9120009 41.2509706 41.2509706 2.6565206
0.1417500 0.9021165 46.1483613 46.1483613 2.7377847
0.1585500 0.8924689 51.3163498 51.3163498 2.8208902
0.1785000 0.8801147 57.3798769 57.3798769 2.9188068
0.2005500 0.8677118 63.9832834 63.9832834 3.0056535
0.2247000 0.8519472 71.1023261 71.1023261 3.0890162
0.2520000 0.8369209 79.0037238 79.0037238 3.1855511
0.2824500 0.8231807 87.6775455 87.6775455 3.2880143
0.3171000 0.8021518 97.3353182 97.3353182 3.3815937
0.3549000 0.7840562 107.6186156 107.6186156 3.4772661
0.3990000 0.7690034 119.3428242 119.3428242 3.5733725
0.4473000 0.7466388 131.8697781 131.8697781 3.6407905
0.5019000 0.7256589 145.6385701 145.6385701 3.7266635
0.5628000 0.6997372 160.5235775 160.5235775 3.7757191
0.6310500 0.6761078 176.6248295 176.6248295 3.8597993
0.7087500 0.6555670 194.3208310 194.3208310 3.9561739
0.7948500 0.6337892 213.3569459 213.3569459 4.0248921
0.8914500 0.6130335 233.9699408 233.9699408 4.1120788
1.0006500 0.5899795 256.4358965 256.4358965 4.1850140
1.1227651 0.5681248 280.6828223 280.6828223 4.2646419
1.2594751 0.5477645 306.8138225 306.8138225 4.3224929
1.4127226 0.5228989 334.9778408 334.9778408 4.3463061
1.5858151 0.5023571 365.5033367 365.5033367 4.4051273
1.7787526 0.4880339 398.1582920 398.1582920 4.4659841
1.9959451 0.4676480 433.7134108 433.7134108 4.5121966
2.2393220 0.4410520 471.6244374 471.6244374 4.5384510
2.5125215 0.4213870 511.9290080 511.9290080 4.5806926
2.8192921 0.4038163 555.4753827 555.4753827 4.6287037
3.1631068 0.3918155 602.0124545 602.0124545 4.6954022
3.5483644 0.3700376 652.0365572 652.0365572 4.6697243
3.9810846 0.3569944 705.7515383 705.7515383 4.6824642
4.4672872 0.3327457 762.6693943 762.6693943 4.6824312
5.0118948 0.3156632 823.4542920 823.4542920 4.7561985
5.6245099 0.2982181 887.6823993 887.6823993 4.7436942
6.3098094 0.2916659 956.1561055 956.1561055 4.7513456
7.0803644 0.2734986 1029.9174758 1029.9174758 4.7829741
7.9440561 0.2569777 1108.5914790 1108.5914790 4.8188795
8.9125633 0.2452530 1193.9282341 1193.9282341 4.7940170
10.0014481 0.2333066 1282.7102673 1282.7102673 4.8282673
11.2210876 0.2182556 1377.9958298 1377.9958298 4.8180434
12.5894367 0.2013466 1479.0421621 1479.0421621 4.8290580
14.1269504 0.1912408 1583.4902932 1583.4902932 4.8761052
15.8491767 0.1764775 1693.9392504 1693.9392504 4.8640432
17.7840324 0.1798980 1810.4211581 1810.4211581 4.9030701
19.9529062 0.1662085 1940.5713998 1940.5713998 4.8932622
22.3872322 0.1590156 2074.6179550 2074.6179550 4.8804939
25.1199938 0.1636391 2221.4181236 2221.4181236 4.8718617
28.1840786 0.1475417 2381.1506314 2381.1506314 4.8978906
31.6237393 0.1377943 2547.3978711 2547.3978711 4.9012502
35.4826072 0.1295062 2723.4041164 2723.4041164 4.8524447
39.8132470 0.1197502 2912.0029574 2912.0029574 4.8635863
44.6694872 0.1064540 3103.7410609 3103.7410609 4.8005337
50.1205675 0.0994279 3299.7144419 3299.7144419 4.7630618
56.2377471 0.1017133 3508.2320021 3508.2320021 4.7894766
63.0967693 0.0860712 3728.7291931 3728.7291931 4.7597278
70.7954662 0.0824861 3960.8392306 3960.8392306 4.7208280
79.4340106 0.0642816 4205.0047254 4205.0047254 4.7377303
89.1259377 0.0655794 4438.5298366 4438.5298366 4.6146620
100.0026275 0.0726556 4702.7598747 4702.7598747 4.6124975
112.2074471 0.0717523 4991.4764569 4991.4764569 4.5737812
125.8964104 0.0596773 5290.8631365 5290.8631365 4.4807558
141.2559945 0.0555578 5586.3742906 5586.3742906 4.4395894
158.4947918 0.0502889 5875.2913326 5875.2913326 4.3729804
177.8326602 0.0488155 6187.2918962 6187.2918962 4.2995916
199.5344894 0.0416170 6502.1317640 6502.1317640 4.2549837
223.8731455 0.0350540 6790.8642151 6790.8642151 4.0933867
251.1895596 0.0275291 7098.4076102 7098.4076102 4.0560189
281.8404883 0.0264520 7395.6533676 7395.6533676 3.9510045
316.2378815 0.0385650 7704.3595095 7704.3595095 3.8688311
354.8252370 0.0206020 8015.0068329 8015.0068329 3.7785635
398.1250863 0.0238579 8363.5038063 8363.5038063 3.6706896
446.6934609 0.0257796 8646.0135793 8646.0135793 3.5811044
501.1903976 0.0160999 8947.1879456 8947.1879456 3.5054205
562.3470481 0.0104912 9225.6216092 9225.0950137 3.3604889
630.9576992 0.0080254 9554.8308811 9554.2987952 3.2620014
707.9626349 0.0079520 9893.8043928 9891.9028828 3.1058558
794.3311114 0.0165277 10184.6167105 10181.4684273 3.0291974
891.2901875 0.0068913 10376.4338056 10359.8737807 2.9475357
1000.0152949 0.0026436 10548.0330839 10508.3009299 2.7925775
1122.0453570 0.0009604 10777.8359424 10722.9280521 2.7896489
1258.9519017 0.0096752 11021.9508774 10944.0614896 2.6651596
1412.6025846 0.0000982 11218.5434289 11078.6050615 2.5496072
1584.9192513 0.0052408 11382.8787794 11170.3348997 2.5038324
1778.3297629 0.0055079 11546.8776212 11222.1818876 2.4674517
1995.3396487 -0.0019979 11733.4672047 11293.2441270 2.3288115
2238.7495208 0.0048467 11914.2049267 11315.0284431 2.3017582
2511.9332487 -0.0047261 12128.1667719 11379.4980023 2.2004820
2818.4067961 -0.0038547 12264.0353110 11215.8634651 2.1485545
3162.3160538 -0.0019361 12351.2459538 10846.4570425 2.0588044
3548.2246552 -0.0136662 12413.6340184 10325.1351678 2.0046149
3981.0824729 -0.0017726 12473.9846772 9703.1305284 1.9761303
4466.8445267 0.0001250 12567.5200926 9106.3233906 1.9314402
5011.9508737 -0.0053842 12721.8635643 8623.6309200 1.8775603
5623.4686414 -0.0138078 12911.6626317 8097.6594616 1.8515473
6309.6060499 0.0041354 13287.4631981 7927.3672333 1.7775279
7079.5178905 -0.0014675 13990.7161013 8324.4246066 1.7226326
7943.3360745 0.0046017 14501.7651967 8309.7940415 1.7051633
8912.5538779 0.0037804 15080.7825231 8238.7445445 1.6455929
10000.0576380 -0.0004195 15842.3602822 8492.4916453 1.6185424
11220.2837932 -0.0001440 17130.5955838 9424.8042601 1.5753090
12589.2832138 0.0049403 18202.4915258 9937.1552591 1.5328916
14125.4898594 0.0023885 19217.3247794 10160.0647596 1.5030831
15849.0266991 -0.0082261 20316.9338754 10377.6361928 1.5013993
17782.8284773 -0.0029206 21601.8663416 10739.7933618 1.4939772
19952.6405589 0.0007357 22584.3753778 10181.2011626 1.4407140
22387.3110130 0.0046621 23839.0940280 9771.6325043 1.4133600
25118.9399788 -0.0033027 24928.4693348 8763.9539315 1.3991992
28183.8378200 -0.0060796 26441.1496096 8303.9735769 1.4288733
31622.8492882 0.0042741 27945.9487593 7420.3191444 1.3622811
35481.3448326 0.0023446 29279.2955867 5468.7634417 1.3778903
39810.8123001 -0.0033392 30735.1886896 3286.8657278 1.3429848
44668.4408210 -0.0047793 32755.7956155 1785.0970623 1.3365916
50118.8218320 0.0007219 35249.4285575 518.9634858 1.3582963
56234.1823694 -0.0001077 37323.5414736 -2587.3774767 1.3385726
63095.8439737 0.0023890 40690.2992128 -3439.5197386 1.3345653
70794.7386130 0.0053485 43563.7766025 -6327.6254190 1.3119673
79432.9897122 -0.0055235 46266.2996523 -11291.0572190 1.3201037
89125.2011949 0.0002281 49740.2486864 -15460.8290997 1.2877477
100000.1496297 -0.0051744 52312.9562503 -23888.6877501 1.3169055
112201.9339986 -0.0004138 56179.0888502 -30760.8522666 1.3113273
125892.6936390 0.0004068 61175.0488498 -36267.7681331 1.2857389
141253.8311154 0.0037697 68627.1022252 -38756.6769154 1.3107276
158489.5061793 -0.0003796 76421.7600377 -42588.0532376 1.3252169
177827.9574712 -0.0034933 85050.6824039 -47158.2735194 1.3115094
199526.2758973 0.0016398 94490.7860124 -53330.3620172 1.3833364
