1002 0
1 0.682869 707.238 707.238
2 0.577365 1252.44 1252.44
3 0.518024 1728.17 1728.17
5 0.446857 2566.27 2566.27
7 0.405362 3306.45 3306.45
10 0.362469 4309.33 4309.33
15 0.330507 5808.9 5808.9
20 0.303731 7184.83 7184.83
30 0.26941 9677.94 9677.94
50 0.237287 14093 14093
70 0.215653 18059.6 18059.6
100 0.196813 23551.4 23551.4
150 0.180325 31926.9 31926.9
200 0.171419 39597.5 39597.5
300 0.160355 53822.3 53822.3
500 0.140269 79459 79459
700 0.124205 102383 102383
1000 0.117479 133654 133654
1500 0.10095 180490 180490
2000 0.0923945 223540 223540
3000 0.0859052 300484 300484
5000 0.066879 434560 434560
7000 0.0534224 542460 542460
10000 0.0509735 684097 684097
15000 0.0421649 908269 908269
20000 0.0435942 1.10076e+06 1.10076e+06
30000 0.0369787 1.40763e+06 1.40763e+06
40000 0.0236859 1.66926e+06 1.66926e+06
50000 0.0222738 1.91681e+06 1.91681e+06
60000 0.0337727 2.19819e+06 2.19819e+06
70000 0.0348073 2.47377e+06 2.47377e+06
80000 0.0340818 2.74924e+06 2.74924e+06
90000 0.0253675 3.00778e+06 3.00778e+06
100000 0.0329915 3.25138e+06 3.25138e+06
150000 0.0199285 4.2703e+06 4.2703e+06
200000 0.023497 5.20572e+06 5.20572e+06
