1014 0
1 0.692291 711.729 711.729
2 0.583601 1263.19 1263.19
3 0.520857 1741.49 1741.49
5 0.451483 2584.19 2584.19
7 0.410524 3332.26 3332.26
10 0.370807 4350.85 4350.85
15 0.333514 5882.95 5882.95
20 0.306951 7295.29 7295.29
30 0.279399 9851.24 9851.24
50 0.242899 14414.3 14414.3
70 0.231027 18506.9 18506.9
100 0.208662 24173.3 24173.3
150 0.193686 32800.4 32800.4
200 0.180103 40842.2 40842.2
300 0.162725 55697.5 55697.5
500 0.143821 82046.4 82046.4
700 0.134633 106332 106332
1000 0.116683 139639 139639
1500 0.102444 188321 188321
2000 0.097378 232808 232808
3000 0.088388 314775 314775
5000 0.0698587 453586 453586
7000 0.0638566 574387 574387
10000 0.0480774 723798 723798
15000 0.0498931 933013 933013
20000 0.0555877 1.15693e+06 1.15693e+06
30000 0.0448185 1.56863e+06 1.56863e+06
40000 0.0439717 1.92669e+06 1.92669e+06
50000 0.0433131 2.27558e+06 2.27558e+06
60000 0.0423408 2.63721e+06 2.63721e+06
70000 0.0429193 3.01579e+06 3.01579e+06
80000 0.0395071 3.37672e+06 3.37672e+06
90000 0.0405705 3.72859e+06 3.72859e+06
100000 0.0364119 4.06798e+06 4.06798e+06
150000 0.0320559 5.43955e+06 5.43955e+06
200000 0.0266154 6.71686e+06 6.71686e+06
