1015 0
1 0.684866 702.343 702.343
2 0.576315 1242.95 1242.95
3 0.5171 1712.94 1712.94
5 0.44312 2537.21 2537.21
7 0.401705 3269.77 3269.77
10 0.358131 4255.2 4255.2
15 0.326039 5730.69 5730.69
20 0.303335 7089.09 7089.09
30 0.269376 9553.44 9553.44
50 0.236432 13912.1 13912.1
70 0.215964 17858.1 17858.1
100 0.199581 23310.6 23310.6
150 0.184024 31599 31599
200 0.173952 39365.8 39365.8
300 0.157972 53500.7 53500.7
500 0.1364 78763.6 78763.6
700 0.122787 101396 101396
1000 0.109843 131993 131993
1500 0.0952892 176745 176745
2000 0.0895308 217746 217746
3000 0.0843485 292813 292813
5000 0.0722877 423675 423675
7000 0.0617109 536906 536906
10000 0.0613243 697421 697421
15000 0.054206 957692 957692
20000 0.0620201 1.19967e+06 1.19967e+06
30000 0.051676 1.678e+06 1.678e+06
40000 0.0567883 2.17851e+06 2.17851e+06
50000 0.0589581 2.6775e+06 2.6775e+06
60000 0.0580214 3.15631e+06 3.15631e+06
70000 0.0483576 3.62288e+06 3.62288e+06
80000 0.0555838 4.0877e+06 4.0877e+06
90000 0.0519307 4.53095e+06 4.53095e+06
100000 0.0461872 4.96488e+06 4.96488e+06
150000 0.0476805 7.06231e+06 7.06231e+06
200000 0.0489179 9.05888e+06 9.05888e+06
