1016 0
1 0.685717 702.178 702.178
2 0.581209 1245.24 1245.24
3 0.519054 1721.76 1721.76
5 0.448844 2555.4 2555.4
7 0.40541 3292.67 3292.67
10 0.365249 4288.15 4288.15
15 0.323695 5779.76 5779.76
20 0.296785 7132.89 7132.89
30 0.269304 9612.49 9612.49
50 0.235692 13938 13938
70 0.219947 17890.5 17890.5
100 0.198582 23352.6 23352.6
150 0.178708 31600.6 31600.6
200 0.166988 39194.7 39194.7
300 0.155193 53066.4 53066.4
500 0.133646 77894.6 77894.6
700 0.118568 100191 100191
1000 0.114014 131039 131039
1500 0.0944306 177003 177003
2000 0.0946419 219810 219810
3000 0.0838012 299403 299403
5000 0.0741117 432776 432776
7000 0.0594311 543184 543184
10000 0.0537239 695706 695706
15000 0.0480615 924645 924645
20000 0.0526377 1.13113e+06 1.13113e+06
30000 0.0330136 1.48204e+06 1.48204e+06
40000 0.0230583 1.7771e+06 1.7771e+06
50000 0.0276388 2.03267e+06 2.03267e+06
60000 0.0263531 2.28853e+06 2.28853e+06
70000 0.0256201 2.53997e+06 2.53997e+06
80000 0.0300048 2.79772e+06 2.79772e+06
90000 0.0230498 3.02912e+06 3.02912e+06
100000 0.0271401 3.21199e+06 3.21199e+06
150000 0.0257984 4.2245e+06 4.2245e+06
200000 0.0172793 5.17156e+06 5.17156e+06
300000 0.0109676 6.9021e+06 6.9021e+06
