1002 0
1 0.638774 668.324 668.324
2 0.541561 1174 1174
3 0.480899 1615.06 1615.06
5 0.418008 2384.43 2384.43
7 0.381891 3070.69 3070.69
10 0.334936 4001.77 4001.77
15 0.301504 5368.67 5368.67
20 0.277559 6619.27 6619.27
30 0.252279 8917.83 8917.83
50 0.230805 13014.8 13014.8
70 0.194599 16747.1 16747.1
100 0.182406 21862 21862
150 0.164664 29307.9 29307.9
200 0.156446 36084.5 36084.5
300 0.148987 49067.1 49067.1
500 0.122704 71329.3 71329.3
700 0.114138 91472.6 91472.6
1000 0.098299 117954 117954
1500 0.079893 157645 157645
2000 0.0717723 190916 190916
3000 0.0647229 246979 246979
5000 0.045952 343918 343918
7000 0.0390479 414197 414197
10000 0.0278168 501366 501366
15000 0.0164802 620080 620080
20000 0.0164293 709408 709408
30000 0.0246108 886715 886715
40000 0.0301942 1.08468e+06 1.08468e+06
50000 0.0183352 1.25562e+06 1.25562e+06
60000 0.0110033 1.39227e+06 1.39224e+06
70000 0.00887338 1.53653e+06 1.5365e+06
80000 0.0196095 1.66144e+06 1.66137e+06
90000 0.0044388 1.78872e+06 1.78864e+06
100000 0.0200646 1.90848e+06 1.90832e+06
150000 0.00142128 2.40494e+06 2.40325e+06
200000 0.0152108 2.97752e+06 2.97536e+06
300000 0.0164143 4.32677e+06 4.32432e+06
400000 0.0140966 5.17201e+06 5.16068e+06
500000 0.00333032 6.15202e+06 6.13679e+06
600000 0.0156507 7.50013e+06 7.48434e+06
700000 0.0121621 9.00908e+06 8.99316e+06
800000 0.0251107 1.05863e+07 1.05703e+07
900000 0.0281498 1.2348e+07 1.23319e+07
