1010 0
1 0.640157 664.855 664.855
2 0.533326 1169.74 1169.74
3 0.474301 1605.07 1605.07
5 0.400341 2357.01 2357.01
7 0.360546 3016.04 3016.04
10 0.323448 3906.56 3906.56
15 0.29829 5244.19 5244.19
20 0.275046 6470.76 6470.76
30 0.240855 8678.53 8678.53
50 0.217301 12587.2 12587.2
70 0.199837 16100.9 16100.9
100 0.18004 20923.7 20923.7
150 0.159593 28139.6 28139.6
200 0.152453 34796.3 34796.3
300 0.143482 47506.7 47506.7
500 0.123911 70255 70255
700 0.0984641 89864.3 89864.3
1000 0.0858721 116086 116086
1500 0.0816098 153269 153269
2000 0.0755755 186143 186143
3000 0.0516482 238455 238455
5000 0.0448361 320924 320924
7000 0.0353365 388640 388640
10000 0.0360981 485646 485646
15000 0.0247304 618270 618270
20000 0.0171208 718528 718528
30000 0.0256247 929094 929094
40000 0.0210207 1.11936e+06 1.11936e+06
50000 0.0247979 1.28745e+06 1.28744e+06
60000 0.0159944 1.4203e+06 1.42026e+06
70000 0.0168657 1.5428e+06 1.54268e+06
80000 0.00834534 1.69887e+06 1.69876e+06
90000 0.0145128 1.86499e+06 1.86487e+06
100000 0.0275667 2.03289e+06 2.03277e+06
150000 0.0205563 2.75791e+06 2.75772e+06
200000 0.0200736 3.42048e+06 3.42014e+06
300000 0.0137453 4.75816e+06 4.75754e+06
400000 0.0200551 6.11494e+06 6.11408e+06
500000 0.0131964 7.47301e+06 7.47171e+06
600000 0.00773233 8.53862e+06 8.53516e+06
700000 -0.00428171 9.49167e+06 9.48302e+06
