1011 0
1 0.645022 668.028 668.028
2 0.540665 1176.5 1176.5
3 0.485752 1618.19 1618.19
5 0.425368 2398.34 2398.34
7 0.380438 3097.38 3097.38
10 0.343493 4035.99 4035.99
15 0.311898 5460.6 5460.6
20 0.285918 6748.04 6748.04
30 0.253636 9064.63 9064.63
50 0.222243 13192.1 13192.1
70 0.208926 16960.6 16960.6
100 0.19443 22165.4 22165.4
150 0.173438 30022.1 30022.1
200 0.173273 37511.6 37511.6
300 0.156065 51020 51020
500 0.124934 75195 75195
700 0.106067 96079.2 96079.2
1000 0.100834 123785 123785
1500 0.0805757 164444 164444
2000 0.0762624 200148 200148
3000 0.0711337 264702 264702
5000 0.0557898 374207 374207
7000 0.0489656 474099 474099
10000 0.0398415 586651 586651
15000 0.0248924 753780 753780
20000 0.0377294 915515 915515
30000 0.0233778 1.17556e+06 1.17556e+06
40000 0.016645 1.38694e+06 1.38694e+06
50000 0.0379425 1.62196e+06 1.62196e+06
60000 0.0211 1.85103e+06 1.85103e+06
70000 0.0359721 2.06131e+06 2.06131e+06
80000 0.0223768 2.24911e+06 2.24911e+06
90000 0.021633 2.41749e+06 2.41748e+06
100000 0.0135537 2.55233e+06 2.55231e+06
150000 0.0135774 3.07847e+06 3.07698e+06
200000 -0.00105809 3.48128e+06 3.47578e+06
300000 0.00542706 4.09089e+06 4.06075e+06
400000 0.00672289 4.60642e+06 4.53791e+06
500000 0.00705521 5.26516e+06 5.17756e+06
600000 0.00564455 5.91162e+06 5.80194e+06
700000 0.00594494 6.5484e+06 6.41297e+06
