1014 0
1 0.646201 671.595 671.595
2 0.545797 1181.1 1181.1
3 0.477757 1624.9 1624.9
5 0.416529 2400.28 2400.28
7 0.376983 3088.11 3088.11
10 0.341971 4022.56 4022.56
15 0.309314 5414.99 5414.99
20 0.283489 6714.61 6714.61
30 0.255397 9045.45 9045.45
50 0.22499 13201.9 13201.9
70 0.204335 16876.9 16876.9
100 0.174777 21838.1 21838.1
150 0.170787 29473.3 29473.3
200 0.163378 36700 36700
300 0.149021 49971.3 49971.3
500 0.125241 72937.1 72937.1
700 0.113219 93795.2 93795.2
1000 0.0961213 120093 120093
1500 0.0781152 157952 157952
2000 0.0699401 191912 191912
3000 0.0630464 248231 248231
5000 0.0496646 337782 337782
7000 0.0545496 421999 421999
10000 0.0372761 540734 540734
15000 0.02709 719716 719716
20000 0.0512477 887406 887406
30000 0.0429587 1.21864e+06 1.21864e+06
40000 0.0388191 1.53795e+06 1.53795e+06
50000 0.0335748 1.83869e+06 1.83869e+06
60000 0.0374459 2.13446e+06 2.13446e+06
70000 0.030575 2.41479e+06 2.41479e+06
80000 0.0314376 2.66842e+06 2.66842e+06
90000 0.0324191 2.95283e+06 2.95283e+06
100000 0.0303693 3.23623e+06 3.23623e+06
150000 0.0233761 4.39664e+06 4.39664e+06
200000 0.0166205 5.42538e+06 5.42538e+06
300000 0.0182803 7.54687e+06 7.54687e+06
400000 0.0187808 9.5319e+06 9.5319e+06
500000 0.022335 1.14295e+07 1.14295e+07
600000 0.0166994 1.32242e+07 1.32242e+07
700000 0.021823 1.47806e+07 1.47805e+07
