1015 0
1 0.63749 662.657 662.657
2 0.538237 1163.62 1163.62
3 0.477337 1599.51 1599.51
5 0.407742 2361.58 2361.58
7 0.372564 3036.29 3036.29
10 0.327875 3944.61 3944.61
15 0.299161 5301.05 5301.05
20 0.283508 6532.03 6532.03
30 0.245217 8759.15 8759.15
50 0.217258 12673 12673
70 0.191628 16229.2 16229.2
100 0.177702 21146.2 21146.2
150 0.171261 28631 28631
200 0.154435 35656.7 35656.7
300 0.143728 48282.4 48282.4
500 0.126245 70596.4 70596.4
700 0.112716 90306.8 90306.8
1000 0.0977857 116234 116234
1500 0.0768695 153708 153708
2000 0.0715422 186493 186493
3000 0.0568103 238090 238090
5000 0.0497422 332685 332685
7000 0.0538575 420598 420598
10000 0.0507657 551792 551792
15000 0.0504139 765491 765491
20000 0.0434023 948942 948942
30000 0.037815 1.32375e+06 1.32375e+06
40000 0.0335211 1.63792e+06 1.63792e+06
50000 0.032722 1.88956e+06 1.88956e+06
60000 0.0218622 2.11551e+06 2.11551e+06
70000 0.0253668 2.32113e+06 2.32113e+06
80000 0.0220008 2.50881e+06 2.50881e+06
90000 0.022211 2.65203e+06 2.652e+06
100000 0.0250941 2.8179e+06 2.81787e+06
150000 0.00869975 3.4839e+06 3.48338e+06
200000 0.0169741 3.98008e+06 3.97762e+06
300000 0.0136087 5.13579e+06 5.13186e+06
400000 0.0119223 5.88058e+06 5.86317e+06
500000 0.00567974 6.44607e+06 6.39843e+06
600000 0.00793573 6.98846e+06 6.9047e+06
700000 0.00685104 7.71283e+06 7.61369e+06
