1024 0
1 0.646871 671.235 671.235
2 0.54499 1183.23 1183.23
3 0.488418 1629.88 1629.88
5 0.422745 2418.22 2418.22
7 0.381412 3113.61 3113.61
10 0.352042 4070.47 4070.47
15 0.314767 5518.71 5518.71
20 0.283802 6816.72 6816.72
30 0.254193 9145.33 9145.33
50 0.215515 13233.9 13233.9
70 0.203164 16893 16893
100 0.182012 21882 21882
150 0.17386 29622.6 29622.6
200 0.163619 36684.5 36684.5
300 0.145345 49876 49876
500 0.131191 73391.1 73391.1
700 0.106642 94150.1 94150.1
1000 0.105736 122990 122990
1500 0.092109 165519 165519
2000 0.0858464 203507 203507
3000 0.077073 276592 276592
5000 0.0651734 405281 405281
7000 0.060211 511729 511729
10000 0.0451336 650666 650666
15000 0.0438763 849543 849543
20000 0.0503962 1.02659e+06 1.02659e+06
30000 0.0188487 1.28431e+06 1.28431e+06
40000 0.027587 1.45676e+06 1.45675e+06
50000 0.0237453 1.61901e+06 1.61901e+06
60000 0.0191418 1.80481e+06 1.80481e+06
70000 0.0123052 1.95178e+06 1.95176e+06
80000 0.00621597 2.10276e+06 2.10274e+06
90000 0.0227225 2.23158e+06 2.23152e+06
100000 0.0125249 2.36412e+06 2.36404e+06
150000 0.0176864 3.06436e+06 3.06418e+06
200000 0.0229159 3.82729e+06 3.82709e+06
300000 0.0213123 5.36846e+06 5.36823e+06
400000 0.0193012 6.99519e+06 6.99492e+06
500000 0.0149484 8.28719e+06 8.28604e+06
600000 0.00338212 9.42245e+06 9.41973e+06
700000 0.0214293 1.05601e+07 1.05559e+07
