1027 0
1 0.639047 665.703 665.703
2 0.533141 1164.57 1164.57
3 0.474558 1597.99 1597.99
5 0.418429 2362.23 2362.23
7 0.373491 3040.85 3040.85
10 0.334113 3958.12 3958.12
15 0.29479 5329 5329
20 0.277922 6570.29 6570.29
30 0.245644 8798.25 8798.25
50 0.207814 12700.3 12700.3
70 0.191829 16208.1 16208.1
100 0.185271 21080.7 21080.7
150 0.155551 28490.3 28490.3
200 0.156871 35459.3 35459.3
300 0.135492 47739 47739
500 0.114638 69919.8 69919.8
700 0.107825 90014.8 90014.8
1000 0.0980003 117809 117809
1500 0.0679448 157299 157299
2000 0.0799569 194060 194060
3000 0.0705452 262138 262138
5000 0.0575748 375301 375301
7000 0.0464058 466681 466681
10000 0.0380896 584849 584849
15000 0.0372421 736355 736355
20000 0.0457603 873403 873403
30000 0.0342378 1.16747e+06 1.16747e+06
40000 0.0329785 1.43265e+06 1.43265e+06
50000 0.0319443 1.68272e+06 1.68272e+06
60000 0.0365014 1.94659e+06 1.94659e+06
70000 0.0292259 2.21077e+06 2.21077e+06
80000 0.041167 2.4915e+06 2.4915e+06
90000 0.0294738 2.76963e+06 2.76963e+06
100000 0.0249897 3.02842e+06 3.02842e+06
150000 0.032177 4.3821e+06 4.3821e+06
200000 0.0255429 5.60751e+06 5.60751e+06
300000 0.0164513 7.78432e+06 7.78432e+06
400000 0.0220232 9.78023e+06 9.78023e+06
500000 0.0206135 1.1811e+07 1.1811e+07
600000 0.0179571 1.38986e+07 1.38986e+07
700000 0.0172745 1.59675e+07 1.59674e+07
800000 0.0250942 1.81557e+07 1.81557e+07
