1002 0
0 0.98566 4.76557 4.76557
0 0.977843 9.49334 9.49334
0 0.970227 14.1843 14.1843
0 0.955578 23.4595 23.4595
0 0.941662 32.5984 32.5984
0 0.922062 46.0658 46.0658
0 0.865943 89.1025 89.1025
0 0.82498 125.765 125.765
0 0.758623 198.169 198.169
0 0.710065 265.406 265.406
1 0.656182 360.837 360.837
2 0.557463 636.317 636.317
3 0.506226 879.454 879.454
5 0.450284 1318 1318
7 0.418802 1716.03 1716.03
10 0.389057 2272.86 2272.86
15 0.358814 3130.55 3130.55
20 0.338728 3931.82 3931.82
30 0.311855 5425.64 5425.64
50 0.280816 8139.92 8139.92
70 0.260627 10629.6 10629.6
100 0.23744 14054.5 14054.5
150 0.215283 19242.9 19242.9
200 0.205084 24063.6 24063.6
300 0.185873 33051.5 33051.5
500 0.179971 49826.3 49826.3
700 0.174363 66277.9 66277.9
1000 0.156361 88882.7 88882.7
1500 0.128087 121171 121171
2000 0.116985 149337 149337
3000 0.115394 202489 202489
5000 0.0967962 302264 302264
7000 0.0879631 387371 387371
10000 0.0957751 516432 516432
15000 0.0715132 707514 707514
20000 0.0707765 870622 870622
30000 0.0707765 1.19653e+06 1.19653e+06
