1003 0
0 1.01125 4.47555 4.47555
0 1.00279 8.91366 8.91366
0 0.994555 13.3153 13.3153
0 0.978716 22.013 22.013
0 0.96366 30.5758 30.5758
0 0.942453 43.1813 43.1813
0 0.881764 83.3635 83.3635
0 0.837462 117.478 117.478
0 0.765839 184.558 184.558
0 0.71363 246.542 246.542
1 0.655978 334.084 334.084
2 0.551517 584.738 584.738
3 0.498047 804.262 804.262
5 0.440225 1197.88 1197.88
7 0.407719 1553.29 1553.29
10 0.377157 2048.39 2048.39
15 0.347182 2808.37 2808.37
20 0.328047 3518.38 3518.38
30 0.30263 4844.55 4844.55
50 0.274879 7260.58 7260.58
70 0.259631 9509.76 9509.76
100 0.245924 12699.6 12699.6
150 0.228784 17699.2 17699.2
200 0.214413 22342.1 22342.1
300 0.196386 31019.1 31019.1
500 0.183835 46628.3 46628.3
700 0.183056 62328.2 62328.2
1000 0.16311 84154.8 84154.8
1500 0.16364 118198 118198
2000 0.150785 151475 151475
3000 0.135008 210883 210883
5000 0.125982 319194 319194
7000 0.112534 416032 416032
10000 0.107184 554738 554738
15000 0.0960932 758881 758881
20000 0.0873887 950896 950896
30000 0.0869876 1.31772e+06 1.31772e+06
