1006 0
0 0.980018 4.4772 4.4772
0 0.971961 8.9176 8.9176
0 0.964116 13.3222 13.3222
0 0.949035 22.0275 22.0275
0 0.934705 30.6002 30.6002
0 0.914497 43.2246 43.2246
0 0.85663 83.4989 83.4989
0 0.814404 117.729 117.729
0 0.746173 185.133 185.133
0 0.696424 247.527 247.527
1 0.641525 335.813 335.813
2 0.541838 589.492 589.492
3 0.490334 812.387 812.387
5 0.433922 1212.7 1212.7
7 0.401938 1574.36 1574.36
10 0.371692 2078.15 2078.15
15 0.341062 2850.17 2850.17
20 0.321316 3568.99 3568.99
30 0.295821 4907.98 4907.98
50 0.263949 7331.47 7331.47
70 0.242703 9528.18 9528.18
100 0.219587 12539.2 12539.2
150 0.194255 16990.5 16990.5
200 0.182635 21075.2 21075.2
300 0.164722 28597.7 28597.7
500 0.145577 42014.5 42014.5
700 0.128114 53914.8 53914.8
1000 0.117129 69977.8 69977.8
1500 0.107006 95127 95127
2000 0.0937397 116787 116787
3000 0.0779023 155887 155887
5000 0.0613986 212345 212345
7000 0.064929 268802 268802
10000 0.0616812 351177 351177
15000 0.0614595 484908 484908
20000 0.0614596 618612 618612
30000 0.0614596 886020 886020
