1003 0
0 1.00012 4.67421 4.67421
0 0.993166 9.31591 9.31591
0 0.986243 13.9252 13.9252
0 0.972752 23.0494 23.0494
0 0.959948 32.0523 32.0523
0 0.94261 45.3469 45.3469
0 0.892026 88.055 88.055
0 0.854302 124.666 124.666
0 0.79451 197.582 197.582
0 0.750433 265.973 265.973
1 0.701421 364.069 364.069
2 0.609798 652.427 652.427
3 0.560849 911.179 911.179
5 0.509739 1386.91 1386.91
7 0.480537 1825.71 1825.71
10 0.452922 2447.93 2447.93
15 0.424741 3419.92 3419.92
20 0.405529 4343.25 4343.25
30 0.380472 6085.18 6085.18
50 0.347748 9313.02 9313.02
70 0.332083 12339.8 12339.8
100 0.323396 16699.3 16699.3
150 0.306331 23697.2 23697.2
200 0.295152 30357.2 30357.2
300 0.272809 43161.4 43161.4
500 0.239441 65448.4 65448.4
700 0.223816 86268.2 86268.2
1000 0.201454 114397 114397
1500 0.180436 156164 156164
2000 0.192404 197969 197969
3000 0.18726 282656 282656
5000 0.18412 449304 449304
7000 0.17603 607599 607599
10000 0.166539 834263 834263
15000 0.169661 1.20582e+06 1.20582e+06
20000 0.16735 1.57749e+06 1.57749e+06
