1005 0
0 1.04116 4.64165 4.64165
0 1.03341 9.24878 9.24878
0 1.02645 13.8249 13.8249
0 1.01208 22.8807 22.8807
0 0.99913 31.818 31.818
0 0.980612 45.0152 45.0152
0 0.926861 87.3545 87.3545
0 0.887662 123.642 123.642
0 0.824102 195.841 195.841
0 0.778084 263.474 263.474
1 0.725478 360.36 360.36
2 0.629015 644.016 644.016
3 0.575952 897.969 897.969
5 0.520853 1362.5 1362.5
7 0.48842 1788.56 1788.56
10 0.456614 2388.26 2388.26
15 0.423015 3317.42 3317.42
20 0.402232 4193.83 4193.83
30 0.372998 5839.26 5839.26
50 0.339901 8858.12 8858.12
70 0.320386 11655.9 11655.9
100 0.306903 15647.7 15647.7
150 0.292318 22018.7 22018.7
200 0.279925 28152.6 28152.6
300 0.25815 39606.2 39606.2
500 0.222528 59997.9 59997.9
700 0.192355 77849 77849
1000 0.189686 102075 102075
1500 0.178332 142995 142995
2000 0.151813 177544 177544
3000 0.11548 229821 229821
5000 0.0986222 319782 319782
7000 0.0884141 400683 400683
10000 0.10192 521824 521824
15000 0.100229 734451 734451
20000 0.1042 957098 957098
