1012 0
0 0.98806 4.6512 4.6512
0 0.980798 9.26821 9.26821
0 0.973682 13.8517 13.8517
0 0.960395 22.9231 22.9231
0 0.947812 31.8752 31.8752
0 0.930181 45.0918 45.0918
0 0.879504 87.5111 87.5111
0 0.842892 123.889 123.889
0 0.78288 196.265 196.265
0 0.740046 264.149 264.149
1 0.688447 361.382 361.382
2 0.595537 645.792 645.792
3 0.547762 900.687 900.687
5 0.497464 1367.87 1367.87
7 0.466401 1797.42 1797.42
10 0.435945 2403 2403
15 0.40621 3341.1 3341.1
20 0.387672 4227.99 4227.99
30 0.362 5901.85 5901.85
50 0.328856 8986.36 8986.36
70 0.308281 11845.8 11845.8
100 0.288813 15856.4 15856.4
150 0.266 22011.6 22011.6
200 0.253078 27809.7 27809.7
300 0.247507 39002 39002
500 0.223691 60200.1 60200.1
700 0.202775 78808.1 78808.1
1000 0.175885 104627 104627
1500 0.151297 141119 141119
2000 0.143659 173331 173331
3000 0.119632 232981 232981
5000 0.113777 336110 336110
7000 0.11706 438870 438870
10000 0.109734 590242 590242
15000 0.109002 836768 836768
20000 0.110645 1.08222e+06 1.08222e+06
