1014 0
0 0.964456 4.64276 4.64276
0 0.957828 9.25362 9.25362
0 0.950952 13.8314 13.8314
0 0.938221 22.8955 22.8955
0 0.92595 31.8386 31.8386
0 0.908327 45.0413 45.0413
0 0.85879 87.401 87.401
0 0.823263 123.732 123.732
0 0.763915 196.038 196.038
0 0.719692 263.652 263.652
1 0.670857 360.494 360.494
2 0.584155 644.819 644.819
3 0.537398 900.103 900.103
5 0.483755 1366.62 1366.62
7 0.451883 1793.9 1793.9
10 0.426166 2396.89 2396.89
15 0.396444 3334.1 3334.1
20 0.374575 4214.78 4214.78
30 0.34832 5865.48 5865.48
50 0.315842 8913.52 8913.52
70 0.290278 11702.7 11702.7
100 0.259701 15485.4 15485.4
150 0.224875 20965.9 20965.9
200 0.20644 25910.9 25910.9
300 0.179753 34615.2 34615.2
500 0.168193 50509 50509
700 0.150335 65655 65655
1000 0.104753 82379.2 82379.2
1500 0.0864645 104006 104006
2000 0.0703355 121996 121996
3000 0.0592541 150142 150142
5000 0.054031 198318 198318
7000 0.0509644 248516 248516
10000 0.0541472 321272 321272
15000 0.0547535 445006 445006
20000 0.0559317 570186 570186
