1002 0
0 31.4279 0 0
0 1.00151 0.315748 0.315748
0 0.994584 0.629302 0.629302
0 0.98778 0.9407 0.9407
0 0.974542 1.55719 1.55719
0 0.961747 2.1655 2.1655
0 0.943407 3.06325 3.06325
0 0.888821 5.93905 5.93905
0 0.842639 8.6572 8.6572
0 0.768799 13.7094 13.7094
0 0.712252 18.3556 18.3556
1 0.648311 24.7529 24.7529
2 0.522175 42.9049 42.9049
3 0.453158 58.1423 58.1423
5 0.375423 83.9177 83.9177
7 0.330052 105.991 105.991
10 0.286252 134.882 134.882
15 0.243094 176.176 176.176
20 0.215279 212.055 212.055
30 0.179954 273.655 273.655
50 0.140011 372.989 372.989
70 0.116168 453.025 453.025
100 0.0946533 551.309 551.309
150 0.0756524 683.297 683.297
200 0.0623426 791.36 791.36
300 0.0445278 956.412 956.412
500 0.0241177 1165.98 1165.98
700 0.0128531 1276.02 1276.02
1000 0.0111988 1382.37 1382.37
1500 0.0115388 1572.04 1572.04
2000 0.0103085 1737.58 1737.58
3000 0.00962551 2049.1 2049.1
5000 0.00859017 2616.39 2616.39
7000 0.00855166 3154.05 3154.05
10000 0.00856432 3961.17 3961.17
15000 0.00856435 5306.99 5306.99
20000 0.00856436 6652.79 6652.79
30000 0.00856436 9344.38 9344.38
40000 0.00856436 12036 12036
50000 0.00856436 14727.6 14727.6
60000 0.00856436 17419.2 17419.2
70000 0.00856436 20110.8 20110.8
80000 0.00856436 22802.4 22802.4
90000 0.00856436 25494 25494
100000 0.00856436 28185.6 28185.6
150000 0.00856436 41643.6 41643.6
200000 0.00856436 55101.6 55101.6
300000 0.00856436 82017.6 82017.6
400000 0.00856436 108934 108934
500000 0.00856436 135850 135850
600000 0.00856436 162766 162766
700000 0.00856436 189682 189682
800000 0.00856436 216598 216598
900000 0.00856436 243514 243514
1000000 0.00856436 270430 270430
