6001 -3.59 0 342.028
0.0325500 0.9762538 11.0024881 11.0024881 2.4200923
0.0357000 0.9745867 12.0528371 12.0528371 2.4747815
0.0399000 0.9718246 13.4501912 13.4501912 2.5469182
0.0451500 0.9694181 15.1929934 15.1929934 2.6243308
0.0504000 0.9654774 16.9300810 16.9300810 2.7000549
0.0567000 0.9614427 19.0057207 19.0057207 2.7961342
0.0640500 0.9562677 21.4162420 21.4162420 2.9034908
0.0714000 0.9514182 23.8135619 23.8135619 2.9962207
0.0798000 0.9456655 26.5378321 26.5378321 3.0977020
0.0892500 0.9411918 29.5868697 29.5868697 3.2242306
0.1008000 0.9318657 33.2860265 33.2860265 3.3687751
0.1123500 0.9247606 36.9533707 36.9533707 3.5146814
0.1260000 0.9182537 41.2553825 41.2553825 3.6806372
0.1417500 0.9093690 46.1734150 46.1734150 3.8510823
0.1585500 0.8973146 51.3591285 51.3591285 4.0096668
0.1785000 0.8856336 57.4407538 57.4407538 4.2011562
0.2005500 0.8733235 64.0700336 64.0700336 4.3901252
0.2247000 0.8631699 71.2408491 71.2408491 4.6002236
0.2520000 0.8440703 79.2069419 79.2069419 4.7855964
0.2824500 0.8245209 87.8870710 87.8870710 4.9800819
0.3171000 0.8047962 97.5453157 97.5453157 5.2044623
0.3549000 0.7863727 107.8148824 107.8148824 5.4002486
0.3990000 0.7672649 119.5304766 119.5304766 5.5899345
0.4473000 0.7487182 132.0497040 132.0497040 5.8193641
0.5019000 0.7297194 145.8596414 145.8596414 5.9890980
0.5628000 0.7096796 160.8591518 160.8591518 6.2016624
0.6310500 0.6827262 177.1281806 177.1281806 6.4051976
0.7087500 0.6630606 195.0198118 195.0198118 6.5828237
0.7948500 0.6439905 214.2286321 214.2286321 6.7493346
0.8914500 0.6216948 235.1768652 235.1768652 6.9223090
1.0006500 0.5971243 257.9153886 257.9153886 7.0464173
1.1227651 0.5690451 282.2470830 282.2470830 7.1840444
1.2594751 0.5547385 308.4717013 308.4717013 7.3083535
1.4127226 0.5332580 336.9817021 336.9817021 7.4053466
1.5858151 0.5099075 367.9002035 367.9002035 7.5601115
1.7787526 0.4926688 400.9124378 400.9124378 7.6415752
1.9959451 0.4703918 436.6753890 436.6753890 7.6755966
2.2393220 0.4580920 475.4017789 475.4017789 7.8709996
2.5125215 0.4385338 517.0330719 517.0330719 7.9142981
2.8192921 0.4105513 561.3569474 561.3569474 8.0194041
3.1631068 0.3939796 608.8539226 608.8539226 8.1301635
3.5483644 0.3804519 660.2779030 660.2779030 8.1640551
3.9810846 0.3649726 714.7217636 714.7217636 8.2560659
4.4672872 0.3487661 773.6663914 773.6663914 8.3241978
5.0118948 0.3250147 836.5159710 836.5159710 8.4127815
5.6245099 0.3041286 903.3637718 903.3637718 8.4540621
6.3098094 0.2941064 975.4490874 975.4490874 8.4349326
7.0803644 0.2695422 1049.5328244 1049.5328244 8.5089781
7.9440561 0.2553432 1127.1336391 1127.1336391 8.5040552
8.9125633 0.2692043 1213.9015858 1213.9015858 8.5599250
10.0014481 0.2384734 1307.6244261 1307.6244261 8.5709745
11.2210876 0.2339534 1405.5468246 1405.5468246 8.5724876
12.5894367 0.2111813 1510.1369403 1510.1369403 8.6628173
14.1269504 0.2207681 1626.3550275 1626.3550275 8.6645262
15.8491767 0.1956870 1750.5144136 1750.5144136 8.7578667
17.7840324 0.1813620 1875.1614258 1875.1614258 8.6971253
19.9529062 0.1660900 2003.3525931 2003.3525931 8.8052677
22.3872322 0.1616252 2142.0680483 2142.0680483 8.7864309
25.1199938 0.1531022 2287.5529770 2287.5529770 8.7952847
28.1840786 0.1484880 2449.3930045 2449.3930045 8.8164570
31.6237393 0.1396733 2612.2795724 2612.2795724 8.7382814
35.4826072 0.1422816 2787.4821728 2787.4821728 8.7107652
39.8132470 0.1296347 2968.9044463 2968.9044463 8.6982552
44.6694872 0.1095063 3162.1523326 3162.1523326 8.5975579
50.1205675 0.1060764 3367.8397757 3367.8397757 8.6197386
56.2377471 0.1014109 3585.5190469 3585.5190469 8.5345948
63.0967693 0.0845479 3804.0333950 3804.0333950 8.4480301
70.7954662 0.0696374 4038.8381377 4038.8381377 8.4433292
79.4340106 0.0732314 4272.3425779 4272.3425779 8.3397477
89.1259377 0.0693180 4517.3911835 4517.3911835 8.3101867
100.0026275 0.0668836 4741.5487868 4741.5487868 8.1519060
112.2074471 0.0613894 5005.0507991 5005.0507991 8.1432815
125.8964104 0.0463103 5261.4776582 5261.4776582 7.9249877
141.2559945 0.0376826 5528.7604768 5528.7604768 7.7799893
158.4947918 0.0609240 5801.1319378 5801.1319378 7.7136554
177.8326602 0.0299881 6097.4214012 6097.4214012 7.5912037
199.5344894 0.0435195 6394.2735391 6394.2735391 7.4270793
223.8731455 0.0373860 6707.5617520 6707.5617520 7.2332343
251.1895596 0.0333647 7036.4909199 7036.4909199 7.1492609
281.8404883 0.0156117 7348.0643686 7348.0643686 7.0187040
316.2378815 0.0140331 7620.9256996 7620.9256996 6.8170745
354.8252370 0.0287839 7865.4680851 7865.4452510 6.6975981
398.1250863 0.0232952 8259.5432601 8259.5204259 6.4404467
446.6934609 0.0247925 8646.1508202 8646.1195988 6.2711362
501.1903976 0.0387294 9149.3011885 9149.2699670 6.2193985
562.3470481 0.0213550 9572.1444226 9572.0994829 6.0354452
630.9576992 0.0280830 10074.6627201 10074.6177804 5.8414178
707.9626349 0.0085464 10430.3196894 10428.3521636 5.6760382
794.3311114 0.0216539 10828.8647565 10825.9989581 5.4369528
891.2901875 0.0250315 11304.5654724 11300.1757574 5.3778749
1000.0152949 0.0160162 11846.5115908 11840.5144779 5.1639488
1122.0453570 0.0019373 12288.0757417 12273.3776755 5.0481230
1258.9519017 0.0157176 12749.2028517 12722.9789603 4.9404344
1412.6025846 0.0057680 13288.2961414 13247.4123374 4.8235120
1584.9192513 -0.0028464 13649.7650722 13566.8863249 4.7435004
1778.3297629 -0.0024053 14108.8013112 13985.1780412 4.4772000
1995.3396487 0.0037326 14490.8132545 14274.5208487 4.4872739
2238.7495208 0.0099479 15015.1695872 14728.2707368 4.4384038
2511.9332487 0.0110410 15759.3203289 15412.0423270 4.3690071
2818.4067961 -0.0037772 16435.2294018 16023.8468786 4.1577117
3162.3160538 -0.0030071 17051.9501768 16519.4643485 4.0242625
3548.2246552 -0.0018950 17614.4080734 16915.8135759 3.9947048
3981.0824729 0.0067418 18085.7644224 17051.2749731 3.8588813
4466.8445267 -0.0026063 18793.3882150 17529.5903849 3.8605032
5011.9508737 0.0051247 19747.6250697 18295.6991177 3.7601233
5623.4686414 0.0065979 21036.3050983 19467.4605149 3.6929901
6309.6060499 -0.0002672 22193.9501435 20386.7693670 3.5499813
7079.5178905 -0.0032611 23199.8173946 20935.9212553 3.5299950
7943.3360745 0.0049496 24235.0895840 21429.6115277 3.4509930
8912.5538779 -0.0017116 25599.6604736 22388.8399628 3.4417740
10000.0576380 -0.0103209 26874.1663146 23074.7366542 3.3584269
11220.2837932 -0.0026530 27574.0228261 22300.6947376 3.3213966
12589.2832138 -0.0041710 28463.5084951 21744.5438406 3.2210659
14125.4898594 0.0051047 29424.6287859 21094.0415019 3.2401899
15849.0266991 0.0003829 30672.6765587 20621.8234596 3.1753731
17782.8284773 -0.0012338 32784.5909364 21425.0655443 3.1980338
19952.6405589 0.0058414 36218.0615385 24049.4234919 3.1297640
22387.3110130 -0.0012447 38690.0125853 24924.6466970 3.0544885
25118.9399788 -0.0087305 41732.8968459 26340.6035697 3.0793276
28183.8378200 -0.0036216 44224.5624118 26400.8132253 2.9900046
31622.8492882 0.0040560 47187.0920517 26810.5052419 3.0056758
35481.3448326 0.0010515 49948.1921058 26162.2700890 2.9376438
39810.8123001 0.0044562 53209.5438433 25648.5584594 2.9726451
44668.4408210 0.0112735 57060.0662712 25372.5369708 2.9719963
50118.8218320 0.0057888 61609.1045943 25617.4475847 2.9828052
56234.1823694 -0.0071630 67718.7459461 27799.7774070 2.8821203
63095.8439737 -0.0009092 72408.1915449 25762.6960489 2.8520916
70794.7386130 -0.0067526 78196.2071441 25095.4878159 2.9847718
79432.9897122 0.0081437 84117.9882179 23083.4348836 2.8629611
89125.2011949 -0.0068899 94171.0496378 27091.7686100 2.8896460
100000.1496297 0.0012611 104241.5455047 29974.6413395 2.8940163
112201.9339986 0.0089933 116203.9889169 34071.5432078 2.9694980
125892.6936390 -0.0085307 128476.6327122 36296.7473537 2.9760392
141253.8311154 -0.0032343 139425.8753928 33219.2969786 2.9362289
158489.5061793 0.0061764 151004.3318033 27599.3936136 2.9337651
177827.9574712 -0.0042952 169204.4467297 32583.9264733 3.0534044
199526.2758973 0.0073865 186758.1181723 32285.9428190 3.0360634
