6008 -3.59 0 346.486
0.0325500 0.9802860 11.1651154 11.1651154 2.4630540
0.0357000 0.9772282 12.2331781 12.2331781 2.5101744
0.0399000 0.9740311 13.6518506 13.6518506 2.5723744
0.0451500 0.9711491 15.4211956 15.4211956 2.6525200
0.0504000 0.9669579 17.1826683 17.1826683 2.7295447
0.0567000 0.9620537 19.2867013 19.2867013 2.8167621
0.0640500 0.9562851 21.7280491 21.7280491 2.9159156
0.0714000 0.9490577 24.1521921 24.1521921 3.0085147
0.0798000 0.9425644 26.9018752 26.9018752 3.1165421
0.0892500 0.9364210 29.9770699 29.9770699 3.2336143
0.1008000 0.9289088 33.7092515 33.7092515 3.3777791
0.1123500 0.9226581 37.4099339 37.4099339 3.5290015
0.1260000 0.9150128 41.7550443 41.7550443 3.6878263
0.1417500 0.9045692 46.7199584 46.7199584 3.8435231
0.1585500 0.8939894 51.9517881 51.9517881 4.0178783
0.1785000 0.8794577 58.0813863 58.0813863 4.2108539
0.2005500 0.8631890 64.7359292 64.7359292 4.3902321
0.2247000 0.8502873 71.9044637 71.9044637 4.5797317
0.2520000 0.8336511 79.8698774 79.8698774 4.7793705
0.2824500 0.8166142 88.5766365 88.5766365 4.9650772
0.3171000 0.7977100 98.2575184 98.2575184 5.1896803
0.3549000 0.7766619 108.5697185 108.5697185 5.3777624
0.3990000 0.7563563 120.2621723 120.2621723 5.6033821
0.4473000 0.7376335 132.7512195 132.7512195 5.7950873
0.5019000 0.7234335 146.5789999 146.5789999 6.0368946
0.5628000 0.7024783 161.6454582 161.6454582 6.2252536
0.6310500 0.6846297 178.0602162 178.0602162 6.4287391
0.7087500 0.6649777 196.1752581 196.1752581 6.6002692
0.7948500 0.6390906 215.6126992 215.6126992 6.7385848
0.8914500 0.6126138 236.5693114 236.5693114 6.8683303
1.0006500 0.5896820 259.3589179 259.3589179 7.0788703
1.1227651 0.5739247 283.9341328 283.9341328 7.2108656
1.2594751 0.5541107 310.5560376 310.5560376 7.3612796
1.4127226 0.5293055 339.1666995 339.1666995 7.4594372
1.5858151 0.5060545 370.3699883 370.3699883 7.6231544
1.7787526 0.4883682 403.6484315 403.6484315 7.6682017
1.9959451 0.4607472 439.3815217 439.3815217 7.8312147
2.2393220 0.4390953 477.1620111 477.1620111 7.8585180
2.5125215 0.4278910 518.0742833 518.0742833 7.9577051
2.8192921 0.4129603 562.4093722 562.4093722 8.0392743
3.1631068 0.3941790 610.5191952 610.5191952 8.1726748
3.5483644 0.3805172 662.0478049 662.0478049 8.1839983
3.9810846 0.3654005 718.4207158 718.4207158 8.2721885
4.4672872 0.3474906 777.8303544 777.8303544 8.4063604
5.0118948 0.3248003 841.0350601 841.0350601 8.4532624
5.6245099 0.3098310 907.7465599 907.7465599 8.4929169
6.3098094 0.2907860 978.0918558 978.0918558 8.5393394
7.0803644 0.2959253 1055.9812006 1055.9812006 8.4968188
7.9440561 0.2766572 1141.4054909 1141.4054909 8.6491426
8.9125633 0.2568791 1232.0307481 1232.0307481 8.6590183
10.0014481 0.2403224 1326.9435196 1326.9435196 8.6339069
11.2210876 0.2250834 1423.9664736 1423.9664736 8.7325555
12.5894367 0.2068578 1527.2357390 1527.2357390 8.7974633
14.1269504 0.2006696 1637.5564032 1637.5564032 8.8148820
15.8491767 0.1998115 1756.7409516 1756.7409516 8.7712525
17.7840324 0.1779528 1884.8164670 1884.8164670 8.7312279
19.9529062 0.1798365 2019.9525984 2019.9525984 8.7850060
22.3872322 0.1575910 2161.9194776 2161.9194776 8.7754761
25.1199938 0.1533424 2309.0102862 2309.0102862 8.7880074
28.1840786 0.1481947 2475.7188856 2475.7188856 8.8149280
31.6237393 0.1406327 2649.0474113 2649.0474113 8.7684562
35.4826072 0.1262512 2826.8643263 2826.8643263 8.7593970
39.8132470 0.1316035 3021.9741207 3021.9741207 8.6565218
44.6694872 0.1169794 3225.6985331 3225.6985331 8.6720672
50.1205675 0.0957451 3423.0558577 3423.0558577 8.6858055
56.2377471 0.1006880 3642.0934696 3642.0934696 8.5517480
63.0967693 0.0808826 3878.3821612 3878.3821612 8.5337093
70.7954662 0.0898654 4130.2639085 4130.2639085 8.5639294
79.4340106 0.0914329 4420.0003432 4420.0003432 8.3459958
89.1259377 0.0725909 4720.7763681 4720.7763681 8.3312903
100.0026275 0.0677643 5004.3668078 5004.3668078 8.2876578
112.2074471 0.0653506 5295.1814535 5295.1814535 8.1899335
125.8964104 0.0645914 5604.8048794 5604.8048794 8.1461380
141.2559945 0.0556835 5900.7652402 5900.7652402 7.9154000
158.4947918 0.0371555 6187.6277838 6187.6277838 7.8250414
177.8326602 0.0390834 6533.2521333 6533.2521333 7.6560441
199.5344894 0.0656968 6935.8028521 6935.8028521 7.5307205
223.8731455 0.0460102 7302.5719207 7302.5719207 7.3868495
251.1895596 0.0529542 7697.0523291 7697.0523291 7.1728569
281.8404883 0.0430911 8138.1530123 8138.1530123 7.0247013
316.2378815 0.0335556 8532.4440195 8532.4440195 6.9521693
354.8252370 0.0423398 8999.7580526 8999.7580526 6.7457731
398.1250863 0.0118739 9429.8972612 9429.8972612 6.5334428
446.6934609 0.0106200 9778.3921645 9778.3921645 6.4259214
501.1903976 0.0049557 10163.0679506 10163.0679506 6.2681232
562.3470481 0.0100678 10590.4191815 10590.4191815 6.0102053
630.9576992 0.0066541 10853.6447463 10850.9029938 5.8787456
707.9626349 0.0146146 11012.1481930 10988.8384266 5.8135956
794.3311114 0.0045197 11337.9134373 11310.9633111 5.5848073
891.2901875 0.0133961 11574.9112289 11512.5124434 5.4345204
1000.0152949 0.0191025 11910.9871366 11825.0562906 5.2826135
1122.0453570 0.0098186 12152.9612610 12005.5236611 5.1677985
1258.9519017 0.0144446 12437.5244933 12255.7236916 4.9256669
1412.6025846 0.0001591 12893.4949209 12698.1384012 4.8583440
1584.9192513 -0.0007058 13225.6673867 12963.2098004 4.7395632
1778.3297629 0.0068882 13743.9673091 13456.6967048 4.6739505
1995.3396487 0.0153286 14152.7870741 13797.1654092 4.5839375
2238.7495208 0.0012803 14790.4046416 14396.9772403 4.4750110
2511.9332487 0.0092571 15396.0098277 14927.9175613 4.3573469
2818.4067961 0.0024050 16406.0890044 15911.6118885 4.2267680
3162.3160538 0.0015227 17488.7952370 16969.9184718 4.1250428
3548.2246552 0.0046485 18269.2447085 17661.5761607 4.0738352
3981.0824729 0.0013320 19269.3846455 18528.6569409 3.9366499
4466.8445267 0.0007671 20230.7919121 19348.2728535 3.8511179
5011.9508737 0.0065842 21057.0548683 19927.5326657 3.8535601
5623.4686414 0.0011581 21984.1454511 20572.1594276 3.6632794
6309.6060499 -0.0075889 22865.8683787 21085.7029510 3.6010405
7079.5178905 0.0035700 23696.0026830 21429.9266679 3.6046650
7943.3360745 -0.0047916 24479.5957862 21573.8488216 3.4524359
8912.5538779 0.0160600 25546.9447418 21940.9706465 3.4609073
10000.0576380 -0.0005859 27061.8145360 22943.5955946 3.3204761
11220.2837932 0.0102569 28244.2581172 23259.8232713 3.2990838
12589.2832138 -0.0062133 29271.6938013 22990.1019310 3.2209490
14125.4898594 0.0004129 31019.4056993 23886.4585619 3.2244644
15849.0266991 0.0013158 32496.3591254 23859.6453747 3.1581707
17782.8284773 -0.0039913 33983.0818254 23677.8001284 3.1195171
19952.6405589 0.0047075 36613.8294090 25144.0840661 3.1068039
22387.3110130 0.0061085 40078.9399767 27592.3931862 2.9908289
25118.9399788 0.0019685 42822.0848609 28574.4344389 3.0270809
28183.8378200 -0.0014703 44806.6805035 27524.2733561 3.0335468
31622.8492882 -0.0121809 47268.0163850 27033.7879761 3.0678459
35481.3448326 0.0118621 51093.4126694 28401.6748582 2.9885892
39810.8123001 -0.0016627 55151.8571424 29335.6517086 2.9947990
44668.4408210 0.0044647 59658.9189575 30463.2666958 2.9162370
50118.8218320 -0.0038526 63377.2684440 29246.3754578 2.9514153
56234.1823694 0.0091265 68164.0431169 28988.8138118 2.9003475
63095.8439737 0.0125821 74009.2184644 29636.8298414 2.9068979
70794.7386130 -0.0023295 77636.4772150 23805.3654552 2.9010324
79432.9897122 0.0145182 82572.1734349 19265.1343130 2.8977884
89125.2011949 -0.0020771 89962.8563515 18359.1243978 2.8582837
100000.1496297 0.0037627 97575.1253643 16256.7659918 2.9465374
112201.9339986 0.0004526 108177.0909359 17859.5693338 2.9988709
125892.6936390 0.0040514 118288.2574267 16286.0691480 2.8660677
141253.8311154 0.0009105 130606.3570397 16272.1687263 2.9240582
158489.5061793 -0.0048217 147241.4710091 21144.4422551 3.0203363
177827.9574712 0.0088982 164858.3642710 25059.6966120 2.9842228
199526.2758973 -0.0035074 184342.1826702 28766.1016209 3.0349218
