6010 -3.59 0 341.176
0.0325500 0.9730517 10.9503586 10.9503586 2.4039650
0.0357000 0.9709045 11.9945126 11.9945126 2.4554721
0.0399000 0.9678587 13.3827860 13.3827860 2.5180043
0.0451500 0.9636954 15.1120687 15.1120687 2.5962575
0.0504000 0.9598789 16.8342645 16.8342645 2.6721232
0.0567000 0.9551014 18.8919511 18.8919511 2.7562778
0.0640500 0.9487489 21.2770980 21.2770980 2.8574913
0.0714000 0.9443632 23.6491751 23.6491751 2.9584609
0.0798000 0.9375145 26.3435230 26.3435230 3.0701817
0.0892500 0.9303656 29.3536717 29.3536717 3.2016900
0.1008000 0.9208703 33.0012777 33.0012777 3.3581226
0.1123500 0.9133152 36.6141033 36.6141033 3.4963768
0.1260000 0.9051242 40.8477720 40.8477720 3.6395025
0.1417500 0.8965926 45.6855465 45.6855465 3.8064331
0.1585500 0.8866361 50.7943264 50.7943264 3.9600872
0.1785000 0.8739384 56.7866447 56.7866447 4.1477895
0.2005500 0.8598028 63.3047250 63.3047250 4.3463399
0.2247000 0.8464949 70.3418177 70.3418177 4.5616391
0.2520000 0.8305506 78.1503595 78.1503595 4.7493835
0.2824500 0.8106921 86.6648836 86.6648836 4.9555371
0.3171000 0.7969794 96.1585674 96.1585674 5.1906854
0.3549000 0.7793943 106.3262123 106.3262123 5.3894452
0.3990000 0.7571592 117.8782505 117.8782505 5.5797720
0.4473000 0.7382082 130.1831215 130.1831215 5.8310221
0.5019000 0.7128277 143.6740530 143.6740530 5.9982814
0.5628000 0.6832078 158.1587550 158.1587550 6.2208918
0.6310500 0.6652031 173.8666177 173.8666177 6.3797158
0.7087500 0.6450878 191.2168868 191.2168868 6.5453218
0.7948500 0.6227361 209.8306416 209.8306416 6.7067252
0.8914500 0.6050781 230.0490889 230.0490889 6.8785632
1.0006500 0.5759836 252.0665715 252.0665715 7.0426045
1.1227651 0.5599174 275.6723445 275.6723445 7.1546738
1.2594751 0.5388343 301.2412869 301.2412869 7.2606736
1.4127226 0.5277626 329.1013095 329.1013095 7.4113903
1.5858151 0.5025441 359.4114457 359.4114457 7.5780831
1.7787526 0.4874229 391.8656563 391.8656563 7.6556947
1.9959451 0.4693519 427.2433481 427.2433481 7.7418482
2.2393220 0.4419634 465.0114354 465.0114354 7.8549887
2.5125215 0.4180181 504.7126636 504.7126636 7.9568553
2.8192921 0.3945264 547.3029073 547.3029073 8.0354798
3.1631068 0.3819789 592.9455147 592.9455147 8.0346019
3.5483644 0.3663711 642.2592464 642.2592464 8.0997917
3.9810846 0.3504768 695.4989740 695.4989740 8.2222249
4.4672872 0.3421177 752.7564067 752.7564067 8.2772587
5.0118948 0.3172629 813.7491288 813.7491288 8.3657963
5.6245099 0.2947903 877.3251909 877.3251909 8.4725551
6.3098094 0.2908944 945.3122762 945.3122762 8.4830397
7.0803644 0.2772220 1019.4920196 1019.4920196 8.4580435
7.9440561 0.2675260 1099.4462434 1099.4462434 8.5363278
8.9125633 0.2430651 1185.6574663 1185.6574663 8.5251092
10.0014481 0.2195236 1272.9248287 1272.9248287 8.6777982
11.2210876 0.2102466 1362.6312673 1362.6312673 8.7129776
12.5894367 0.2134974 1458.9196341 1458.9196341 8.6911478
14.1269504 0.1963795 1565.1415923 1565.1415923 8.6638995
15.8491767 0.1838149 1673.6288230 1673.6288230 8.6360028
17.7840324 0.1739545 1793.4590033 1793.4590033 8.7261216
19.9529062 0.1487525 1919.2749389 1919.2749389 8.7301643
22.3872322 0.1593445 2051.9843248 2051.9843248 8.6252618
25.1199938 0.1531710 2199.1619286 2199.1619286 8.8305190
28.1840786 0.1369429 2356.8187037 2356.8187037 8.7721717
31.6237393 0.1257803 2515.6096742 2515.6096742 8.7070147
35.4826072 0.1213477 2673.3449938 2673.3449938 8.7080717
39.8132470 0.1221464 2843.3050319 2843.3050319 8.7023064
44.6694872 0.1084150 3030.2004209 3030.2004209 8.6370746
50.1205675 0.0944221 3200.5108284 3200.5108284 8.5818419
56.2377471 0.1016588 3400.4758562 3400.4758562 8.5058221
63.0967693 0.0967206 3639.0939400 3639.0939400 8.5384647
70.7954662 0.0854354 3868.9801762 3868.9801762 8.4326462
79.4340106 0.0857445 4115.9762290 4115.9762290 8.3443338
89.1259377 0.0828832 4385.5302639 4385.5302639 8.2667181
100.0026275 0.0675046 4656.5152337 4656.5152337 8.1262217
112.2074471 0.0668841 4934.8056969 4934.8056969 8.1011022
125.8964104 0.0645606 5228.9437616 5228.9437616 7.9678703
141.2559945 0.0652561 5573.2161616 5573.2161616 7.8492779
158.4947918 0.0491919 5884.7987180 5884.7987180 7.6512334
177.8326602 0.0326041 6237.8719967 6237.8719967 7.5880952
199.5344894 0.0277277 6526.6886199 6526.6886199 7.4773804
223.8731455 0.0400325 6871.9389925 6871.9389925 7.2836005
251.1895596 0.0429294 7217.5058688 7217.5058688 7.1700588
281.8404883 0.0240927 7555.5904150 7555.5904150 6.9642856
316.2378815 0.0237618 7888.3966199 7888.3966199 6.8873970
354.8252370 0.0276532 8151.2734864 8151.2734864 6.6750838
398.1250863 0.0262327 8476.8898095 8476.8898095 6.4721266
446.6934609 0.0049396 8728.0276338 8727.7085911 6.3152655
501.1903976 0.0229688 9032.5477524 9031.7372846 6.1187117
562.3470481 0.0097816 9313.6509767 9310.3642858 6.0018986
630.9576992 0.0223366 9587.6923530 9581.6216920 5.7842063
707.9626349 -0.0032667 9780.6793215 9746.3511707 5.6915049
794.3311114 -0.0020895 9936.5983094 9866.9692444 5.4931337
891.2901875 -0.0021419 10060.3297552 9929.4422770 5.3885478
1000.0152949 0.0094789 10129.3625136 9854.7695031 5.2826487
1122.0453570 -0.0015269 10237.3724075 9846.6021779 5.1559443
1258.9519017 0.0086800 10376.5798851 9854.4899139 4.9972370
1412.6025846 -0.0021783 10494.2449052 9816.8311860 4.8635879
1584.9192513 0.0015113 10556.6003333 9575.9235125 4.7438364
1778.3297629 0.0084515 10724.4773859 9563.7044476 4.6277537
1995.3396487 -0.0016227 10839.0848359 9312.5218204 4.5252441
2238.7495208 0.0064625 11146.7458900 9439.1164996 4.4369707
2511.9332487 -0.0132585 11583.6219365 9767.8367653 4.2745550
2818.4067961 0.0095060 11726.4315587 9440.3562568 4.1900035
3162.3160538 -0.0052741 11920.1005289 9154.9500186 4.1037900
3548.2246552 -0.0026646 12119.7895256 8815.9388660 4.0014976
3981.0824729 0.0084007 12330.9023927 8437.7326388 3.9328203
4466.8445267 0.0060263 12613.1780479 8114.1582133 3.8574558
5011.9508737 -0.0001573 13095.5520740 8134.2050472 3.7695717
5623.4686414 -0.0006280 13718.9471521 8280.5269746 3.7079304
6309.6060499 -0.0115123 14460.9214786 8555.2519738 3.6250599
7079.5178905 -0.0136328 14686.4989795 7479.0563667 3.5034508
7943.3360745 0.0045680 15165.8691905 6869.0365897 3.4795420
8912.5538779 -0.0013228 15847.1822425 6679.1129366 3.3989396
10000.0576380 -0.0042542 16831.7811629 6697.3268367 3.3674179
11220.2837932 -0.0005840 18403.5707770 7678.0967269 3.2930353
12589.2832138 0.0061644 19879.0000858 8285.4711477 3.2900998
14125.4898594 0.0045160 21414.4748752 8659.8977443 3.1748719
15849.0266991 -0.0010893 22333.0198896 7550.8246989 3.2374326
17782.8284773 -0.0100997 23913.9533755 7573.7785985 3.2294959
19952.6405589 0.0050602 25297.3309282 6693.6319803 3.1955770
22387.3110130 0.0079572 26672.5971690 5197.6911995 3.1085715
25118.9399788 0.0013851 28434.5123176 4173.4838012 3.0851849
28183.8378200 0.0008615 30452.7045781 3032.4992323 3.0751332
31622.8492882 0.0123697 33453.4837626 3444.2827780 3.0641754
35481.3448326 -0.0034809 35890.2964449 1845.6987045 2.9792896
39810.8123001 0.0005463 39536.4829889 2193.9357653 2.9670678
44668.4408210 0.0036546 44201.2239085 3324.2798283 3.0040829
50118.8218320 0.0068208 50136.7890339 6051.1514226 2.9489055
56234.1823694 -0.0146270 57234.0614216 10082.0907606 2.8930452
63095.8439737 0.0099517 64217.0310382 12920.4906267 2.9223623
70794.7386130 -0.0048417 72427.2114652 16611.3903323 2.8514077
79432.9897122 0.0014764 80892.6574722 19624.7444329 2.9608478
89125.2011949 -0.0038567 92927.4655379 26849.6492204 2.9188290
100000.1496297 -0.0043554 104935.3192452 32676.8962351 2.8886468
112201.9339986 -0.0003740 116845.3713144 36842.5689646 2.9289543
125892.6936390 0.0051956 133783.7521562 46687.0288401 2.8978926
141253.8311154 -0.0020873 148475.6055183 50951.5019020 2.9165171
158489.5061793 -0.0007909 166934.5513963 59295.5966213 2.9933241
177827.9574712 -0.0110056 186525.5811844 66443.8525980 2.9854686
199526.2758973 0.0110837 208613.9260146 74318.2375724 3.0381215
