6014 -3.59 0 343.04
0.0325500 0.9788638 11.0437528 11.0437528 2.4363872
0.0357000 0.9762000 12.0994706 12.0994706 2.4855614
0.0399000 0.9745518 13.5038451 13.5038451 2.5523458
0.0451500 0.9710523 15.2555098 15.2555098 2.6311240
0.0504000 0.9670337 17.0003019 17.0003019 2.7042259
0.0567000 0.9616728 19.0830888 19.0830888 2.8009514
0.0640500 0.9548628 21.4980519 21.4980519 2.8884201
0.0714000 0.9491499 23.8963750 23.8963750 2.9838967
0.0798000 0.9428806 26.6223303 26.6223303 3.0907314
0.0892500 0.9386102 29.6719666 29.6719666 3.2154366
0.1008000 0.9312529 33.3743406 33.3743406 3.3652149
0.1123500 0.9225639 37.0444912 37.0444912 3.5055251
0.1260000 0.9141401 41.3438797 41.3438797 3.6752231
0.1417500 0.9018955 46.2465707 46.2465707 3.8375878
0.1585500 0.8907230 51.4119722 51.4119722 4.0132631
0.1785000 0.8797220 57.4636663 57.4636663 4.1914316
0.2005500 0.8703399 64.0853338 64.0853338 4.3949170
0.2247000 0.8606174 71.2590926 71.2590926 4.6099707
0.2520000 0.8444208 79.2410897 79.2410897 4.7871811
0.2824500 0.8251913 87.9639273 87.9639273 4.9679507
0.3171000 0.8118990 97.6887829 97.6887829 5.1940872
0.3549000 0.7900535 108.0646976 108.0646976 5.3804146
0.3990000 0.7736747 119.8928016 119.8928016 5.6205790
0.4473000 0.7532422 132.5000233 132.5000233 5.8608185
0.5019000 0.7312515 146.3950721 146.3950721 6.0723993
0.5628000 0.7079394 161.4210146 161.4210146 6.2725773
0.6310500 0.6882206 177.7295516 177.7295516 6.4678813
0.7087500 0.6670999 195.7682727 195.7682727 6.6067329
0.7948500 0.6443138 215.1381711 215.1381711 6.7729114
0.8914500 0.6133577 235.9422052 235.9422052 6.9329788
1.0006500 0.5885174 258.4863369 258.4863369 7.0261114
1.1227651 0.5690719 282.6246059 282.6246059 7.1914426
1.2594751 0.5481227 308.8061761 308.8061761 7.3053680
1.4127226 0.5236797 336.9737265 336.9737265 7.5307547
1.5858151 0.5021337 367.5875659 367.5875659 7.6050010
1.7787526 0.4832058 400.2709113 400.2709113 7.7389544
1.9959451 0.4633692 435.4640512 435.4640512 7.7987661
2.2393220 0.4365863 473.0967626 473.0967626 7.8331493
2.5125215 0.4219864 513.2276034 513.2276034 7.9688292
2.8192921 0.4011957 556.9052651 556.9052651 8.0519505
3.1631068 0.3914608 603.8029954 603.8029954 8.1641453
3.5483644 0.3673641 654.2188287 654.2188287 8.2789359
3.9810846 0.3620341 708.2003974 708.2003974 8.3334776
4.4672872 0.3495424 768.1289146 768.1289146 8.4127171
5.0118948 0.3407196 832.5345647 832.5345647 8.4329857
5.6245099 0.3207436 902.3406525 902.3406525 8.5142343
6.3098094 0.2988060 974.8454465 974.8454465 8.5291067
7.0803644 0.2853365 1052.0196744 1052.0196744 8.5407373
7.9440561 0.2785634 1136.1465002 1136.1465002 8.7166028
8.9125633 0.2564067 1225.7322969 1225.7322969 8.7437098
10.0014481 0.2257076 1318.0928889 1318.0928889 8.7542117
11.2210876 0.2350552 1415.3419412 1415.3419412 8.7560414
12.5894367 0.2078937 1518.2702741 1518.2702741 8.7291456
14.1269504 0.2138615 1630.5603821 1630.5603821 8.7990182
15.8491767 0.2071348 1754.6561373 1754.6561373 8.7872535
17.7840324 0.1859088 1881.2963575 1881.2963575 8.8462530
19.9529062 0.1675169 2013.7757509 2013.7757509 8.8288131
22.3872322 0.1672469 2153.1786897 2153.1786897 8.7323877
25.1199938 0.1481409 2300.7499771 2300.7499771 8.8358273
28.1840786 0.1342605 2455.8771394 2455.8771394 8.8167965
31.6237393 0.1379255 2622.3493793 2622.3493793 8.7286742
35.4826072 0.1232313 2801.2074935 2801.2074935 8.8512298
39.8132470 0.1228583 3002.6661240 3002.6661240 8.8551974
44.6694872 0.1237365 3201.5504780 3201.5504780 8.7640541
50.1205675 0.1256258 3425.3325513 3425.3325513 8.6899548
56.2377471 0.1109485 3674.4618808 3674.4618808 8.7119801
63.0967693 0.0845445 3908.1807085 3908.1807085 8.6302759
70.7954662 0.0877986 4152.6525905 4152.6525905 8.5683896
79.4340106 0.0958760 4406.0917505 4406.0917505 8.4616897
89.1259377 0.0721620 4666.8284916 4666.8284916 8.5336208
100.0026275 0.0762204 4947.5679101 4947.5679101 8.3439604
112.2074471 0.0695103 5240.7874625 5240.7874625 8.2744488
125.8964104 0.0519397 5499.6006113 5499.6006113 8.1267626
141.2559945 0.0519659 5765.8420249 5765.8420249 8.0155454
158.4947918 0.0489795 6059.9264556 6059.9264556 7.8687445
177.8326602 0.0350570 6385.2219303 6385.2219303 7.7396953
199.5344894 0.0438924 6677.7505917 6677.7505917 7.5923468
223.8731455 0.0381997 7007.3766051 7007.3766051 7.4982928
251.1895596 0.0304535 7317.6800637 7317.6800637 7.4004916
281.8404883 0.0314457 7661.4969980 7661.4969980 7.1225917
316.2378815 0.0384365 7992.7891204 7992.7891204 7.0067297
354.8252370 0.0188112 8342.9146987 8342.9146987 6.8708649
398.1250863 0.0229045 8645.7597613 8645.7078856 6.6032443
446.6934609 -0.0002558 8923.8284788 8923.2532766 6.4416684
501.1903976 0.0186690 9232.9367635 9231.9457745 6.3663532
562.3470481 0.0197432 9559.7304929 9558.2552947 6.1967857
630.9576992 0.0161682 10024.3885833 10022.7918669 5.8592409
707.9626349 0.0100754 10430.2937414 10426.8106998 5.7206194
794.3311114 0.0095641 10746.8644637 10738.1358914 5.6485919
891.2901875 0.0124642 11058.9549999 11040.4767817 5.4651112
1000.0152949 -0.0037906 11396.7181095 11359.0925992 5.2558985
1122.0453570 0.0042584 11633.0786174 11559.9373023 5.0888687
1258.9519017 0.0067759 12054.7378844 11962.8492275 5.0237063
1412.6025846 0.0134072 12647.9378890 12549.3606701 4.8356627
1584.9192513 0.0091184 13099.1474208 12963.2275835 4.7560918
1778.3297629 -0.0088006 13599.3750744 13443.0908341 4.6384217
1995.3396487 0.0126161 14086.3460346 13874.6258684 4.5018644
2238.7495208 -0.0024806 14608.7698162 14333.2856579 4.4670879
2511.9332487 0.0104447 14906.1147569 14445.4043071 4.2897295
2818.4067961 -0.0016320 15192.9286452 14478.8952539 4.1934580
3162.3160538 -0.0008301 15561.6566020 14577.2405113 4.0462967
3548.2246552 -0.0026263 15792.4482409 14301.2762500 3.9943909
3981.0824729 0.0019081 16315.0517935 14519.1943612 3.9482922
4466.8445267 0.0038442 16767.5389982 14542.8544326 3.8190000
5011.9508737 0.0149187 17331.6789038 14613.9655298 3.7385233
5623.4686414 -0.0013185 18065.2733972 15013.1363691 3.6773172
6309.6060499 0.0002233 19201.8187128 15907.4258641 3.5685173
7079.5178905 0.0000616 20000.1937560 16137.5071054 3.5521190
7943.3360745 -0.0027576 20945.4722069 16511.5280150 3.5188586
8912.5538779 0.0018565 21770.2132075 16430.5826723 3.4060218
10000.0576380 0.0005728 22565.3282802 16211.4386165 3.3930321
11220.2837932 -0.0013535 23828.1767342 16522.8631477 3.3465940
12589.2832138 -0.0070690 25227.6815888 17039.8163179 3.2261768
14125.4898594 0.0044110 27033.8719181 18002.6692278 3.1779674
15849.0266991 -0.0074480 27680.6262975 16092.9787486 3.1672392
17782.8284773 -0.0078720 28820.0365750 14954.3450917 3.1021070
19952.6405589 -0.0162357 30091.3908411 13843.9082221 3.1382224
22387.3110130 0.0080202 31230.6547571 11678.8629244 2.9987058
25118.9399788 -0.0020711 32688.0298536 9883.6425709 2.9843204
28183.8378200 -0.0113031 33744.7759747 5999.9772414 3.0339656
31622.8492882 0.0061949 35166.7830976 2599.5073876 2.9949805
35481.3448326 0.0002796 36996.5092821 -628.8617910 2.9780632
39810.8123001 0.0031814 40322.9256109 -1293.8064633 2.9562057
44668.4408210 -0.0010170 44989.0845771 105.3584072 2.8899820
50118.8218320 -0.0064073 50875.3257470 2849.2239482 2.9654346
56234.1823694 -0.0045124 55044.6003047 1357.2511812 2.8947767
63095.8439737 0.0025201 61268.9737621 2863.1498695 2.8778977
70794.7386130 -0.0037339 65561.3627662 -1315.7675601 2.9552183
79432.9897122 0.0026171 71677.5375861 -3130.2843897 2.9123998
89125.2011949 0.0044496 76974.5665800 -8967.3579966 2.9411686
100000.1496297 0.0015088 85914.4481350 -8496.3295927 2.8772341
112201.9339986 0.0047523 95241.8304581 -9719.3771290 2.9534368
125892.6936390 0.0010558 105348.3313525 -11952.9181674 2.9018633
141253.8311154 -0.0033326 115619.2100321 -16472.4992925 2.9634044
158489.5061793 -0.0087792 128404.5841770 -19189.1135264 2.9191158
177827.9574712 -0.0050510 145304.1018096 -17287.0894929 2.9442832
199526.2758973 -0.0019923 165542.9083059 -12243.2684614 3.0439532
223872.2496407 0.0009507 185777.4633403 -11785.0546575 3.1047668
