1014 0
0 877.268 0 0
0 0.994726 8.74759 8.74759
0 0.989451 17.4482 17.4482
0 0.984169 26.1026 26.1026
0 0.974218 43.2773 43.2773
0 0.964456 60.2792 60.2792
0 0.950419 85.4719 85.4719
0 0.908355 166.944 166.944
0 0.872009 244.983 244.983
0 0.812752 392.552 392.552
0 0.766933 530.986 530.986
1 0.711182 725.079 725.079
2 0.59951 1294.84 1294.84
3 0.535574 1790.82 1790.82
5 0.462066 2659.87 2659.87
7 0.4197 3429.67 3429.67
10 0.379081 4476.8 4476.8
15 0.339736 6051.09 6051.09
20 0.313968 7480.49 7480.49
30 0.283136 10093.6 10093.6
50 0.249075 14751 14751
70 0.230209 18972.4 18972.4
100 0.212312 24798 24798
150 0.193615 33683.4 33683.4
200 0.180694 41882.4 41882.4
300 0.165201 56894.2 56894.2
500 0.141002 83496.4 83496.4
700 0.128301 107253 107253
1000 0.1177 139381 139381
1500 0.102433 187379 187379
2000 0.0964739 230947 230947
3000 0.0846818 310634 310634
5000 0.0737933 450694 450694
7000 0.0664941 574225 574225
10000 0.0652901 749773 749773
15000 0.063167 1.02906e+06 1.02906e+06
20000 0.0578832 1.28483e+06 1.28483e+06
30000 0.053443 1.79124e+06 1.79124e+06
40000 0.0543719 2.27776e+06 2.27776e+06
50000 0.0482929 2.72012e+06 2.72012e+06
60000 0.0426796 3.12839e+06 3.12839e+06
70000 0.0430685 3.50679e+06 3.50679e+06
80000 0.0345279 3.85468e+06 3.85468e+06
90000 0.0334737 4.16891e+06 4.16891e+06
100000 0.0372174 4.45911e+06 4.45911e+06
150000 0.0318465 5.85578e+06 5.85578e+06
200000 0.0313165 7.18487e+06 7.18487e+06
300000 0.0314141 9.996e+06 9.996e+06
