1007 0
0 871.46 0 0
0 0.981897 8.6239 8.6239
0 0.965407 17.1033 17.1033
0 0.95105 25.4452 25.4452
0 0.926615 41.7966 41.7966
0 0.905697 57.7581 57.7581
0 0.878283 81.053 81.053
0 0.809303 154.285 154.285
0 0.758689 222.521 222.521
0 0.690889 348.37 348.37
0 0.644652 464.609 464.609
1 0.590203 625.745 625.745
2 0.493825 1093.58 1093.58
3 0.430907 1494.8 1494.8
5 0.374004 2195.48 2195.48
7 0.335887 2817.06 2817.06
10 0.304638 3661.45 3661.45
15 0.263402 4908.3 4908.3
20 0.241748 6019.13 6019.13
30 0.215964 8021.71 8021.71
50 0.189043 11554.7 11554.7
70 0.160209 14556.5 14556.5
100 0.146255 18631.9 18631.9
150 0.141993 24720.2 24720.2
200 0.108303 30023.3 30023.3
300 0.106498 39452 39452
500 0.0799346 56432.2 56432.2
700 0.0804508 71341.8 71341.8
1000 0.0714143 90210 90210
1500 0.0539703 115839 115839
2000 0.0450228 137682 137682
3000 0.0328181 173568 173568
5000 0.0217481 226851 226851
7000 0.0208899 262137 262132
10000 0.00383618 307038 306984
15000 0.00959892 359253 358762
20000 0.00195444 416324 415577
30000 -0.00480438 471170 463436
40000 -0.00631468 523993 507264
50000 8.49319e-05 559122 528898
60000 0.00385515 594476 549853
70000 -0.00288972 623194 561728
80000 -0.00498257 664976 592706
90000 0.00492526 720637 641920
100000 0.00148934 757104 665281
150000 0.000343782 918306 742244
200000 0.005241 1.07824e+06 814919
300000 0.00829629 1.65125e+06 1.31751e+06
400000 -0.000322848 2.04095e+06 1.56807e+06
500000 -0.00777041 2.22856e+06 1.44581e+06
600000 -0.00552923 2.38373e+06 1.23212e+06
700000 -2.84562e-05 2.45597e+06 724473
800000 -0.0127672 2.50183e+06 51586.1
900000 -0.0128433 2.54568e+06 -648351
1000000 -0.0135244 2.5968e+06 -1.32151e+06
