1002 0
0 1.01432 4.65896 4.65896
0 1.00702 9.28439 9.28439
0 0.999911 13.8772 13.8772
0 0.986237 22.9681 22.9681
0 0.973253 31.9382 31.9382
0 0.954958 45.1797 45.1797
0 0.902657 87.6754 87.6754
0 0.864449 124.088 124.088
0 0.80234 196.525 196.525
0 0.756693 264.356 264.356
1 0.705716 361.442 361.442
2 0.61091 645.831 645.831
3 0.560723 900.414 900.414
5 0.504902 1365.01 1365.01
7 0.473019 1790.62 1790.62
10 0.442983 2390.63 2390.63
15 0.412871 3323.32 3323.32
20 0.39365 4203.64 4203.64
30 0.367355 5865.63 5865.63
50 0.336547 8928.76 8928.76
70 0.319746 11794.1 11794.1
100 0.302911 15882.6 15882.6
150 0.278219 22238.3 22238.3
200 0.260347 28102.2 28102.2
300 0.241068 38989.1 38989.1
500 0.191846 58040.9 58040.9
700 0.165306 73466.4 73466.4
1000 0.153035 94137.7 94137.7
1500 0.139765 125427 125427
2000 0.111449 152212 152212
3000 0.0931241 196485 196485
5000 0.0746807 269740 269740
7000 0.0630832 328164 328164
10000 0.0566862 413417 413417
15000 0.0593623 543034 543034
20000 0.0593623 672873 672873
