1000 0
0 48.9081 0 0
0 0.994187 0.487513 0.487513
0 0.988499 0.972216 0.972216
0 0.982948 1.45417 1.45417
0 0.972242 2.41012 2.41012
0 0.962033 3.35585 3.35585
0 0.947535 4.75628 4.75628
0 0.905329 9.28274 9.28274
0 0.8706 13.6221 13.6221
0 0.816572 21.8586 21.8586
0 0.775938 29.6378 29.6378
1 0.729897 40.6667 40.6667
2 0.637798 73.8466 73.8466
3 0.586605 103.688 103.688
5 0.528244 157.906 157.906
7 0.493972 207.779 207.779
10 0.461341 277.677 277.677
15 0.428551 386.113 386.113
20 0.408312 488.267 488.267
30 0.383515 681.321 681.321
50 0.357635 1042.27 1042.27
70 0.34292 1384.37 1384.37
100 0.328586 1876.29 1876.29
150 0.314155 2660.62 2660.62
200 0.302131 3413.69 3413.69
300 0.282837 4838.85 4838.85
500 0.265998 7516.52 7516.52
700 0.259579 10085.6 10085.6
1000 0.244421 13790.4 13790.4
1500 0.242241 19734.7 19734.7
2000 0.241686 25646.1 25646.1
3000 0.241377 37472.3 37472.3
5000 0.238009 60901.7 60901.7
7000 0.237408 84146.5 84146.5
10000 0.237404 119001 119001
15000 0.236831 176971 176971
20000 0.236766 234875 234875
30000 0.23675 350668 350668
40000 0.236749 466458 466458
50000 0.236749 582246 582246
60000 0.236749 698036 698036
70000 0.236749 813826 813826
80000 0.236749 929616 929616
90000 0.236749 1.0454e+06 1.0454e+06
100000 0.236749 1.16119e+06 1.16119e+06
150000 0.236749 1.74014e+06 1.74014e+06
200000 0.236749 2.31909e+06 2.31909e+06
300000 0.236759 3.47701e+06 3.47701e+06
400000 0.237605 4.6335e+06 4.6335e+06
500000 0.20393 5.75357e+06 5.75357e+06
600000 0.189286 6.67455e+06 6.67455e+06
700000 0.17108 7.48863e+06 7.48863e+06
800000 0.14915 8.1419e+06 8.1419e+06
900000 0.114995 8.79697e+06 8.79697e+06
1000000 0.117592 9.44556e+06 9.44556e+06
