1004 0
0 49.6868 0 0
0 0.994031 0.495231 0.495231
0 0.988209 0.987537 0.987537
0 0.982526 1.47699 1.47699
0 0.971565 2.4476 2.4476
0 0.961115 3.40758 3.40758
0 0.946322 4.82871 4.82871
0 0.903449 9.41936 9.41936
0 0.868325 13.8174 13.8174
0 0.81364 22.1591 22.1591
0 0.772404 30.03 30.03
1 0.725596 41.1757 41.1757
2 0.631841 74.6264 74.6264
3 0.578977 104.604 104.604
5 0.517949 158.789 158.789
7 0.482167 208.35 208.35
10 0.448059 277.484 277.484
15 0.413825 384.15 384.15
20 0.392548 484.146 484.146
30 0.366106 672.004 672.004
50 0.338235 1020.35 1020.35
70 0.322446 1348.1 1348.1
100 0.307802 1816.74 1816.74
150 0.293696 2562.24 2562.24
200 0.285554 3281.11 3281.11
300 0.275817 4673.53 4673.53
500 0.256165 7328.47 7328.47
700 0.239522 9767.19 9767.19
1000 0.235915 13320.4 13320.4
1500 0.20977 18805.8 18805.8
2000 0.206358 23934.2 23934.2
3000 0.193542 33741.1 33741.1
5000 0.188046 52568.2 52568.2
7000 0.166983 70750.9 70750.9
10000 0.17045 96062.8 96062.8
15000 0.170608 138446 138446
20000 0.170618 180832 180832
30000 0.170619 265607 265607
40000 0.170619 350383 350383
50000 0.170619 435158 435158
60000 0.170619 519933 519933
70000 0.170619 604708 604708
80000 0.170619 689484 689484
90000 0.170619 774259 774259
100000 0.170619 859034 859034
150000 0.170619 1.28291e+06 1.28291e+06
200000 0.170619 1.70679e+06 1.70679e+06
300000 0.170577 2.55454e+06 2.55454e+06
400000 0.164038 3.40136e+06 3.40136e+06
500000 0.151862 4.2314e+06 4.2314e+06
600000 0.100707 4.97216e+06 4.97216e+06
700000 0.0152447 5.27183e+06 5.27183e+06
800000 0.0233259 5.43407e+06 5.43407e+06
900000 0.112635 5.66403e+06 5.66396e+06
1000000 0.0875904 6.06651e+06 6.06645e+06
