1002 0
0 877.871 0 0
0 0.99462 8.75246 8.75246
0 0.989525 17.4588 17.4588
0 0.984366 26.1204 26.1204
0 0.974624 43.3111 43.3111
0 0.965164 60.3341 60.3341
0 0.95165 85.5664 85.5664
0 0.910109 167.21 167.21
0 0.874072 245.462 245.462
0 0.814232 393.414 393.414
0 0.768268 532.14 532.14
1 0.714682 727.041 727.041
2 0.602089 1299.71 1299.71
3 0.538829 1798.19 1798.19
5 0.465675 2672.74 2672.74
7 0.424721 3452.18 3452.18
10 0.382304 4512.35 4512.35
15 0.34285 6099.55 6099.55
20 0.318199 7545.7 7545.7
30 0.287331 10186.6 10186.6
50 0.252106 14893.4 14893.4
70 0.233104 19137.3 19137.3
100 0.212126 24994.1 24994.1
150 0.193821 33912.4 33912.4
200 0.183121 42176.6 42176.6
300 0.168372 57472.3 57472.3
500 0.148835 84752 84752
700 0.134339 109543 109543
1000 0.123542 143467 143467
1500 0.113046 194819 194819
2000 0.101476 242657 242657
3000 0.0936869 330051 330051
5000 0.0805845 479468 479468
7000 0.070348 611706 611706
10000 0.0679493 796170 796170
15000 0.0643237 1.08001e+06 1.08001e+06
20000 0.0650805 1.36559e+06 1.36559e+06
30000 0.0633797 1.90059e+06 1.90059e+06
40000 0.0612606 2.44209e+06 2.44209e+06
50000 0.0603677 2.99136e+06 2.99136e+06
60000 0.0581555 3.51858e+06 3.51858e+06
70000 0.0543213 4.02105e+06 4.02105e+06
80000 0.0531486 4.49245e+06 4.49245e+06
90000 0.0522368 4.95705e+06 4.95705e+06
100000 0.0476515 5.40038e+06 5.40038e+06
150000 0.0505206 7.52778e+06 7.52778e+06
200000 0.052661 9.80256e+06 9.80256e+06
300000 0.0452628 1.42904e+07 1.42904e+07
400000 0.0456589 1.8391e+07 1.8391e+07
500000 0.0482639 2.24416e+07 2.24416e+07
600000 0.0486081 2.65576e+07 2.65576e+07
700000 0.0464643 3.05847e+07 3.05847e+07
800000 0.0451072 3.44951e+07 3.44951e+07
900000 0.0421173 3.84092e+07 3.84092e+07
1000000 0.0431006 4.23833e+07 4.23833e+07
