1006 0
0 1.03165 4.6173 4.6173
0 1.02407 9.20068 9.20068
0 1.01734 13.7539 13.7539
0 1.00267 22.7629 22.7629
0 0.988754 31.6443 31.6443
0 0.970471 44.7556 44.7556
0 0.917677 86.8273 86.8273
0 0.877722 122.879 122.879
0 0.814199 194.492 194.492
0 0.764463 261.409 261.409
1 0.712661 356.891 356.891
2 0.616775 636.33 636.33
3 0.563715 886.523 886.523
5 0.507489 1342.64 1342.64
7 0.47436 1759.75 1759.75
10 0.442524 2347.81 2347.81
15 0.408082 3253.2 3253.2
20 0.38523 4095.33 4095.33
30 0.356888 5677.99 5677.99
50 0.326806 8580.85 8580.85
70 0.311465 11298.4 11298.4
100 0.296893 15184.2 15184.2
150 0.276667 21285.6 21285.6
200 0.261559 27007.2 27007.2
300 0.223527 37214.2 37214.2
500 0.191152 54612.9 54612.9
700 0.15506 69194.2 69194.2
1000 0.130024 86849.6 86849.6
1500 0.127896 114008 114008
2000 0.130861 141508 141508
3000 0.103121 193840 193840
5000 0.0961571 278670 278670
7000 0.0991046 365914 365914
10000 0.116175 509341 509341
15000 0.118317 763056 763056
20000 0.115999 1.0149e+06 1.0149e+06
