1037 0
0 -2.63259 0.426695
1 0.933111 0.476951
2 19.186 0.527192
3 11.0178 0.577408
4 10.7211 0.627593
5 15.0036 0.677738
6 13.6109 0.727836
7 17.9422 0.777878
8 32.2034 0.827856
9 33.0907 0.877764
10 10.0172 0.927592
11 19.7122 0.977333
12 26.0249 1.02698
13 27.7417 1.07652
14 40.7937 1.12596
15 41.6511 1.17527
16 34.8222 1.22446
17 31.9553 1.27351
18 26.1888 1.32243
19 39.0477 1.37119
20 36.3527 1.4198
21 54.4695 1.46824
22 38.2185 1.51651
23 46.1248 1.5646
24 45.7714 1.6125
25 38.0249 1.6602
26 47.8059 1.70771
27 45.5569 1.755
28 56.8263 1.80208
29 50.4161 1.84893
30 56.5486 1.89555
31 67.0798 1.94192
32 65.5916 1.98806
33 56.7351 2.03393
34 65.4101 2.07955
35 68.6803 2.12489
36 72.6203 2.16996
37 68.6884 2.21475
38 63.1944 2.25925
39 63.2497 2.30344
40 73.8434 2.34734
41 76.268 2.39092
42 78.678 2.43419
43 74.9755 2.47713
44 73.9259 2.51974
45 75.4798 2.56201
46 75.5638 2.60393
47 74.1553 2.6455
48 78.4167 2.68672
49 84.4195 2.72757
50 80.0318 2.76805
51 88.9816 2.80815
52 83.2821 2.84787
53 82.2427 2.88719
54 80.6765 2.92612
55 85.8938 2.96465
56 87.4619 3.00277
57 88.3152 3.04048
58 77.5765 3.07776
59 80.7399 3.11462
60 85.5592 3.15104
61 95.4605 3.18703
62 94.5104 3.22257
63 90.4479 3.25766
64 83.8819 3.2923
65 85.4455 3.32648
66 90.1509 3.36019
67 94.6336 3.39343
68 101.952 3.4262
69 91.3923 3.45848
70 94.3898 3.49028
71 104.83 3.52158
72 90.5198 3.55239
73 93.1444 3.58269
74 95.9251 3.61249
75 95.5282 3.64178
76 86.6354 3.67056
77 94.2534 3.69881
78 98.6057 3.72654
79 94.6408 3.75374
80 92.4827 3.7804
81 96.1524 3.80653
82 97.1488 3.83212
83 91.0056 3.85716
84 93.4341 3.88165
85 98.4363 3.90559
86 85.8175 3.92897
87 90.4874 3.95179
88 104.813 3.97404
89 94.816 3.99573
90 95.7905 4.01685
91 96.9743 4.03739
92 102.735 4.05735
93 102.62 4.07673
94 101.617 4.09553
95 104.384 4.11374
96 97.0944 4.13136
97 102.67 4.14838
98 95.4328 4.16482
99 102.448 4.18065
100 99.864 4.19588
101 98.8167 4.21051
102 96.3866 4.22453
103 91.6426 4.23795
104 98.0596 4.25075
105 88.8971 4.26295
106 108.282 4.27453
107 108.443 4.28549
108 101.849 4.29584
109 98.8028 4.30557
110 97.3408 4.31468
111 98.6443 4.32316
112 95.1659 4.33103
113 89.2637 4.33827
114 95.326 4.34488
115 91.928 4.35087
116 97.1299 4.35622
117 90.9363 4.36095
118 86.3901 4.36505
119 90.0438 4.36853
120 98.9991 4.37137
121 80.0027 4.37358
122 91.5898 4.37516
123 77.7191 4.3761
124 83.4857 4.37642
125 85.276 4.3761
126 89.8638 4.37515
127 83.4889 4.37358
128 81.5625 4.37137
129 91.1703 4.36852
130 75.5381 4.36505
131 83.3927 4.36095
132 78.6831 4.35622
133 72.4878 4.35086
134 81.1013 4.34488
135 81.8947 4.33826
136 88.4583 4.33102
137 85.0547 4.32316
138 97.2108 4.31467
139 86.7866 4.30557
140 81.815 4.29584
141 75.3405 4.28549
142 78.7486 4.27452
143 76.3436 4.26294
144 67.2233 4.25075
145 73.8018 4.23794
146 70.0013 4.22453
147 78.0469 4.2105
148 72.3924 4.19587
149 69.687 4.18064
150 71.2563 4.16481
151 71.0551 4.14838
152 70.1889 4.13135
153 63.2435 4.11373
154 58.5563 4.09552
155 57.6906 4.07672
156 54.9438 4.05734
157 56.7716 4.03738
158 52.6568 4.01684
159 48.1037 3.99572
160 48.3022 3.97403
161 47.1241 3.95178
162 57.8357 3.92896
163 65.0067 3.90558
164 50.9073 3.88164
165 53.9586 3.85715
166 47.9019 3.83211
167 48.5508 3.80652
168 33.0468 3.78039
169 48.2432 3.75372
170 30.1891 3.72652
171 40.1868 3.6988
172 45.7592 3.67054
173 42.8501 3.64177
174 38.8944 3.61248
175 42.0931 3.58268
176 34.0688 3.55237
177 39.4393 3.52156
178 38.2608 3.49026
179 42.8193 3.45846
180 35.3488 3.42618
181 32.8557 3.39342
182 28.6625 3.36017
183 33.9178 3.32646
184 26.0363 3.29228
185 22.6135 3.25765
186 23.4318 3.22255
187 24.2465 3.18701
188 23.1229 3.15102
189 20.8804 3.1146
190 25.0805 3.07774
191 24.4418 3.04046
192 22.6966 3.00275
193 16.8552 2.96463
194 8.48713 2.92611
195 13.8374 2.88717
196 11.8187 2.84785
197 4.04746 2.80813
198 6.73692 2.76803
199 -2.38168 2.72755
200 -1.14325 2.6867
201 2.39371 2.64548
202 -3.17509 2.60391
203 0.620796 2.56199
204 -5.79896 2.51972
205 1.91343 2.47711
206 -10.302 2.43417
207 -8.2625 2.3909
208 -1.10041 2.34732
209 -5.95957 2.30342
210 -14.6827 2.25922
211 -4.53034 2.21473
212 -21.4555 2.16994
213 -17.2299 2.12487
214 -13.2946 2.07952
215 -18.31 2.03391
216 -8.78475 1.98803
217 -17.6509 1.9419
218 -16.741 1.89552
219 -21.6298 1.84891
220 -19.8769 1.80205
221 -20.0881 1.75498
222 -25.0293 1.70769
223 -32.9901 1.66018
224 -33.8713 1.61247
225 -40.0189 1.56457
226 -36.1476 1.51648
227 -48.2135 1.46821
228 -40.1943 1.41977
229 -33.7002 1.37117
230 -49.8596 1.3224
231 -44.552 1.27349
232 -45.4838 1.22444
233 -45.0253 1.17525
234 -44.1022 1.12593
235 -52.8304 1.0765
236 -48.2856 1.02696
237 -52.8137 0.977309
238 -56.9806 0.927568
239 -56.1977 0.877739
240 -45.3684 0.827832
241 -47.8366 0.777853
242 -52.0568 0.727811
243 -54.3827 0.677714
244 -53.1315 0.627568
245 -59.4378 0.577384
246 -64.8348 0.527167
247 -71.14 0.476927
248 -62.7109 0.426671
249 -69.2617 0.376406
250 -64.1946 0.326142
251 -63.5607 0.275886
252 -68.487 0.225646
253 -66.1244 0.175429
254 -60.6876 0.125244
255 -56.4379 0.0750992
256 -64.9275 0.0250016
257 -72.9628 -0.0250404
258 -74.7133 -0.0750191
259 -71.5445 -0.124926
260 -68.334 -0.174755
261 -69.842 -0.224496
262 -75.6325 -0.274142
263 -85.5369 -0.323686
264 -77.0519 -0.373119
265 -84.9779 -0.422433
266 -82.5171 -0.471622
267 -81.7524 -0.520676
268 -94.1809 -0.569589
269 -105.413 -0.618353
270 -92.7302 -0.666959
271 -87.5564 -0.715401
272 -92.3642 -0.76367
273 -100.965 -0.811759
274 -88.8948 -0.859661
275 -90.3806 -0.907367
276 -92.3451 -0.954871
277 -90.3281 -1.00216
278 -87.4811 -1.04924
279 -83.483 -1.09609
280 -88.1619 -1.14271
281 -89.3227 -1.18909
282 -106.584 -1.23522
283 -106.305 -1.28109
284 -94.4306 -1.32671
285 -110.918 -1.37206
286 -101.978 -1.41713
287 -113.029 -1.46191
288 -114.419 -1.50641
289 -106.456 -1.55061
290 -108.439 -1.5945
291 -105.807 -1.63808
292 -112.98 -1.68135
293 -101.023 -1.72429
294 -111.304 -1.7669
295 -116.533 -1.80917
296 -110.78 -1.85109
297 -114.776 -1.89267
298 -106.33 -1.93388
299 -118.323 -1.97473
300 -116.537 -2.01521
301 -113.134 -2.05531
302 -114.548 -2.09503
303 -121.876 -2.13436
304 -117.681 -2.17329
305 -114.258 -2.21181
306 -116.898 -2.24993
307 -122.865 -2.28764
308 -117.413 -2.32492
309 -111.717 -2.36178
310 -114.559 -2.3982
311 -115.988 -2.43419
312 -120.358 -2.46973
313 -130.638 -2.50483
314 -137.6 -2.53946
315 -129.881 -2.57364
316 -122.672 -2.60735
317 -120.446 -2.64059
318 -121.695 -2.67336
319 -122.563 -2.70564
320 -119.008 -2.73744
321 -119.875 -2.76874
322 -122.157 -2.79955
323 -126 -2.82986
324 -125.604 -2.85966
325 -117.739 -2.88895
326 -132.127 -2.91772
327 -134.106 -2.94597
328 -120.124 -2.9737
329 -123.408 -3.0009
330 -131.75 -3.02757
331 -118.321 -3.05369
332 -134.316 -3.07928
333 -126.889 -3.10432
334 -128.219 -3.12881
335 -132.317 -3.15275
336 -130.849 -3.17613
337 -121.214 -3.19895
338 -130.6 -3.22121
339 -120.266 -3.24289
340 -125.583 -3.26401
341 -133.469 -3.28455
342 -122.021 -3.30451
343 -123.754 -3.32389
344 -128.693 -3.34269
345 -124.751 -3.3609
346 -120.02 -3.37852
347 -128.91 -3.39555
348 -130.029 -3.41198
349 -122.23 -3.42781
350 -134.338 -3.44304
351 -126.563 -3.45767
352 -122.059 -3.4717
353 -130.82 -3.48511
354 -130.047 -3.49792
355 -127.449 -3.51011
356 -119.212 -3.52169
357 -127.902 -3.53266
358 -126.524 -3.543
359 -127.909 -3.55273
360 -121.906 -3.56184
361 -124.271 -3.57033
362 -121.202 -3.57819
363 -123.04 -3.58543
364 -118.72 -3.59204
365 -121.098 -3.59803
366 -117.775 -3.60339
367 -117.8 -3.60812
368 -115.881 -3.61222
369 -129.042 -3.61569
370 -116.734 -3.61853
371 -112.097 -3.62074
372 -110.22 -3.62232
373 -117.229 -3.62327
374 -117.354 -3.62358
375 -119.118 -3.62327
376 -109.438 -3.62232
377 -106.864 -3.62074
378 -119.013 -3.61853
379 -118.272 -3.61569
380 -115.814 -3.61222
381 -114.291 -3.60811
382 -116.506 -3.60338
383 -115.623 -3.59803
384 -112.811 -3.59204
385 -112.544 -3.58543
386 -101.041 -3.57819
387 -103.602 -3.57032
388 -103.573 -3.56184
389 -89.1198 -3.55273
390 -93.5823 -3.543
391 -94.3442 -3.53265
392 -90.4297 -3.52169
393 -104.422 -3.51011
394 -105.657 -3.49791
395 -99.9197 -3.48511
396 -98.2755 -3.47169
397 -89.5272 -3.45767
398 -97.7239 -3.44304
399 -88.0601 -3.4278
400 -85.592 -3.41197
401 -91.9471 -3.39554
402 -95.8811 -3.37851
403 -97.4118 -3.36089
404 -97.4032 -3.34268
405 -100.477 -3.32389
406 -86.1949 -3.3045
407 -80.003 -3.28454
408 -86.7992 -3.264
409 -85.0706 -3.24288
410 -85.753 -3.2212
411 -97.6564 -3.19894
412 -87.8708 -3.17612
413 -82.3753 -3.15274
414 -79.2702 -3.1288
415 -76.678 -3.10431
416 -78.079 -3.07927
417 -83.7514 -3.05368
418 -74.8586 -3.02755
419 -74.3637 -3.00089
420 -73.6368 -2.97369
421 -68.5047 -2.94596
422 -65.5413 -2.91771
423 -68.1123 -2.88893
424 -59.3074 -2.85964
425 -59.6508 -2.82984
426 -63.8719 -2.79954
427 -63.9229 -2.76873
428 -67.5638 -2.73742
429 -60.6678 -2.70563
430 -60.3799 -2.67334
431 -60.0573 -2.64058
432 -55.7724 -2.60734
433 -47.2702 -2.57363
434 -62.4059 -2.53945
435 -60.2612 -2.50481
436 -60.8859 -2.46972
437 -50.9112 -2.43417
438 -54.2504 -2.39819
439 -58.0196 -2.36176
440 -53.7912 -2.3249
441 -41.6512 -2.28762
442 -49.7749 -2.24992
443 -48.8338 -2.2118
444 -41.3089 -2.17327
445 -36.5431 -2.13434
446 -38.4399 -2.09501
447 -34.7357 -2.05529
448 -39.3578 -2.01519
449 -38.3797 -1.97471
450 -37.9443 -1.93386
451 -32.7149 -1.89265
452 -26.9878 -1.85107
453 -35.5819 -1.80915
454 -33.3533 -1.76688
455 -38.0802 -1.72427
456 -29.2327 -1.68133
457 -33.0963 -1.63806
458 -27.9069 -1.59448
459 -31.3999 -1.55059
460 -26.565 -1.50639
461 -24.9598 -1.46189
462 -28.1118 -1.4171
463 -14.7496 -1.37203
464 -8.83318 -1.32669
465 -17.0201 -1.28107
466 -20.7487 -1.2352
467 -8.26686 -1.18907
468 -7.29906 -1.14269
469 -12.1525 -1.09607
470 -9.52275 -1.04922
471 -10.6462 -1.00214
472 -11.3009 -0.954849
473 -4.2467 -0.907345
474 6.45053 -0.859639
475 -0.51906 -0.811737
476 -1.76122 -0.763647
477 5.62086 -0.715378
478 4.27055 -0.666936
479 8.58184 -0.61833
480 5.47035 -0.569566
481 4.87962 -0.520653
482 11.5178 -0.471599
483 5.36121 -0.42241
484 11.1632 -0.373095
485 15.476 -0.323662
486 21.8964 -0.274119
487 14.285 -0.224472
488 21.9743 -0.174731
489 20.8497 -0.124903
490 27.9824 -0.0749956
491 28.9452 -0.0250169
492 34.5115 0.0250252
493 36.9742 0.0751227
494 34.042 0.125268
495 30.0338 0.175453
496 30.9607 0.225669
497 37.0295 0.27591
498 37.6058 0.326166
499 32.2149 0.37643
500 37.52 0.426694
501 43.166 0.47695
502 47.7556 0.527191
503 56.6385 0.577407
504 50.0743 0.627592
505 46.9311 0.677737
506 47.1155 0.727835
507 55.9637 0.777877
508 53.7933 0.827855
509 43.3292 0.877763
510 57.7248 0.927591
511 61.1323 0.977332
512 43.6286 1.02698
513 56.0632 1.07652
514 56.6341 1.12596
515 52.9095 1.17527
516 59.7591 1.22446
517 52.7702 1.27351
518 56.3187 1.32243
519 63.1254 1.37119
520 57.0231 1.4198
521 60.1052 1.46824
522 60.8249 1.51651
523 64.5039 1.5646
524 61.5189 1.6125
525 64.5507 1.6602
526 63.4741 1.70771
527 76.4881 1.755
528 74.0038 1.80208
529 75.7249 1.84893
530 72.5768 1.89555
531 77.02 1.94192
532 82.8121 1.98805
533 76.2951 2.03393
534 67.7301 2.07955
535 87.4804 2.12489
536 85.8044 2.16996
537 96.0785 2.21475
538 88.0135 2.25924
539 82.7816 2.30344
540 88.8986 2.34734
541 83.5905 2.39092
542 87.7867 2.43419
543 83.4148 2.47713
544 96.5204 2.51974
545 89.312 2.56201
546 90.9399 2.60393
547 87.5155 2.6455
548 84.0656 2.68672
549 91.6262 2.72757
550 93.0361 2.76805
551 97.8423 2.80815
552 96.5226 2.84787
553 84.4373 2.88719
554 92.5858 2.92612
555 87.4737 2.96465
556 100.139 3.00277
557 101.116 3.04047
558 107.026 3.07776
559 95.9395 3.11462
560 99.2772 3.15104
561 91.6864 3.18703
562 93.205 3.22257
563 92.8657 3.25766
564 97.7911 3.2923
565 111.857 3.32648
566 101.241 3.36019
567 107.218 3.39343
568 112.427 3.4262
569 106.325 3.45848
570 110.338 3.49027
571 96.3871 3.52158
572 110.308 3.55239
573 100.17 3.58269
574 108.203 3.61249
575 104.766 3.64178
576 107.752 3.67056
577 105.906 3.69881
578 107.59 3.72654
579 110.554 3.75374
580 112.412 3.7804
581 106.471 3.80653
582 111.47 3.83212
583 107.149 3.85716
584 106.483 3.88165
585 119.545 3.90559
586 114.677 3.92897
587 115.754 3.95179
588 107.823 3.97404
589 112.616 3.99573
590 103.951 4.01685
591 114.177 4.03739
592 128.321 4.05735
593 111.761 4.07673
594 122.837 4.09553
595 95.4084 4.11374
596 106.498 4.13136
597 112.424 4.14838
598 105.04 4.16482
599 106.759 4.18065
600 103.345 4.19588
601 111.833 4.21051
602 109.142 4.22453
603 116.344 4.23795
604 109.092 4.25075
605 111.343 4.26295
606 101.808 4.27453
607 109.784 4.28549
608 112.845 4.29584
609 110.303 4.30557
610 116.745 4.31468
611 109.024 4.32316
612 108.518 4.33103
613 113.429 4.33827
614 114.741 4.34488
615 103.513 4.35086
616 105.061 4.35622
617 105.185 4.36095
618 101.973 4.36505
619 101.743 4.36853
620 102.705 4.37137
621 99.6669 4.37358
622 104.342 4.37516
623 93.9821 4.3761
624 98.1721 4.37642
625 95.4945 4.3761
626 97.547 4.37515
627 94.4119 4.37358
628 103.656 4.37137
629 101.897 4.36852
630 97.9363 4.36505
631 94.7816 4.36095
632 96.4998 4.35622
633 96.1998 4.35086
634 97.5559 4.34488
635 97.5102 4.33826
636 95.6579 4.33102
637 101.696 4.32316
638 92.7695 4.31467
639 91.1602 4.30557
640 84.356 4.29584
641 86.5221 4.28549
642 84.6025 4.27452
643 80.1109 4.26294
644 85.364 4.25075
645 91.9526 4.23794
646 83.711 4.22453
647 82.6798 4.2105
648 78.447 4.19587
649 83.691 4.18064
650 77.1117 4.16481
651 81.1347 4.14838
652 74.5651 4.13135
653 79.0414 4.11373
654 83.208 4.09552
655 76.384 4.07672
656 80.191 4.05734
657 78.912 4.03738
658 75.0324 4.01684
659 71.0318 3.99572
660 83.1276 3.97403
661 69.3335 3.95178
662 80.9537 3.92896
663 69.1802 3.90558
664 59.0129 3.88164
665 60.5736 3.85715
666 52.9608 3.83211
667 54.2393 3.80652
668 61.5208 3.78039
669 64.0674 3.75372
670 52.3686 3.72652
671 57.4199 3.6988
672 53.9048 3.67054
673 57.6217 3.64177
674 53.9114 3.61248
675 53.5228 3.58268
676 53.0419 3.55237
677 53.2959 3.52157
678 58.2094 3.49026
679 42.5929 3.45846
680 41.4798 3.42618
681 46.1476 3.39342
682 48.1462 3.36018
683 50.6943 3.32646
684 40.8143 3.29229
685 40.8133 3.25765
686 31.3294 3.22255
687 34.0791 3.18701
688 33.9799 3.15102
689 35.5763 3.1146
690 40.3221 3.07774
691 29.1824 3.04046
692 33.6881 3.00275
693 28.3033 2.96463
694 31.2849 2.92611
695 24.2494 2.88718
696 28.9518 2.84785
697 26.3612 2.80813
698 24.0634 2.76803
699 22.8947 2.72755
700 20.1189 2.6867
701 23.141 2.64549
702 11.4115 2.60391
703 15.6603 2.56199
704 14.7186 2.51972
705 18.6684 2.47711
706 8.00843 2.43417
707 16.0219 2.3909
708 9.6002 2.34732
709 5.0373 2.30342
710 2.44732 2.25922
711 3.29283 2.21473
712 11.9494 2.16994
713 6.12042 2.12487
714 0.66474 2.07953
715 3.38044 2.03391
716 -0.332052 1.98803
717 1.26666 1.9419
718 4.71928 1.89552
719 -5.36609 1.84891
720 -10.3312 1.80206
721 -6.19523 1.75498
722 -16.5678 1.70769
723 0.225427 1.66018
724 -10.5671 1.61248
725 -18.5451 1.56457
726 -21.5892 1.51648
727 -9.83154 1.46822
728 -18.2386 1.41977
729 -16.5688 1.37117
730 -11.3301 1.3224
731 -26.6031 1.27349
732 -22.131 1.22444
733 -29.8423 1.17525
734 -27.8408 1.12593
735 -37.292 1.0765
736 -38.1598 1.02696
737 -34.9166 0.97731
738 -38.3597 0.927569
739 -41.4096 0.87774
740 -42.5185 0.827833
741 -46.2626 0.777854
742 -32.2141 0.727812
743 -34.3211 0.677715
744 -47.2857 0.627569
745 -38.1628 0.577385
746 -53.0574 0.527168
