7007 -5 0 788.044
0.0325500 0.9833139 25.5119738 25.5119738 31.3675941
0.0357000 0.9811141 27.9492484 27.9492484 31.3508045
0.0399000 0.9782027 31.1904954 31.1904954 31.3287651
0.0451500 0.9745971 35.2285822 35.2285822 31.3017592
0.0504000 0.9710288 39.2518447 39.2518447 31.2753394
0.0567000 0.9667950 44.0604058 44.0604058 31.2443836
0.0640500 0.9619204 49.6440342 49.6440342 31.2092618
0.0714000 0.9571131 55.1996508 55.1996508 31.1751666
0.0798000 0.9517055 61.5151411 61.5151411 31.1374019
0.0892500 0.9457266 68.5777035 68.5777035 31.0963747
0.1008000 0.9385673 77.1499511 77.1499511 31.0482120
0.1123500 0.9315668 85.6578347 85.6578347 31.0020979
0.1260000 0.9234892 95.6315383 95.6315383 30.9500667
0.1417500 0.9144227 107.0333054 107.0333054 30.8931129
0.1585500 0.9050453 119.0731941 119.0731941 30.8357115
0.1785000 0.8942811 133.2122541 133.2122541 30.7716404
0.2005500 0.8828342 148.6467587 148.6467587 30.7055001
0.2247000 0.8708086 165.3279785 165.3279785 30.6381034
0.2520000 0.8578190 183.9159721 183.9159721 30.5675509
0.2824500 0.8440364 204.3276545 204.3276545 30.4950701
0.3171000 0.8291987 227.1640022 227.1640022 30.4195403
0.3549000 0.8139585 251.6285547 251.6285547 30.3444356
0.3990000 0.7973142 279.6163613 279.6163613 30.2650357
0.4473000 0.7803388 309.6300814 309.6300814 30.1866781
0.5019000 0.7625524 342.8108544 342.8108544 30.1071822
0.5628000 0.7442738 378.9547333 378.9547333 30.0279817
0.6310500 0.7255184 418.4650500 418.4650500 29.9490024
0.7087500 0.7060752 462.2764168 462.2764168 29.8693814
0.7948500 0.6865741 509.5030669 509.5030669 29.7915602
0.8914500 0.6668688 560.9969621 560.9969621 29.7147641
1.0006500 0.6469089 617.5007995 617.5007995 29.6386928
1.1227651 0.6270034 678.7694705 678.7694705 29.5643963
1.2594751 0.6071925 745.2216482 745.2216482 29.4919385
1.4127226 0.5875483 817.3302764 817.3302764 29.4213520
1.5858151 0.5680078 896.1049529 896.1049529 29.3522548
1.7787526 0.5488666 980.9716103 980.9716103 29.2856591
1.9959451 0.5299922 1073.2540900 1073.2540900 29.2209936
2.2393220 0.5115479 1173.0842963 1173.0842963 29.1585993
2.5125215 0.4935438 1281.2249880 1281.2249880 29.0983558
2.8192921 0.4760583 1398.3648777 1398.3648777 29.0402068
3.1631068 0.4591754 1524.9969797 1524.9969797 28.9841533
3.5483644 0.4428472 1661.8554106 1661.8554106 28.9301132
3.9810846 0.4270647 1810.1004850 1810.1004850 28.8778882
4.4672872 0.4118408 1970.7319172 1970.7319172 28.8273887
5.0118948 0.3972222 2144.2586336 2144.2586336 28.7786876
5.6245099 0.3831245 2332.5282766 2332.5282766 28.7314686
6.3098094 0.3695977 2535.6790543 2535.6790543 28.6858973
7.0803644 0.3565683 2756.0460351 2756.0460351 28.6416319
7.9440561 0.3440814 2994.3689766 2994.3689766 28.5986813
8.9125633 0.3320954 3252.2807107 3252.2807107 28.5569379
10.0014481 0.3205625 3532.1680092 3532.1680092 28.5161629
11.2210876 0.3095393 3834.8225476 3834.8225476 28.4763895
12.5894367 0.2989814 4162.7586312 4162.7586312 28.4373561
14.1269504 0.2888291 4518.6979101 4518.6979101 28.3988549
15.8491767 0.2791108 4903.9215549 4903.9215549 28.3608512
17.7840324 0.2697765 5322.1830831 5322.1830831 28.3231000
19.9529062 0.2608009 5775.4071598 5775.4071598 28.2856165
22.3872322 0.2521844 6267.2234431 6267.2234431 28.2482040
25.1199938 0.2438990 6801.1483601 6801.1483601 28.2107485
28.1840786 0.2359717 7380.2405324 7380.2405324 28.1731312
31.6237393 0.2283759 8009.3083097 8009.3083097 28.1351109
35.4826072 0.2210850 8692.4001869 8692.4001869 28.0964053
39.8132470 0.2140662 9434.6380291 9434.6380291 28.0568456
44.6694872 0.2072607 10240.5184994 10240.5184994 28.0161679
50.1205675 0.2006239 11116.2141384 11116.2141384 27.9741782
56.2377471 0.1941891 12067.4743043 12067.4743043 27.9306215
63.0967693 0.1880100 13099.9147131 13099.9147131 27.8849656
70.7954662 0.1820944 14222.1824377 14222.1824377 27.8367079
79.4340106 0.1763216 15441.6421232 15441.6421232 27.7855407
89.1259377 0.1706910 16766.2682242 16766.2682242 27.7311803
100.0026275 0.1652820 18205.5611524 18205.5611524 27.6727802
112.2074471 0.1600895 19769.6593303 19769.6593303 27.6093902
125.8964104 0.1549558 21468.2854794 21468.2854794 27.5417877
141.2559945 0.1498442 23312.1595024 23312.1595024 27.4697042
158.4947918 0.1449096 25313.1842927 25313.1842927 27.3924596
177.8326602 0.1399837 27483.5353103 27483.5353103 27.3093854
199.5344894 0.1350888 29834.9784884 29834.9784884 27.2206499
223.8731455 0.1304304 32380.0221127 32380.0221127 27.1212146
251.1895596 0.1257957 35137.8952702 35137.8952702 27.0204836
281.8404883 0.1211644 38118.1791868 38118.1791868 26.9172361
316.2378815 0.1167563 41341.0873337 41341.0873337 26.8034119
354.8252370 0.1127007 44827.9477340 44827.9477340 26.6826662
398.1250863 0.1088931 48607.5007826 48607.5007826 26.5591340
446.6934609 0.1044653 52688.7748823 52688.7748823 26.4234744
501.1903976 0.0994895 57068.4198045 57068.4198045 26.2719379
562.3470481 0.0954512 61757.8291281 61757.8291281 26.0967686
630.9576992 0.0926939 66839.4738868 66839.4738868 25.9070168
707.9626349 0.0893120 72364.1000950 72364.1000950 25.7179465
794.3311114 0.0848769 78286.4739675 78286.4739675 25.5180395
891.2901875 0.0814462 84642.2666707 84642.2666707 25.3120506
1000.0152949 0.0790510 91516.1466408 91516.1466408 25.1025990
1122.0453570 0.0753130 98938.7230709 98938.7230709 24.8539037
1258.9519017 0.0708603 106814.9948004 106814.9948004 24.5924141
1412.6025846 0.0659143 115100.3214988 115100.3214988 24.3226566
1584.9192513 0.0608114 123678.8037318 123678.8037318 24.0357062
1778.3297629 0.0571441 132664.2525413 132664.2525413 23.7527417
1995.3396487 0.0550495 142236.7470822 142236.7470822 23.4735334
2238.7495208 0.0528321 152591.9651879 152591.9651879 23.1452526
2511.9332487 0.0520889 163822.9118870 163822.9118870 22.8307254
2818.4067961 0.0506982 176320.4099748 176320.4099748 22.5514042
3162.3160538 0.0485018 189724.5817513 189724.5817513 22.2700831
3548.2246552 0.0466548 204124.0109773 204124.0109773 22.0017889
3981.0824729 0.0448196 219784.1747090 219784.1747090 21.6873544
4466.8445267 0.0425207 236257.7955926 236257.7955926 21.3712069
5011.9508737 0.0422171 254341.2911525 254341.2911525 21.0844972
5623.4686414 0.0386001 273908.0138434 273908.0138434 20.6830770
6309.6060499 0.0362576 293857.7436069 293857.7436069 20.3084115
7079.5178905 0.0365748 316071.3917460 316071.3917460 19.9847684
7943.3360745 0.0383242 341668.4225323 341668.4225323 19.5603947
8912.5538779 0.0396821 371683.2711999 371683.2711999 19.1360858
10000.0576380 0.0360946 404931.2061531 404931.2061531 18.7824289
11220.2837932 0.0345846 438716.4074257 438716.4074257 18.4778891
12589.2832138 0.0361230 476840.9047984 476840.9047984 18.2163542
14125.4898594 0.0352442 520264.1122642 520264.1122642 17.9357462
15849.0266991 0.0324053 566314.7151518 566314.7151518 17.6717238
17782.8284773 0.0322391 616857.8878633 616857.8878633 17.4742591
19952.6405589 0.0298481 670202.1857472 670202.1857472 17.1846495
22387.3110130 0.0299975 728723.3832137 728723.3832137 16.8733441
25118.9399788 0.0307586 793450.0494273 793450.0494273 16.5462579
28183.8378200 0.0275116 862702.4091329 862702.4091329 16.1475961
31622.8492882 0.0272710 939823.8394308 939823.8394308 15.8263299
35481.3448326 0.0222551 1013569.2920492 1013569.2920492 15.5659614
39810.8123001 0.0235764 1091356.7351889 1091356.7351889 15.2989904
44668.4408210 0.0197538 1172528.2160344 1172528.2160344 15.0951205
50118.8218320 0.0182987 1256167.3843161 1256167.3843161 14.9110954
56234.1823694 0.0132132 1325090.4280941 1325090.4280941 14.6477960
63095.8439737 0.0158013 1399087.5698609 1399087.5698609 14.3708876
70794.7386130 0.0170110 1491762.1432029 1491762.1432029 14.0244883
79432.9897122 0.0212038 1622566.3458574 1622566.3458574 13.8203618
89125.2011949 0.0246295 1793426.1647402 1793426.1647402 13.6250809
100000.1496297 0.0229921 1994843.3433631 1994843.3433631 13.5009454
112201.9339986 0.0198921 2200603.3506691 2200603.3506691 13.1900034
125892.6936390 0.0229034 2420709.8128693 2420709.8128693 12.8622736
141253.8311154 0.0258628 2720790.3132454 2720790.3132454 12.4981144
158489.5061793 0.0245899 3045068.0675952 3045068.0675952 12.2147334
