7015 -5 0 791.952
0.0325500 0.9815601 25.5939079 25.5939079 33.1389191
0.0357000 0.9793546 28.0388849 28.0388849 33.1221495
0.0399000 0.9764362 31.2903389 31.2903389 33.1001391
0.0451500 0.9728227 35.3410875 35.3410875 33.0731723
0.0504000 0.9692471 39.3769062 39.3769062 33.0467946
0.0567000 0.9650047 44.2003993 44.2003993 33.0158929
0.0640500 0.9601222 49.8012691 49.8012691 32.9808387
0.0714000 0.9553117 55.3739593 55.3739593 32.9468150
0.0798000 0.9499001 61.7087712 61.7087712 32.9091364
0.0892500 0.9439189 68.7928359 68.7928359 32.8682107
0.1008000 0.9367565 77.3910494 77.3910494 32.8201776
0.1123500 0.9297484 85.9245203 85.9245203 32.7741990
0.1260000 0.9216666 95.9280014 95.9280014 32.7223325
0.1417500 0.9125983 107.3635682 107.3635682 32.6655720
0.1585500 0.9032172 119.4388605 119.4388605 32.6083783
0.1785000 0.8924615 133.6192120 133.6192120 32.5445517
0.2005500 0.8810343 149.0986459 149.0986459 32.4786712
0.2247000 0.8690384 165.8284582 165.8284582 32.4115447
0.2520000 0.8560855 184.4707842 184.4707842 32.3412825
0.2824500 0.8423468 204.9424220 204.9424220 32.2691097
0.3171000 0.8275622 227.8463939 227.8463939 32.1939068
0.3549000 0.8123820 252.3842014 252.3842014 32.1191225
0.3990000 0.7958093 280.4570554 280.4570554 32.0400420
0.4473000 0.7789266 310.5638409 310.5638409 31.9619777
0.5019000 0.7612608 343.8507380 343.8507380 31.8827478
0.5628000 0.7431176 380.1149752 380.1149752 31.8037739
0.6310500 0.7244977 419.7624535 419.7624535 31.7249868
0.7087500 0.7052061 463.7328381 463.7328381 31.6455284
0.7948500 0.6858852 511.1406975 511.1406975 31.5678164
0.8914500 0.6663419 562.8439919 562.8439919 31.4910537
1.0006500 0.6465163 619.5885116 619.5885116 31.4149561
1.1227651 0.6267330 681.1292029 681.1292029 31.3405747
1.2594751 0.6070417 747.8883174 747.8883174 31.2679612
1.4127226 0.5874960 820.3427904 820.3427904 31.1971446
1.5858151 0.5680345 899.5065067 899.5065067 31.1277519
1.7787526 0.5489606 984.8033160 984.8033160 31.0607827
1.9959451 0.5301617 1077.5660339 1077.5660339 30.9956191
2.2393220 0.5118165 1177.9334835 1177.9334835 30.9325954
2.5125215 0.4938861 1286.6775306 1286.6775306 30.8715807
2.8192921 0.4763964 1404.4827708 1404.4827708 30.8125830
3.1631068 0.4594304 1531.8242027 1531.8242027 30.7556975
3.5483644 0.4430418 1669.4291379 1669.4291379 30.7008469
3.9810846 0.4271943 1818.4656054 1818.4656054 30.6478265
4.4672872 0.4119009 1979.9289655 1979.9289655 30.5965874
5.0118948 0.3971822 2154.3213618 2154.3213618 30.5472613
5.6245099 0.3829566 2343.4733747 2343.4733747 30.4995504
6.3098094 0.3693099 2547.5070440 2547.5070440 30.4536263
7.0803644 0.3561777 2768.7584769 2768.7584769 30.4091212
7.9440561 0.3435821 3007.9603996 3007.9603996 30.3660681
8.9125633 0.3314999 3266.7283416 3266.7283416 30.3243372
10.0014481 0.3199392 3547.4692525 3547.4692525 30.2837187
11.2210876 0.3089055 3851.0217968 3851.0217968 30.2442296
12.5894367 0.2983290 4179.8868852 4179.8868852 30.2056818
14.1269504 0.2881641 4536.7856214 4536.7856214 30.1678270
15.8491767 0.2784207 4922.9974808 4922.9974808 30.1305992
17.7840324 0.2690317 5342.2321177 5342.2321177 30.0937861
19.9529062 0.2600227 5796.3835231 5796.3835231 30.0573589
22.3872322 0.2514313 6289.1601837 6289.1601837 30.0210416
25.1199938 0.2431581 6824.1374720 6824.1374720 29.9846151
28.1840786 0.2351735 7404.2503894 7404.2503894 29.9478419
31.6237393 0.2274694 8034.0899038 8034.0899038 29.9105233
35.4826072 0.2200948 8717.6824848 8717.6824848 29.8725502
39.8132470 0.2130033 9460.0284635 9460.0284635 29.8335795
44.6694872 0.2061804 10265.7751139 10265.7751139 29.7934000
50.1205675 0.1995085 11141.1280189 11141.1280189 29.7516554
56.2377471 0.1929731 12091.4251792 12091.4251792 29.7080205
63.0967693 0.1867154 13122.2089299 13122.2089299 29.6625479
70.7954662 0.1807543 14241.9291558 14241.9291558 29.6149625
79.4340106 0.1749416 15458.1926018 15458.1926018 29.5644932
89.1259377 0.1692271 16778.5604597 16778.5604597 29.5106099
100.0026275 0.1637937 18212.0076070 18212.0076070 29.4533131
112.2074471 0.1586664 19769.5219621 19769.5219621 29.3938619
125.8964104 0.1539495 21463.2318025 21463.2318025 29.3314040
141.2559945 0.1494170 23307.4692953 23307.4692953 29.2637245
158.4947918 0.1449687 25316.2343255 25316.2343255 29.1866085
177.8326602 0.1407306 27503.1539926 27503.1539926 29.1010376
199.5344894 0.1366845 29886.2327851 29886.2327851 29.0113686
223.8731455 0.1328059 32481.8782432 32481.8782432 28.9193601
251.1895596 0.1289733 35313.3376402 35313.3376402 28.8216616
281.8404883 0.1251451 38396.4501868 38396.4501868 28.7184360
316.2378815 0.1216825 41756.5144259 41756.5144259 28.6144597
354.8252370 0.1182740 45423.0267777 45423.0267777 28.5075602
398.1250863 0.1148334 49418.7256264 49418.7256264 28.3875949
446.6934609 0.1109569 53762.4602457 53762.4602457 28.2402768
501.1903976 0.1065888 58451.4039435 58451.4039435 28.0660079
562.3470481 0.1024462 63512.7257653 63512.7257653 27.8700482
630.9576992 0.0983280 68961.4831090 68961.4831090 27.6687253
707.9626349 0.0949156 74848.7432189 74848.7432189 27.4531802
794.3311114 0.0912938 81219.8439986 81219.8439986 27.2327241
891.2901875 0.0870969 88065.9277824 88065.9277824 27.0115603
1000.0152949 0.0825349 95376.5293134 95376.5293134 26.7848376
1122.0453570 0.0773928 103098.9302241 103098.9302241 26.5267323
1258.9519017 0.0738562 111287.1293123 111287.1293123 26.2633012
1412.6025846 0.0707502 120062.0452291 120062.0452291 25.9989423
1584.9192513 0.0675497 129512.8362729 129512.8362729 25.7249580
1778.3297629 0.0627468 139465.2738586 139465.2738586 25.4322483
1995.3396487 0.0579906 149876.2568445 149876.2568445 25.1184867
2238.7495208 0.0517637 160460.1515090 160460.1515090 24.7878820
2511.9332487 0.0461910 171000.5352874 171000.5352874 24.4461529
2818.4067961 0.0418261 181724.2063820 181724.2063820 24.0925024
3162.3160538 0.0376338 192489.5778194 192489.5778194 23.7361811
3548.2246552 0.0372474 203799.0848036 203799.0848036 23.3865731
3981.0824729 0.0339805 215987.4700339 215987.4700339 22.9666114
4466.8445267 0.0319538 228556.7170730 228556.7170730 22.6031056
5011.9508737 0.0302554 241997.3085926 241997.3085926 22.2273923
5623.4686414 0.0324326 257378.5374430 257378.5374430 21.8575732
6309.6060499 0.0300568 273860.6678195 273860.6678195 21.4866306
7079.5178905 0.0295305 291692.0429049 291692.0429049 21.0858071
7943.3360745 0.0301174 311961.4501783 311961.4501783 20.7436607
8912.5538779 0.0262854 334411.9319203 334411.9319203 20.4245497
10000.0576380 0.0250211 356899.1046500 356899.1046500 20.0442505
11220.2837932 0.0260277 380588.3719157 380588.3719157 19.6684138
12589.2832138 0.0248056 410660.9518029 410660.9518029 19.2285654
14125.4898594 0.0168809 434952.6645110 434952.6645110 18.8503836
15849.0266991 0.0195083 459090.8638675 459090.8638675 18.4405324
17782.8284773 0.0230215 491801.6848106 491801.6848106 17.9673269
19952.6405589 0.0225034 528929.2088522 528929.2088522 17.5695037
22387.3110130 0.0249224 574696.5568826 574696.5568826 17.2328445
25118.9399788 0.0213148 624327.5549698 624327.5549698 16.7981407
28183.8378200 0.0193512 673343.2733399 673343.2733399 16.3939982
31622.8492882 0.0154439 721507.1378090 721507.1378090 16.0942873
35481.3448326 0.0116893 764284.4363304 764284.4363304 15.7976276
39810.8123001 0.0157130 811639.1821371 811639.1821371 15.5396674
44668.4408210 0.0146826 870857.0690318 870857.0690318 15.2195320
50118.8218320 0.0106659 926774.8196643 926774.8196643 14.7789608
56234.1823694 0.0102785 981781.5451633 981781.5451633 14.4700872
63095.8439737 0.0087361 1027684.6347757 1027684.6347757 14.1484806
70794.7386130 0.0130386 1099775.3118554 1099775.3118554 13.8743911
79432.9897122 0.0166471 1208857.8963994 1208857.8963994 13.6691754
89125.2011949 0.0157639 1338895.6109148 1338895.6109148 13.4314497
100000.1496297 0.0152035 1462871.8365040 1462871.8365040 13.2659664
112201.9339986 0.0130800 1609080.8509072 1609080.8509072 13.0738300
125892.6936390 0.0143962 1758952.8206363 1758952.8206363 12.8554989
141253.8311154 0.0146962 1931872.1058982 1931872.1058982 12.7764758
