1000 0
0 870.493 0 0
0 0.973593 8.57136 8.57136
0 0.950157 16.934 16.934
0 0.932115 25.1133 25.1133
0 0.898758 41.0334 41.0334
0 0.872344 56.4346 56.4346
0 0.842032 78.8041 78.8041
0 0.765761 148.552 148.552
0 0.715388 212.815 212.815
0 0.641354 330.871 330.871
0 0.591725 438.186 438.186
1 0.545614 586.793 586.793
2 0.449724 1021.23 1021.23
3 0.38821 1386.83 1386.83
5 0.349726 2029.13 2029.13
7 0.329168 2616.11 2616.11
10 0.281448 3426 3426
15 0.264674 4592.71 4592.71
20 0.244349 5685.2 5685.2
30 0.211802 7673.39 7673.39
50 0.172883 10992.3 10992.3
70 0.168115 13874.4 13874.4
100 0.150063 17733.8 17733.8
150 0.131243 23879.9 23879.9
200 0.113026 29287.7 29287.7
300 0.117581 38981.7 38981.7
500 0.089051 55710.6 55710.6
700 0.0806604 69129.7 69129.7
1000 0.0747223 85904.4 85904.4
1500 0.0584204 110912 110912
2000 0.043818 134382 134382
3000 0.0450598 175039 175039
5000 0.0187578 245069 245069
7000 0.0269326 292118 292112
10000 -0.000521606 334233 333905
15000 0.0142059 399854 398875
20000 0.00164957 457317 455362
30000 0.0120567 569156 564531
40000 0.0233106 673665 665502
50000 0.0348361 763579 750475
60000 0.0201827 837481 816090
70000 0.0240144 915253 886390
80000 0.00746458 1.03167e+06 1.00112e+06
90000 0.0154994 1.16237e+06 1.13072e+06
100000 0.00169895 1.24226e+06 1.20384e+06
150000 0.00753981 1.55154e+06 1.45562e+06
200000 -0.0187159 1.70375e+06 1.44084e+06
300000 0.004878 1.9202e+06 1.24147e+06
400000 0.00762107 2.29915e+06 1.36633e+06
500000 0.004874 2.9105e+06 1.85363e+06
600000 0.00261137 3.42507e+06 2.19241e+06
700000 0.000178704 3.67177e+06 2.04121e+06
800000 -0.0198379 3.76647e+06 1.38655e+06
900000 -0.0061494 3.85364e+06 682210
1000000 -0.0115489 3.98968e+06 160814
