6002 -3.42 0 789.029
0.0325500 0.9437030 24.8632805 24.8632805 31.7575824
0.0357000 0.9385372 27.2001686 27.2001686 31.9100077
0.0399000 0.9331432 30.2988286 30.2988286 32.1104473
0.0451500 0.9270478 34.1493113 34.1493113 32.3649026
0.0504000 0.9211062 37.9750178 37.9750178 32.5908951
0.0567000 0.9123894 42.5291997 42.5291997 32.8572895
0.0640500 0.9051249 47.7971568 47.7971568 33.1554355
0.0714000 0.8964599 53.0172451 53.0172451 33.4269157
0.0798000 0.8878955 58.9237924 58.9237924 33.7474658
0.0892500 0.8791430 65.5092766 65.5092766 34.0769040
0.1008000 0.8663133 73.4546048 73.4546048 34.4773019
0.1123500 0.8569729 81.3024081 81.3024081 34.8354620
0.1260000 0.8458051 90.4677203 90.4677203 35.2493223
0.1417500 0.8344073 100.9006913 100.9006913 35.6548172
0.1585500 0.8215537 111.8698954 111.8698954 36.0534235
0.1785000 0.8056583 124.6688736 124.6688736 36.4629237
0.2005500 0.7934793 138.5747666 138.5747666 36.9365888
0.2247000 0.7802731 153.5612688 153.5612688 37.4143042
0.2520000 0.7648167 170.1874739 170.1874739 37.8011058
0.2824500 0.7473084 188.3458017 188.3458017 38.2090819
0.3171000 0.7302021 208.5428846 208.5428846 38.6895621
0.3549000 0.7147770 230.0953281 230.0953281 39.1027028
0.3990000 0.6956649 254.6278226 254.6278226 39.4792740
0.4473000 0.6798885 280.8535559 280.8535559 39.8444922
0.5019000 0.6600353 309.7323355 309.7323355 40.2290970
0.5628000 0.6415822 340.9732787 340.9732787 40.6033318
0.6310500 0.6219947 374.9962246 374.9962246 40.8733105
0.7087500 0.6036681 412.5270336 412.5270336 41.2533009
0.7948500 0.5841910 452.8418979 452.8418979 41.4853222
0.8914500 0.5678793 496.7208001 496.7208001 41.7525294
1.0006500 0.5428309 544.5213870 544.5213870 42.0370111
1.1227651 0.5248902 595.9486374 595.9486374 42.2859671
1.2594751 0.5118312 651.8662302 651.8662302 42.5932703
1.4127226 0.4890037 712.3730576 712.3730576 42.8819110
1.5858151 0.4729961 778.3128528 778.3128528 43.0993379
1.7787526 0.4557045 849.0169217 849.0169217 43.2852769
1.9959451 0.4403074 926.0138874 926.0138874 43.3518602
2.2393220 0.4259568 1008.5107776 1008.5107776 43.6329117
2.5125215 0.4077318 1098.3620147 1098.3620147 43.8084307
2.8192921 0.3933775 1195.5844784 1195.5844784 43.9930263
3.1631068 0.3812208 1300.5531835 1300.5531835 44.1522623
3.5483644 0.3672106 1413.7692654 1413.7692654 44.2354267
3.9810846 0.3522072 1535.8780470 1535.8780470 44.4484851
4.4672872 0.3439070 1669.2852043 1669.2852043 44.4098889
5.0118948 0.3299241 1814.0170236 1814.0170236 44.5342329
5.6245099 0.3137129 1968.9259927 1968.9259927 44.5559545
6.3098094 0.3161607 2139.9726169 2139.9726169 44.7727421
7.0803644 0.2994504 2327.1905446 2327.1905446 44.8990828
7.9440561 0.2900484 2528.7904466 2528.7904466 45.0148270
8.9125633 0.2674424 2741.2849688 2741.2849688 45.1329431
10.0014481 0.2683695 2971.2962613 2971.2962613 45.2702297
11.2210876 0.2573690 3225.1618889 3225.1618889 45.2469803
12.5894367 0.2428571 3497.1866162 3497.1866162 45.4181736
14.1269504 0.2450753 3793.0910930 3793.0910930 45.5008130
15.8491767 0.2220614 4110.3782799 4110.3782799 45.4739366
17.7840324 0.2162954 4447.3371849 4447.3371849 45.5444705
19.9529062 0.2105112 4810.6181846 4810.6181846 45.6144508
22.3872322 0.1967279 5205.6580460 5205.6580460 45.4858811
25.1199938 0.1988999 5631.1424292 5631.1424292 45.6997998
28.1840786 0.1891430 6090.1704036 6090.1704036 45.8770057
31.6237393 0.1802787 6600.8797928 6600.8797928 45.7583101
35.4826072 0.1838314 7142.3198095 7142.3198095 45.8347940
39.8132470 0.1714030 7735.7016591 7735.7016591 45.9101146
44.6694872 0.1604327 8381.6889569 8381.6889569 45.7726034
50.1205675 0.1496389 9056.1276113 9056.1276113 45.8241468
56.2377471 0.1492166 9776.9127635 9776.9127635 45.8420481
63.0967693 0.1357114 10587.9569610 10587.9569610 45.6701715
70.7954662 0.1412756 11454.1331473 11454.1331473 46.0870034
79.4340106 0.1330553 12409.0207493 12409.0207493 45.8416999
89.1259377 0.1198216 13405.6664228 13405.6664228 45.9793319
100.0026275 0.1238035 14492.7232126 14492.7232126 46.0564003
112.2074471 0.1175597 15704.0509898 15704.0509898 45.7873740
125.8964104 0.1194869 17021.3352209 17021.3352209 45.8456287
141.2559945 0.1191713 18472.9264158 18472.9264158 45.7423364
158.4947918 0.1093490 20012.5894017 20012.5894017 45.6807393
177.8326602 0.1128503 21787.2400313 21787.2400313 45.6830659
199.5344894 0.1105835 23708.4157981 23708.4157981 45.6417145
223.8731455 0.0996121 25704.8039362 25704.8039362 45.4698145
251.1895596 0.0980675 27766.7343563 27766.7343563 45.2871195
281.8404883 0.0864404 30012.5787013 30012.5787013 45.1824550
316.2378815 0.0884603 32337.1334765 32337.1334765 44.9851667
354.8252370 0.0786969 34833.8603283 34833.8603283 44.8861625
398.1250863 0.0745771 37551.1239322 37551.1239322 44.7583256
446.6934609 0.0682894 40431.9638445 40431.9638445 44.5100022
501.1903976 0.0686558 43390.1941959 43390.1941959 44.2640678
562.3470481 0.0752034 46803.8721593 46803.8721593 44.0629560
630.9576992 0.0572410 50207.5378157 50207.5378157 43.8059196
707.9626349 0.0521418 53641.1304118 53641.1304118 43.5335650
794.3311114 0.0504252 57404.1337946 57404.1337946 43.0557236
891.2901875 0.0510155 61447.4831515 61447.4831515 43.0146622
1000.0152949 0.0390625 65728.1627973 65728.1627973 42.5812244
1122.0453570 0.0400844 70078.8946470 70078.8946470 42.1125797
1258.9519017 0.0418128 74625.4978954 74625.4978954 41.8690814
1412.6025846 0.0283589 79429.8701016 79429.8701016 41.5142364
1584.9192513 0.0369276 84324.2077026 84324.2077026 41.2543985
1778.3297629 0.0473964 89262.2776018 89262.2776018 40.8235304
1995.3396487 0.0412265 94608.7144517 94608.7144517 40.6444363
2238.7495208 0.0112694 99180.9191574 99180.9191574 39.9293975
2511.9332487 0.0127882 103011.7824164 103011.5067254 39.3518091
2818.4067961 -0.0058729 106730.8058090 106729.8926269 38.8662080
3162.3160538 0.0194236 109945.5746946 109931.8073690 38.2683312
3548.2246552 0.0079881 112822.1273080 112788.0548733 37.5544944
3981.0824729 0.0094872 115409.5189266 115222.9829550 36.9753216
4466.8445267 0.0177446 118415.4175812 118132.2834353 36.1323420
5011.9508737 -0.0006180 121368.8670899 120947.7838256 35.4362830
5623.4686414 0.0026301 123775.5610671 122718.8987210 35.0668276
6309.6060499 -0.0048344 125376.0407719 123439.3998681 34.3366937
7079.5178905 -0.0024172 126101.9816272 121931.6056218 33.8567546
7943.3360745 0.0006476 127836.5025514 122378.8355253 33.2230176
8912.5538779 0.0063134 130809.6727841 124693.2500223 32.6761558
10000.0576380 0.0038269 132879.7624188 125056.4391339 32.4542308
11220.2837932 0.0056906 136022.4203289 126913.7562605 31.7261262
12589.2832138 0.0060894 141748.1069408 131735.4273896 31.3605041
14125.4898594 -0.0044357 146868.1910291 135797.3173963 30.4874784
15849.0266991 0.0016611 153378.9205156 141268.1053908 30.1633627
17782.8284773 0.0018567 159954.0141263 146586.1915288 29.6518459
19952.6405589 -0.0000059 163351.1633919 145854.5870775 29.2308331
22387.3110130 -0.0011902 166444.8349880 143762.2186856 28.9414721
25118.9399788 -0.0007974 168285.7836463 135936.2026059 28.7914871
28183.8378200 -0.0043111 173461.5077389 135495.8470991 28.7251396
31622.8492882 0.0054619 185880.5984481 145599.4234697 28.2426543
35481.3448326 -0.0073281 199634.1498117 156067.8476857 28.0394811
39810.8123001 0.0059966 210826.2024953 162544.1804176 27.5706218
44668.4408210 0.0033200 220765.5724444 165631.0179118 27.8496081
50118.8218320 0.0025216 232575.5040689 169308.6516481 27.5008393
56234.1823694 0.0043066 239201.1760676 160280.9992379 27.3351952
63095.8439737 0.0041606 251472.5744974 160463.9685477 27.4021567
70794.7386130 0.0040201 263374.4917687 155909.6612589 27.1525098
79432.9897122 -0.0073617 268125.3302649 124818.4195790 27.2284919
89125.2011949 -0.0028941 277659.7943341 106640.7174847 27.4280973
100000.1496297 0.0005188 293183.2211994 99232.3382775 27.2665635
112201.9339986 0.0093776 306163.9780527 77147.6114477 27.3681578
125892.6936390 0.0004667 325617.0794567 66165.0463482 27.5083655
141253.8311154 0.0035077 364444.7098193 87083.1104290 27.7577188
158489.5061793 0.0001651 438900.7596889 151975.9735773 28.0314726
