1003 0
1 0.543056 568.525 568.525
2 0.465962 988.835 988.835
3 0.404359 1354.19 1354.19
5 0.342738 1995.73 1995.73
7 0.322849 2569.25 2569.25
10 0.281921 3367.38 3367.38
15 0.275268 4505.04 4505.04
20 0.24174 5581.05 5581.05
30 0.218822 7565.59 7565.59
50 0.172235 11028.2 11028.2
70 0.158319 13936.1 13936.1
100 0.15716 17907.1 17907.1
150 0.136424 23951 23951
200 0.119724 29273.9 29273.9
300 0.107568 39339 39339
500 0.0796425 54163.6 54163.6
700 0.075526 65176.7 65176.7
1000 0.0564699 80099.9 80099.9
1500 0.0300096 98059.5 98059.4
2000 0.0557666 116012 116012
3000 0.0478523 142393 142391
5000 0.0131153 186400 186328
7000 -0.000839429 223522 223324
10000 -5.12809e-05 272561 271798
15000 0.0252292 339128 336412
20000 0.0105617 400661 395819
30000 0.00531984 559861 552885
40000 -0.0141762 735683 727133
50000 0.0207111 882592 870969
60000 0.00912357 1.01336e+06 997668
70000 0.00785259 1.20385e+06 1.18716e+06
80000 0.0296323 1.38818e+06 1.37042e+06
90000 0.00801455 1.52705e+06 1.50578e+06
100000 0.0108095 1.65003e+06 1.62353e+06
150000 0.00297724 2.23385e+06 2.17478e+06
200000 0.000194923 2.69474e+06 2.56477e+06
300000 -0.0131868 3.17173e+06 2.71384e+06
400000 0.0288482 3.64863e+06 2.85786e+06
