1007 0
1 0.539882 557.499 557.499
2 0.459003 974.099 974.099
3 0.4108 1332.55 1332.55
5 0.337038 1953.91 1953.91
7 0.304061 2493.79 2493.79
10 0.276253 3247.32 3247.32
15 0.245111 4342.99 4342.99
20 0.224518 5308.71 5308.71
30 0.212925 7138.69 7138.69
50 0.181113 10326.2 10326.2
70 0.164309 13057.6 13057.6
100 0.128689 16388.5 16388.5
150 0.111114 21669.5 21669.5
200 0.111383 26293.5 26293.5
300 0.0760049 34026.4 34026.4
500 0.0710418 46477.4 46477.4
700 0.0527142 56812.6 56812.6
1000 0.0355765 67492.2 67492.2
1500 0.0541231 83810.6 83810.4
2000 0.0219681 98479.4 98479.3
3000 0.0216925 125476 125472
5000 0.0109583 162827 162575
7000 0.00497757 195964 195294
10000 0.00163351 229789 227173
15000 0.0119584 287091 280341
20000 0.00459408 337629 325006
30000 -0.00448362 428452 404822
40000 -0.0085721 489599 442387
50000 0.0113366 529073 445267
60000 0.00283933 580331 467159
70000 -0.00781813 628973 485806
80000 -0.0141993 649709 442056
90000 0.00239413 662654 372287
100000 -0.0088776 709448 382317
150000 0.0104245 1.0613e+06 639642
200000 0.0186093 1.51425e+06 1.0337e+06
300000 0.0042791 2.44178e+06 1.84657e+06
400000 -0.00901044 3.27002e+06 2.52826e+06
