1016 0
1 0.529035 547.894 547.894
2 0.458011 958.206 958.206
3 0.403665 1321.18 1321.18
5 0.343371 1941.58 1941.58
7 0.307543 2486.94 2486.94
10 0.271947 3220.62 3220.62
15 0.250824 4355.51 4355.51
20 0.240143 5324.88 5324.88
30 0.20466 7160.35 7160.35
50 0.181986 10384 10384
70 0.165881 13327.3 13327.3
100 0.15142 17307 17307
150 0.117837 23310.6 23310.6
200 0.111553 28863.5 28863.5
300 0.0825377 38678.3 38678.3
500 0.0870609 53736 53736
700 0.0588362 66669.3 66669.3
1000 0.0559349 84232.7 84232.7
1500 0.0522878 108554 108554
2000 0.0563221 126093 126093
3000 0.04404 153053 153034
5000 0.020325 193851 193778
7000 0.0169274 237907 237751
10000 0.00760979 298273 297992
15000 0.00946139 345730 340180
20000 0.0230882 381051 367395
30000 0.0205116 474511 449855
40000 0.00523879 539851 494061
50000 0.00357523 592372 519688
60000 -0.0145135 631054 520605
70000 -0.0165054 670267 522848
80000 0.0206153 721797 546459
90000 -0.00605962 759174 543199
100000 -0.00252974 803780 554995
150000 -0.00323913 1.26407e+06 950930
200000 0.0131838 1.81625e+06 1.46633e+06
300000 0.015509 2.58738e+06 2.05705e+06
400000 0.026578 3.47141e+06 2.80394e+06
