1021 0
1 0.527428 552.484 552.484
2 0.448147 954.789 954.789
3 0.391111 1303.23 1303.23
5 0.350232 1917.15 1917.15
7 0.317654 2471.37 2471.37
10 0.272655 3203.18 3203.18
15 0.25236 4311.98 4311.98
20 0.241841 5332.84 5332.84
30 0.20364 7160.11 7160.11
50 0.188532 10412.2 10412.2
70 0.167136 13461.6 13461.6
100 0.172872 17822.9 17822.9
150 0.132102 24179.7 24179.7
200 0.128507 29376.3 29376.3
300 0.10411 39103.3 39103.3
500 0.110189 56800 56800
700 0.0663747 71313.3 71313.3
1000 0.0442591 89280.5 89280.5
1500 0.0702277 114466 114466
2000 0.0502235 141804 141804
3000 0.0680295 191935 191935
5000 0.0238254 264487 264487
7000 0.0177866 315566 315513
10000 0.0515463 370575 370206
15000 0.0389323 465531 464663
20000 0.0115932 544637 542865
30000 -0.00531515 657220 646857
40000 -0.0181523 725013 697015
50000 0.00942333 791969 745967
60000 0.0198388 896078 842380
70000 0.0100497 1.00037e+06 938980
80000 0.00802145 1.09898e+06 1.02841e+06
90000 0.00101463 1.17411e+06 1.08688e+06
100000 -0.00977767 1.23655e+06 1.12768e+06
150000 0.0196444 1.76913e+06 1.61419e+06
200000 0.0254848 2.26619e+06 2.06261e+06
300000 0.00390804 3.34395e+06 3.0586e+06
400000 0.00624524 4.41971e+06 4.04769e+06
