1024 0
1 0.542399 563.265 563.265
2 0.455299 977.38 977.38
3 0.397742 1337.73 1337.73
5 0.355018 1967.56 1967.56
7 0.332397 2537.4 2537.4
10 0.313089 3351.24 3351.24
15 0.267928 4581.95 4581.95
20 0.232407 5689.09 5689.09
30 0.214917 7590.84 7590.84
50 0.17001 10785.2 10785.2
70 0.160773 13594.2 13594.2
100 0.142893 17318.7 17318.7
150 0.132906 23204.8 23204.8
200 0.119796 28733 28733
300 0.105735 38173.1 38173.1
500 0.10779 54781.4 54781.4
700 0.0561972 69352.1 69352.1
1000 0.0756639 88370.8 88370.8
1500 0.0653281 118402 118402
2000 0.0614339 141780 141780
3000 0.042842 173390 173390
5000 0.0288632 226460 226437
7000 0.013333 264080 263781
10000 0.0158508 309631 307942
15000 0.0277296 426101 424299
20000 0.0182426 517536 515151
30000 0.00822079 665512 660312
40000 0.0186689 805148 796383
50000 0.0173381 949979 938160
60000 0.0105839 1.09898e+06 1.08486e+06
70000 0.00164624 1.20048e+06 1.17729e+06
80000 -0.00602013 1.24922e+06 1.19465e+06
90000 0.0115045 1.29711e+06 1.21207e+06
100000 -0.0149354 1.34003e+06 1.21738e+06
150000 0.00441246 1.50866e+06 1.14733e+06
200000 -0.000200467 1.72959e+06 1.18438e+06
300000 -0.000479761 2.23535e+06 1.38116e+06
400000 0.0203112 2.82982e+06 1.72764e+06
