1000 0
0 0.953264 4.5957 4.5957
0 0.944362 9.1485 9.1485
0 0.936973 13.6657 13.6657
0 0.920835 22.5885 22.5885
0 0.906332 31.3625 31.3625
0 0.886573 44.2848 44.2848
0 0.835822 85.5177 85.5177
0 0.794245 120.806 120.806
0 0.729801 190.266 190.266
0 0.687508 254.979 254.979
1 0.640651 347.547 347.547
2 0.55167 617.729 617.729
3 0.509472 856.003 856.003
5 0.451786 1293.25 1293.25
7 0.41892 1691.61 1691.61
10 0.39586 2249.26 2249.26
15 0.362993 3119.91 3119.91
20 0.322263 3918.7 3918.7
30 0.300298 5388.47 5388.47
50 0.273618 8042.46 8042.46
70 0.253558 10508.2 10508.2
100 0.237909 13907 13907
150 0.222115 19166.7 19166.7
200 0.201681 24157.7 24157.7
300 0.191464 33437.7 33437.7
500 0.131864 47804.6 47804.6
700 0.0986913 58164.2 58164.2
1000 0.068842 70896.1 70896.1
1500 0.0326152 83147.4 83147.4
2000 0.0303668 93255.1 93255.1
3000 0.0196097 109129 109129
5000 0.0211109 133576 133573
7000 0.0274885 157960 157956
10000 0.0208987 191234 191230
15000 0.0138713 239522 239479
20000 0.0178161 264578 263551
