1001 0
0 1.03117 4.65506 4.65506
0 1.02185 9.26804 9.26804
0 1.01262 13.8394 13.8394
0 0.995001 22.8656 22.8656
0 0.981507 31.7601 31.7601
0 0.961174 44.8716 44.8716
0 0.905031 86.7455 86.7455
0 0.868084 122.632 122.632
0 0.80141 194.036 194.036
0 0.757408 260.75 260.75
1 0.705029 356.036 356.036
2 0.604169 637.054 637.054
3 0.560322 884.897 884.897
5 0.509987 1340.27 1340.27
7 0.473532 1759.45 1759.45
10 0.439411 2344.9 2344.9
15 0.411778 3247.86 3247.86
20 0.385406 4109.88 4109.88
30 0.352036 5686.81 5686.81
50 0.3023 8492.8 8492.8
70 0.291918 11031.6 11031.6
100 0.267442 14596 14596
150 0.258527 20143 20143
200 0.225384 25316.7 25316.7
300 0.19693 35039.5 35039.5
500 0.175603 51196.3 51196.3
700 0.175426 65729.4 65729.4
1000 0.118757 84279.6 84279.6
1500 0.115333 109234 109234
2000 0.114184 135509 135509
3000 0.114502 183200 183200
5000 0.119073 282875 282875
7000 0.128668 378401 378401
10000 0.113868 530981 530981
15000 0.126212 799688 799688
20000 0.102604 1.0825e+06 1.0825e+06
30000 0.0890131 1.55553e+06 1.55553e+06
