1004 0
0 0.97333 4.65202 4.65202
0 0.96477 9.26313 9.26313
0 0.954622 13.8257 13.8257
0 0.940916 22.8523 22.8523
0 0.928285 31.7534 31.7534
0 0.906819 44.8565 44.8565
0 0.857044 86.8483 86.8483
0 0.818614 122.696 122.696
0 0.759537 194.086 194.086
0 0.717088 260.708 260.708
1 0.668513 355.867 355.867
2 0.58492 635.58 635.58
3 0.523129 884.456 884.456
5 0.466762 1330.6 1330.6
7 0.443005 1737.38 1737.38
10 0.412995 2317.38 2317.38
15 0.374181 3208.43 3208.43
20 0.359318 4050.42 4050.42
30 0.335776 5668.99 5668.99
50 0.303334 8547.63 8547.63
70 0.279169 11136.1 11136.1
100 0.243741 14660.2 14660.2
150 0.21995 19983.3 19983.3
200 0.208482 24843.3 24843.3
300 0.177928 33469.8 33469.8
500 0.152142 48210.8 48210.8
700 0.125724 60615.2 60615.2
1000 0.108578 76764.9 76764.9
1500 0.0761517 97192.2 97192.2
2000 0.0714528 111790 111790
3000 0.0301973 128703 128702
5000 0.0291894 146016 145411
7000 0.0164333 164600 163975
10000 0.0220428 197187 196545
15000 0.00101569 237517 236656
20000 0.023262 277502 276443
