1006 0
0 1.0298 4.59715 4.59715
0 1.02014 9.15117 9.15117
0 1.0105 13.6622 13.6622
0 0.994295 22.5737 22.5737
0 0.978722 31.3448 31.3448
0 0.959372 44.2744 44.2744
0 0.901806 85.5554 85.5554
0 0.856851 120.783 120.783
0 0.789368 190.155 190.155
0 0.741963 254.592 254.592
1 0.693573 347.134 347.134
2 0.594426 619.273 619.273
3 0.551286 860.56 860.56
5 0.481057 1298.65 1298.65
7 0.448015 1688.64 1688.64
10 0.407816 2235.57 2235.57
15 0.378096 3065.27 3065.27
20 0.361131 3841.93 3841.93
30 0.326563 5308.12 5308.12
50 0.289558 7920.82 7920.82
70 0.269908 10299.6 10299.6
100 0.262068 13597.3 13597.3
150 0.229512 18575.1 18575.1
200 0.187843 23086.7 23086.7
300 0.194613 31198 31198
500 0.151982 45730 45730
700 0.128964 57448.1 57448.1
1000 0.120181 73633.2 73633.2
1500 0.117167 98059.6 98059.6
2000 0.115528 122494 122494
3000 0.0914263 166253 166253
5000 0.0699237 233373 233373
7000 0.0361748 284056 284056
10000 0.0423263 348545 348545
15000 0.0390675 455049 455049
20000 0.025328 542933 542933
