1013 0
0 1.00648 4.63487 4.63487
0 0.997613 9.2289 9.2289
0 0.985379 13.7666 13.7666
0 0.971243 22.7361 22.7361
0 0.957842 31.5881 31.5881
0 0.937486 44.6223 44.6223
0 0.885687 86.4487 86.4487
0 0.846881 122.229 122.229
0 0.774684 192.9 192.9
0 0.727492 258.472 258.472
1 0.681842 352.474 352.474
2 0.578863 623.65 623.65
3 0.521145 862.853 862.853
5 0.481976 1305.88 1305.88
7 0.448103 1712.86 1712.86
10 0.418383 2286.97 2286.97
15 0.3948 3164.43 3164.43
20 0.377488 3998.53 3998.53
30 0.3429 5563.5 5563.5
50 0.300244 8331.37 8331.37
70 0.2795 10894.7 10894.7
100 0.255551 14393.7 14393.7
150 0.229388 19783.8 19783.8
200 0.225726 24694 24694
300 0.171862 33042.2 33042.2
500 0.153262 46692.8 46692.8
700 0.0981563 56503.7 56503.7
1000 0.0783912 68295.2 68295.2
1500 0.0931847 87494.8 87494.8
2000 0.0891807 104899 104899
3000 0.056513 133778 133778
5000 0.0589062 191270 191270
7000 0.078392 255815 255815
10000 0.0557338 344917 344917
15000 0.0650983 468079 468079
20000 0.057418 596674 596674
