7013 -3.4 0 881.199
0.0325500 0.9651107 28.2318188 28.2318188 92.5766546
0.0357000 0.9615383 30.9034571 30.9034571 92.7565594
0.0399000 0.9571009 34.4514811 34.4514811 93.0000156
0.0451500 0.9514994 38.8642062 38.8642062 93.2951967
0.0504000 0.9456631 43.2497472 43.2497472 93.5734130
0.0567000 0.9397113 48.4799807 48.4799807 93.8924374
0.0640500 0.9323936 54.5390772 54.5390772 94.2482779
0.0714000 0.9259849 60.5584126 60.5584126 94.5823812
0.0798000 0.9195800 67.3866854 67.3866854 94.9595110
0.0892500 0.9100349 75.0021185 75.0021185 95.3384230
0.1008000 0.9000666 84.2096442 84.2096442 95.8052399
0.1123500 0.8926162 93.3327975 93.3327975 96.2440631
0.1260000 0.8816998 104.0007978 104.0007978 96.6692238
0.1417500 0.8712205 116.1523982 116.1523982 97.1475636
0.1585500 0.8612473 128.9698782 128.9698782 97.6108915
0.1785000 0.8495044 144.0067276 144.0067276 98.1251958
0.2005500 0.8364865 160.3659984 160.3659984 98.6509000
0.2247000 0.8240557 178.0336876 178.0336876 99.0960307
0.2520000 0.8099156 197.6717620 197.6717620 99.6213251
0.2824500 0.7930591 219.1762314 219.1762314 100.0692841
0.3171000 0.7768640 243.1248254 243.1248254 100.5813039
0.3549000 0.7619130 268.7644279 268.7644279 101.0250521
0.3990000 0.7475252 298.1067612 298.1067612 101.4864078
0.4473000 0.7299066 329.5600024 329.5600024 101.9193188
0.5019000 0.7132774 364.2896986 364.2896986 102.2944667
0.5628000 0.6972316 402.0629140 402.0629140 102.6165830
0.6310500 0.6811004 443.4401240 443.4401240 103.0247069
0.7087500 0.6599537 489.3431089 489.3431089 103.2159341
0.7948500 0.6422709 538.7782254 538.7782254 103.4854857
0.8914500 0.6266501 592.8353148 592.8353148 103.7931518
1.0006500 0.6053189 652.1015591 652.1015591 104.1340025
1.1227651 0.5819635 716.0050469 716.0050469 104.2365152
1.2594751 0.5672274 785.2904499 785.2904499 104.6586432
1.4127226 0.5493177 860.7614819 860.7614819 104.8266259
1.5858151 0.5365898 943.4597453 943.4597453 105.0034226
1.7787526 0.5256547 1033.8719205 1033.8719205 105.1921937
1.9959451 0.5099225 1132.5942790 1132.5942790 105.3741326
2.2393220 0.4880128 1239.6326285 1239.6326285 105.4098941
2.5125215 0.4683492 1354.5878856 1354.5878856 105.5117236
2.8192921 0.4555066 1479.8185011 1479.8185011 105.6676010
3.1631068 0.4432953 1615.3405599 1615.3405599 105.7780675
3.5483644 0.4304052 1762.9888219 1762.9888219 105.9072082
3.9810846 0.4109159 1922.5501886 1922.5501886 106.0496346
4.4672872 0.3926859 2095.4430452 2095.4430452 106.1171079
5.0118948 0.3851932 2282.3156114 2282.3156114 106.2108432
5.6245099 0.3737974 2488.2566395 2488.2566395 106.1844986
6.3098094 0.3609287 2711.5195348 2711.5195348 106.4697573
7.0803644 0.3495019 2951.5450471 2951.5450471 106.4891181
7.9440561 0.3423287 3212.8960350 3212.8960350 106.5796378
8.9125633 0.3323284 3497.5627747 3497.5627747 106.7570201
10.0014481 0.3141786 3805.5520511 3805.5520511 106.7187237
11.2210876 0.3038182 4141.1894260 4141.1894260 106.7030817
12.5894367 0.2926115 4499.8300315 4499.8300315 106.8702830
14.1269504 0.2773727 4888.5880110 4888.5880110 106.7903285
15.8491767 0.2803713 5306.0135068 5306.0135068 106.7979102
17.7840324 0.2614839 5770.6091279 5770.6091279 106.8463624
19.9529062 0.2611008 6271.0907676 6271.0907676 106.9139563
22.3872322 0.2597912 6833.9181714 6833.9181714 106.9249638
25.1199938 0.2480071 7439.9585298 7439.9585298 106.9736260
28.1840786 0.2542650 8100.1814760 8100.1814760 107.0558938
31.6237393 0.2385892 8839.8039266 8839.8039266 107.0771259
35.4826072 0.2365389 9651.1668562 9651.1668562 107.0833184
39.8132470 0.2251531 10536.0416192 10536.0416192 107.1290930
44.6694872 0.2224852 11498.7848188 11498.7848188 107.0063963
50.1205675 0.2201589 12563.5049972 12563.5049972 106.9922873
56.2377471 0.2064113 13689.5492595 13689.5492595 106.9967229
63.0967693 0.2055967 14918.8514613 14918.8514613 106.9048511
70.7954662 0.1939594 16266.6250022 16266.6250022 106.8615141
79.4340106 0.1933470 17727.7349790 17727.7349790 106.7669127
89.1259377 0.1882530 19317.8800937 19317.8800937 106.9068065
100.0026275 0.1903952 21095.9833199 21095.9833199 106.8417536
112.2074471 0.1746951 23024.6996435 23024.6996435 106.7414137
125.8964104 0.1739313 25127.4892949 25127.4892949 106.6220040
141.2559945 0.1694804 27438.4985275 27438.4985275 106.3191233
158.4947918 0.1521916 29966.8648331 29966.8648331 106.3692494
177.8326602 0.1585652 32668.2576231 32668.2576231 106.2663470
199.5344894 0.1493431 35604.4303553 35604.4303553 106.0246141
223.8731455 0.1511823 38782.8948444 38782.8948444 105.7714820
251.1895596 0.1398719 42225.6761572 42225.6761572 105.8064057
281.8404883 0.1358198 45928.9167019 45928.9167019 105.4282602
316.2378815 0.1375850 50000.4438148 50000.4438148 105.4080578
354.8252370 0.1315899 54391.7968585 54391.7968585 104.8811805
398.1250863 0.1180994 59048.9357399 59048.9357399 104.9507219
446.6934609 0.1161857 63885.8279978 63885.8279978 104.5991122
501.1903976 0.1050241 69287.5202947 69287.5202947 104.1514509
562.3470481 0.1035790 74885.5107045 74885.5107045 103.7290087
630.9576992 0.1024348 80861.5314907 80861.5314907 103.2606906
707.9626349 0.0757382 87108.2403674 87108.2403674 102.8334374
794.3311114 0.0714929 93376.6774934 93376.6774934 102.3238739
891.2901875 0.0838498 100087.7289449 100087.7289449 101.5613192
1000.0152949 0.0722056 107130.1633720 107130.1633720 101.0576843
1122.0453570 0.0589223 114061.1332683 114061.1332683 100.5435382
1258.9519017 0.0505863 121742.2361096 121742.2361096 99.9651285
1412.6025846 0.0683119 129913.2325365 129913.2325365 99.4257294
1584.9192513 0.0594488 139363.9248599 139363.9248599 98.8293368
1778.3297629 0.0612651 149870.1758793 149870.1758793 98.2610611
1995.3396487 0.0540550 160534.7694809 160534.7694809 97.9305611
2238.7495208 0.0475761 171895.4530978 171895.4530978 96.9461963
2511.9332487 0.0517797 183022.3630889 183022.3630889 96.1043042
2818.4067961 0.0346210 194498.3205738 194498.3205738 95.0974704
3162.3160538 0.0353052 207690.9687572 207690.9687572 94.1589826
3548.2246552 0.0385041 221412.3210376 221412.3210376 93.2984228
3981.0824729 0.0325828 234049.7633224 234049.7633224 92.4926844
4466.8445267 0.0180573 248456.9713784 248456.9713784 91.8999622
5011.9508737 0.0319527 262773.8940945 262773.8940945 91.1457217
5623.4686414 0.0210898 277562.4935618 277562.4935618 90.4688643
6309.6060499 0.0308512 293864.8335394 293864.8335394 89.4623738
7079.5178905 0.0111687 309380.5184839 309380.5184839 89.0826576
7943.3360745 0.0335955 325353.9366093 325353.7756025 88.2131245
8912.5538779 0.0220059 343587.1849154 343587.0239086 87.3399345
10000.0576380 0.0244976 369441.8876391 369441.7266323 86.8736446
11220.2837932 0.0230330 401325.1010084 401324.9400015 86.3671530
12589.2832138 0.0390076 438982.5254007 438982.3643939 85.9164470
14125.4898594 0.0433430 483184.6353684 483184.4743616 85.5947942
15849.0266991 0.0252296 528137.3068843 528137.1458775 84.9124893
17782.8284773 0.0242126 572038.3352700 572038.1742632 84.0653859
19952.6405589 0.0207346 623383.5290197 623383.3680128 83.2390895
22387.3110130 0.0246566 678052.8480875 678052.6870806 82.3385290
25118.9399788 0.0295637 755433.4960163 755433.3350095 81.6798211
28183.8378200 0.0171172 833017.6128952 833017.4518884 81.2285138
31622.8492882 0.0271083 910199.1581331 910198.9971262 80.7776755
35481.3448326 0.0312764 1014502.1728437 1014502.0118369 79.9684591
39810.8123001 0.0231594 1122722.5207125 1122722.3597056 79.5243333
44668.4408210 0.0197876 1198680.3555512 1198660.8464643 79.0535592
50118.8218320 0.0208079 1287004.7989976 1286981.3047988 78.5770966
56234.1823694 0.0245373 1389164.3911362 1389129.7377380 78.3429255
63095.8439737 0.0150263 1478130.9153173 1477922.6218880 77.7849182
70794.7386130 0.0076265 1509366.3823762 1502866.9226657 77.6462081
79432.9897122 0.0005759 1542228.2557580 1527098.7239539 77.7477796
89125.2011949 -0.0050422 1587263.4716745 1566406.4178028 77.6035016
100000.1496297 -0.0049788 1618949.2968688 1582889.0344929 77.7690903
