1000 0
0 37.2313 0 0
0 0.993124 0.370938 0.370938
0 0.986146 0.739258 0.739258
0 0.979281 1.105 1.105
0 0.965903 1.82895 1.82895
0 0.952955 2.54309 2.54309
0 0.93431 3.59664 3.59664
0 0.878162 6.96697 6.96697
0 0.82989 10.1436 10.1436
0 0.750879 16.0148 16.0148
0 0.688829 21.3653 21.3653
1 0.616262 28.6338 28.6338
2 0.46701 48.4808 48.4808
3 0.383597 64.186 64.186
5 0.293637 89.0145 89.0145
7 0.242864 108.841 108.841
10 0.197092 133.172 133.172
15 0.154306 165.469 165.469
20 0.129169 191.686 191.686
30 0.0982694 233.467 233.467
50 0.06712 293.561 293.561
70 0.0507758 336.879 336.879
100 0.036977 385.151 385.151
150 0.0251803 441.662 441.662
200 0.0186097 481.9 481.9
300 0.0116112 536.603 536.603
500 0.00543975 596.621 596.621
700 0.00287729 626.289 626.289
1000 0.00132165 648.359 648.359
1500 0.000499904 663.609 663.609
2000 0.000290846 670.535 670.535
3000 0.000223694 679.61 679.61
5000 0.000218888 695.973 695.973
7000 0.000218866 712.271 712.271
10000 0.000218866 736.717 736.717
15000 0.000218866 777.46 777.46
20000 0.000218866 818.204 818.204
30000 0.000218866 899.69 899.69
40000 0.000218866 981.177 981.177
50000 0.000218866 1062.66 1062.66
60000 0.000218866 1144.15 1144.15
70000 0.000218866 1225.64 1225.64
80000 0.000218866 1307.12 1307.12
90000 0.000218866 1388.61 1388.61
100000 0.000218866 1470.1 1470.1
150000 0.000218866 1877.53 1877.53
200000 0.000218866 2284.96 2284.96
300000 0.000218866 3099.83 3099.83
400000 0.000218866 3914.7 3914.7
500000 0.000218866 4729.57 4729.57
600000 0.000218866 5544.43 5544.43
700000 0.000218866 6359.3 6359.3
800000 0.000218866 7174.17 7174.17
900000 0.000218866 7989.03 7989.03
1000000 0.000218866 8803.9 8803.9
1500000 0.000218866 12878.2 12878.2
