1006 0
0 48.4967 0 0
0 0.991118 0.482085 0.482085
0 0.984663 0.961019 0.961019
0 0.978295 1.43685 1.43685
0 0.965855 2.37936 2.37936
0 0.953773 3.31 3.31
0 0.936345 4.68445 4.68445
0 0.883378 9.0927 9.0927
0 0.83733 13.2614 13.2614
0 0.761357 20.9969 20.9969
0 0.701672 28.0799 28.0799
1 0.631737 37.7545 37.7545
2 0.488425 64.5159 64.5159
3 0.409672 86.13 86.13
5 0.322955 121.183 121.183
7 0.27363 149.929 149.929
10 0.228878 186.202 186.202
15 0.185804 235.993 235.993
20 0.159077 277.555 277.555
30 0.127946 346.436 346.436
50 0.0944363 452.385 452.385
70 0.0762905 534.472 534.472
100 0.0589353 632.01 632.01
150 0.041993 752.264 752.264
200 0.0308526 839.989 839.989
300 0.0178913 954.243 954.243
500 0.0080567 1071.77 1071.77
700 0.00410453 1126.93 1126.93
1000 0.00148273 1167.32 1167.32
1500 -0.00028948 1180.04 1179.43
2000 -0.00127976 1180.04 1158.53
3000 -0.00199216 1180.04 1075.44
5000 -0.00228335 1180.04 864.149
7000 -0.00232623 1180.04 639.917
10000 -0.00233164 1180.04 300.894
15000 -0.00233185 1180.04 -264.536
20000 -0.00233185 1180.04 -829.971
30000 -0.00233185 1180.04 -1960.84
40000 -0.00233185 1180.04 -3091.71
50000 -0.00233185 1180.04 -4222.57
60000 -0.00233185 1180.04 -5353.44
70000 -0.00233185 1180.04 -6484.32
80000 -0.00233185 1180.04 -7615.2
90000 -0.00233185 1180.04 -8746.06
100000 -0.00233185 1180.04 -9876.93
150000 -0.00233185 1180.04 -15531.3
200000 -0.00233185 1180.04 -21185.6
300000 -0.00233185 1180.04 -32494.3
400000 -0.00233185 1180.04 -43803
500000 -0.00233185 1180.04 -55111.7
600000 -0.00233185 1180.04 -66420.5
700000 -0.00233185 1180.04 -77729.1
800000 -0.00233185 1180.04 -89037.8
900000 -0.00233185 1180.04 -100347
1000000 -0.00233185 1180.04 -111655
1500000 -0.00233185 1180.04 -168199
