1005 0
0 1.00555 4.51839 4.51839
0 0.996611 8.99662 8.99662
0 0.98791 13.4357 13.4357
0 0.971181 22.2007 22.2007
0 0.955298 30.8211 30.8211
0 0.932928 43.4962 43.4962
0 0.868996 83.7816 83.7816
0 0.82243 117.849 117.849
0 0.747261 184.502 184.502
0 0.692582 245.731 245.731
1 0.632339 331.684 331.684
2 0.523527 575.007 575.007
3 0.467585 785.379 785.379
5 0.406808 1157.5 1157.5
7 0.372376 1488.94 1488.94
10 0.33983 1944.86 1944.86
15 0.307568 2634.01 2634.01
20 0.28703 3268.56 3268.56
30 0.260784 4436.91 4436.91
50 0.23058 6526.59 6526.59
70 0.210921 8411.63 8411.63
100 0.186461 10952.9 10952.9
150 0.163282 14666.2 14666.2
200 0.15126 18014.3 18014.3
300 0.136296 24114.8 24114.8
500 0.115053 34981.4 34981.4
700 0.0962427 43874.2 43874.2
1000 0.0860447 55279.6 55279.6
1500 0.0738311 73016.5 73016.5
2000 0.0670208 88894.4 88894.4
3000 0.0822041 121253 121253
5000 0.0669491 186020 186020
7000 0.0639935 237775 237775
10000 0.0514793 313945 313945
15000 0.0296437 406146 406146
20000 0.0290142 467267 467267
30000 0.0263577 584978 584978
