1006 0
0 0.995484 4.4943 4.4943
0 0.98668 8.94885 8.94885
0 0.978104 13.3647 13.3647
0 0.961604 22.0841 22.0841
0 0.945921 30.6602 30.6602
0 0.92382 43.2706 43.2706
0 0.860537 83.3524 83.3524
0 0.814386 117.247 117.247
0 0.739768 183.553 183.553
0 0.685419 244.443 244.443
1 0.625577 329.893 329.893
2 0.517391 571.638 571.638
3 0.461479 780.386 780.386
5 0.400294 1148.81 1148.81
7 0.365916 1476.21 1476.21
10 0.333534 1926.14 1926.14
15 0.300915 2604.61 2604.61
20 0.280061 3227.39 3227.39
30 0.253805 4370.88 4370.88
50 0.22377 6412.56 6412.56
70 0.207328 8258.87 8258.87
100 0.192598 10831 10831
150 0.174495 14769.1 14769.1
200 0.159239 18357.3 18357.3
300 0.131759 24676.5 24676.5
500 0.092293 34104 34104
700 0.0787014 41337.8 41337.8
1000 0.0703553 50837.1 50837.1
1500 0.054899 64143.1 64143.1
2000 0.0497191 75885.3 75885.3
3000 0.0327316 94680.3 94680.3
5000 0.0271845 117746 117746
7000 0.0282283 146756 146756
10000 0.0235062 169745 169745
15000 0.0278857 220318 220318
20000 0.0136204 263226 263226
30000 0.0356825 397355 397355
