6010 -3.46 0 987.488
0.0325500 0.9629249 31.4060272 31.4060272 302.2454312
0.0357000 0.9606480 34.3963252 34.3963252 302.4282136
0.0399000 0.9573301 38.3720785 38.3720785 302.6657146
0.0451500 0.9535530 43.3231422 43.3231422 302.9569685
0.0504000 0.9483198 48.2509141 48.2509141 303.2390314
0.0567000 0.9437879 54.1334487 54.1334487 303.5860967
0.0640500 0.9377090 60.9594427 60.9594427 303.9088597
0.0714000 0.9320665 67.7405899 67.7405899 304.2298251
0.0798000 0.9265165 75.4466854 75.4466854 304.6057181
0.0892500 0.9195412 84.0577903 84.0577903 304.9886993
0.1008000 0.9115442 94.4962691 94.4962691 305.4023237
0.1123500 0.9036642 104.8449635 104.8449635 305.8254951
0.1260000 0.8959929 116.9661893 116.9661893 306.2757208
0.1417500 0.8878549 130.8310433 130.8310433 306.7553492
0.1585500 0.8788707 145.4775421 145.4775421 307.1361717
0.1785000 0.8698697 162.6992935 162.6992935 307.5939482
0.2005500 0.8585979 181.5104602 181.5104602 308.0419509
0.2247000 0.8464134 201.8303694 201.8303694 308.5350325
0.2520000 0.8361500 224.4866398 224.4866398 308.9574329
0.2824500 0.8253344 249.4543788 249.4543788 309.4235067
0.3171000 0.8121607 277.4875284 277.4875284 309.8675633
0.3549000 0.7981750 307.5561642 307.5561642 310.3053164
0.3990000 0.7822284 341.9585666 341.9585666 310.6506553
0.4473000 0.7663852 378.8796279 378.8796279 311.0253507
0.5019000 0.7540078 419.8252124 419.8252124 311.3097636
0.5628000 0.7361085 464.6393939 464.6393939 311.6148450
0.6310500 0.7219831 513.7764186 513.7764186 311.9412691
0.7087500 0.7042085 568.4266063 568.4266063 312.1799088
0.7948500 0.6875679 627.5313330 627.5313330 312.3329350
0.8914500 0.6705223 692.3457052 692.3457052 312.5169459
1.0006500 0.6545485 763.8715687 763.8715687 312.7478875
1.1227651 0.6356714 841.6266878 841.6266878 312.9345851
1.2594751 0.6193579 926.3184511 926.3184511 313.0384423
1.4127226 0.6040405 1018.6661020 1018.6661020 313.1864096
1.5858151 0.5872933 1120.4427763 1120.4427763 313.3031332
1.7787526 0.5730925 1230.8523084 1230.8523084 313.3654915
1.9959451 0.5610421 1351.9984835 1351.9984835 313.5405668
2.2393220 0.5511775 1485.7401036 1485.7401036 313.6610389
2.5125215 0.5364128 1631.6784891 1631.6784891 313.7107260
2.8192921 0.5182003 1791.0192270 1791.0192270 313.7736330
3.1631068 0.5043141 1965.0522124 1965.0522124 313.8137502
3.5483644 0.4923763 2154.6019798 2154.6019798 313.9759715
3.9810846 0.4730202 2360.2602556 2360.2602556 313.9206408
4.4672872 0.4586332 2584.1516900 2584.1516900 314.1097098
5.0118948 0.4408599 2825.2626877 2825.2626877 314.0067946
5.6245099 0.4264573 3089.4600497 3089.4600497 313.9847433
6.3098094 0.4196297 3376.3025127 3376.3025127 314.0582624
7.0803644 0.4067236 3689.1975198 3689.1975198 314.2126891
7.9440561 0.3962582 4033.5833552 4033.5833552 314.1748786
8.9125633 0.3925676 4407.3952760 4407.3952760 314.2520923
10.0014481 0.3771941 4818.8808350 4818.8808350 314.2899739
11.2210876 0.3706807 5267.9826582 5267.9826582 314.2319884
12.5894367 0.3616448 5762.8948857 5762.8948857 314.3436687
14.1269504 0.3541337 6308.6625929 6308.6625929 314.3564955
15.8491767 0.3458722 6898.3021663 6898.3021663 314.2800126
17.7840324 0.3408415 7553.8582211 7553.8582211 314.4606665
19.9529062 0.3338967 8282.8142152 8282.8142152 314.2896439
22.3872322 0.3282246 9076.9846700 9076.9846700 314.1775541
25.1199938 0.3225255 9954.8516687 9954.8516687 314.2838472
28.1840786 0.3107446 10904.1766171 10904.1766171 314.2984486
31.6237393 0.3044671 11947.3816137 11947.3816137 314.1532756
35.4826072 0.3002708 13077.2431195 13077.2431195 314.2348689
39.8132470 0.2957416 14339.1746170 14339.1746170 314.0995735
44.6694872 0.2822730 15717.7875637 15717.7875637 314.2171906
50.1205675 0.2743932 17225.4462564 17225.4462564 314.0663993
56.2377471 0.2733704 18861.0879541 18861.0879541 313.9488296
63.0967693 0.2598690 20658.1382066 20658.1382066 313.9636143
70.7954662 0.2632833 22657.7139734 22657.7139734 313.8075500
79.4340106 0.2495148 24838.8747077 24838.8747077 313.8583532
89.1259377 0.2452820 27226.1653286 27226.1653286 313.8924138
100.0026275 0.2388968 29813.7079499 29813.7079499 313.7816279
112.2074471 0.2431195 32672.3104642 32672.3104642 313.4999905
125.8964104 0.2242652 35797.7630975 35797.7630975 313.3786494
141.2559945 0.2136509 39216.8356752 39216.8356752 313.2471329
158.4947918 0.2133156 42917.8241407 42917.8241407 313.0157736
177.8326602 0.2144346 47068.9408567 47068.9408567 312.7958120
199.5344894 0.2013292 51551.0604486 51551.0604486 312.7642082
223.8731455 0.1998486 56450.8644679 56450.8644679 312.5399415
251.1895596 0.1933695 61805.8437663 61805.8437663 312.2481439
281.8404883 0.1952826 67519.4125763 67519.4125763 311.9506752
316.2378815 0.1861758 73993.6725590 73993.6725590 311.6028072
354.8252370 0.1786344 80980.7205057 80980.7205057 311.1168730
398.1250863 0.1824177 88737.9234865 88737.9234865 310.6537785
446.6934609 0.1781083 97251.9686191 97251.9686191 310.4016562
501.1903976 0.1678648 106425.2949683 106425.2949683 310.0547505
562.3470481 0.1559110 116559.8649105 116559.8649105 309.6519881
630.9576992 0.1585549 127462.5414075 127462.5414075 309.3940147
707.9626349 0.1502268 139542.6183325 139542.6183325 308.9045169
794.3311114 0.1463451 152793.6014462 152793.6014462 308.3974498
891.2901875 0.1526317 167289.5367718 167289.5367718 307.7476169
1000.0152949 0.1453101 183025.8613965 183025.8613965 307.2261755
1122.0453570 0.1396340 199448.8874145 199448.8874145 306.7445360
1258.9519017 0.1324762 217116.0332872 217116.0332872 306.5452779
1412.6025846 0.1333806 236445.3872774 236445.3872774 306.1672178
1584.9192513 0.1207630 257808.0652312 257808.0652312 305.5410604
1778.3297629 0.1131755 280071.3470644 280071.3470644 304.9912939
1995.3396487 0.1049972 303866.3008695 303866.3008695 304.6590689
2238.7495208 0.0991770 328356.2352027 328356.2352027 304.0718060
2511.9332487 0.0909508 353744.6480333 353744.6480333 302.5511027
2818.4067961 0.0858605 380811.4451268 380811.4451268 301.3761162
3162.3160538 0.0775654 408204.8701746 408204.8701746 299.9551078
3548.2246552 0.0739531 436030.7576493 436030.7576493 298.8467127
3981.0824729 0.0632769 464270.3631762 464270.3631762 297.7570170
4466.8445267 0.0559957 493495.0364725 493495.0364725 297.0178778
5011.9508737 0.0709197 526271.7088638 526271.7088638 296.0209923
5623.4686414 0.0547935 564359.2511923 564359.2511923 295.1558906
6309.6060499 0.0623570 607178.6427155 607178.6427155 294.1846473
7079.5178905 0.0583625 651431.8232155 651431.8232155 292.8409840
7943.3360745 0.0554108 697396.3542735 697396.3542735 291.8776517
8912.5538779 0.0556736 747671.8209569 747671.8209569 290.9445197
10000.0576380 0.0422583 795641.4866224 795641.4866224 290.3024607
11220.2837932 0.0443691 847988.3652881 847988.3652881 289.4258040
12589.2832138 0.0363542 903387.3200319 903387.3200319 288.0875848
14125.4898594 0.0311881 963458.3145648 963458.3145648 287.3576498
15849.0266991 0.0334655 1023881.5596566 1023881.5596566 286.5509633
17782.8284773 0.0373590 1093083.8290732 1093083.8290732 285.7948459
19952.6405589 0.0310705 1170660.9189180 1170660.9189180 285.0562607
22387.3110130 0.0156140 1228888.4837910 1228888.4446165 284.6126775
25118.9399788 0.0086007 1253418.5605627 1252956.5414454 282.6721280
28183.8378200 0.0199513 1288786.7929307 1288204.8631104 280.9797644
31622.8492882 0.0059528 1343328.6072773 1342730.3351690 279.9476186
35481.3448326 0.0067578 1381944.2047531 1381155.8188666 279.4471720
39810.8123001 0.0152347 1425173.5489138 1424186.2028599 278.7431864
44668.4408210 0.0099596 1479889.6508608 1478678.9404244 277.4306592
50118.8218320 0.0174542 1535047.6474677 1533588.2043313 277.4824492
56234.1823694 0.0049532 1587825.6706292 1585792.8618093 277.5490216
63095.8439737 0.0169211 1638799.3092793 1635251.9475694 277.1116298
70794.7386130 -0.0003251 1707310.8564680 1702483.3821873 276.7951157
79432.9897122 0.0000674 1750952.1153890 1739254.2807849 275.7101112
89125.2011949 -0.0038195 1779319.0195372 1745282.0978849 275.0287610
100000.1496297 -0.0122600 1781360.2670593 1663386.3233296 274.2696378
112201.9339986 -0.0169898 1782060.5458458 1540317.9203946 274.5537282
125892.6936390 -0.0167283 1782106.7307207 1325111.3084078 274.9460724
