1005 0
0 881.519 0 0
0 0.99164 8.77433 8.77433
0 0.982665 17.4732 17.4732
0 0.974366 26.0944 26.0944
0 0.959706 43.1394 43.1394
0 0.945566 59.9261 59.9261
0 0.92595 84.6611 84.6611
0 0.870076 163.65 163.65
0 0.829028 238.431 238.431
0 0.762447 378.338 378.338
0 0.711726 508.4 508.4
1 0.661784 689.685 689.685
2 0.561084 1221.97 1221.97
3 0.498001 1684.49 1684.49
5 0.433521 2499.03 2499.03
7 0.394383 3226.35 3226.35
10 0.350244 4209.6 4209.6
15 0.308973 5656.19 5656.19
20 0.284478 6968.31 6968.31
30 0.25404 9381.78 9381.78
50 0.224361 13621 13621
70 0.204763 17436.7 17436.7
100 0.189289 22606.7 22606.7
150 0.172846 30485.8 30485.8
200 0.151476 37666.5 37666.5
300 0.136101 50807.4 50807.4
500 0.122711 74467.5 74467.5
700 0.120399 95127.1 95127.1
1000 0.100218 123859 123859
1500 0.0849873 165489 165489
2000 0.0800078 201741 201741
3000 0.0616592 263441 263441
5000 0.0475147 367444 367444
7000 0.0497647 456966 456966
10000 0.0444221 587481 587481
15000 0.0457224 783961 783961
20000 0.0354066 959913 959913
30000 0.0460264 1.2694e+06 1.2694e+06
40000 0.028146 1.56248e+06 1.56248e+06
50000 0.031579 1.82894e+06 1.82894e+06
60000 0.0296336 2.13165e+06 2.13165e+06
70000 0.0323093 2.43185e+06 2.43185e+06
80000 0.0327706 2.72711e+06 2.72711e+06
90000 0.0349621 3.02964e+06 3.02964e+06
100000 0.0257554 3.31054e+06 3.31054e+06
150000 0.0315411 4.61122e+06 4.61122e+06
200000 0.0276714 5.93613e+06 5.93613e+06
300000 0.0257906 8.35958e+06 8.35958e+06
400000 0.0264766 1.0906e+07 1.0906e+07
500000 0.0331182 1.35683e+07 1.35683e+07
600000 0.0249905 1.61484e+07 1.61484e+07
700000 0.0232617 1.86556e+07 1.86556e+07
800000 0.0335905 2.08681e+07 2.08681e+07
900000 0.0352824 2.31147e+07 2.31147e+07
1000000 0.0245316 2.54011e+07 2.54011e+07
