1006 0
0 879.244 0 0
0 0.990594 8.74637 8.74637
0 0.981847 17.4136 17.4136
0 0.97388 26.0058 26.0058
0 0.956712 42.9713 42.9713
0 0.943439 59.6702 59.6702
0 0.92368 84.2867 84.2867
0 0.87063 163.063 163.063
0 0.82704 237.642 237.642
0 0.762281 377.07 377.07
0 0.714551 506.749 506.749
1 0.661627 687.607 687.607
2 0.557035 1219 1219
3 0.491586 1679.58 1679.58
5 0.425807 2482.86 2482.86
7 0.383781 3194.68 3194.68
10 0.348271 4156.45 4156.45
15 0.307511 5590.04 5590.04
20 0.288601 6887.63 6887.63
30 0.252711 9260.36 9260.36
50 0.222336 13460.1 13460.1
70 0.208295 17287.7 17287.7
100 0.190726 22444.1 22444.1
150 0.177915 30506.3 30506.3
200 0.165013 37870.9 37870.9
300 0.150779 51476.1 51476.1
500 0.128302 75425.5 75425.5
700 0.111329 96387.9 96387.9
1000 0.098855 124207 124207
1500 0.0853738 164617 164617
2000 0.0762446 199155 199155
3000 0.0603855 255628 255628
5000 0.0524813 356842 356842
7000 0.0439253 449045 449045
10000 0.0416343 563197 563197
15000 0.0285939 724629 724629
20000 0.0324101 866033 866033
30000 0.0323249 1.1504e+06 1.1504e+06
40000 0.0294116 1.38756e+06 1.38756e+06
50000 0.035991 1.61052e+06 1.61052e+06
60000 0.0300895 1.84095e+06 1.84095e+06
70000 0.0289922 2.06541e+06 2.06541e+06
80000 0.0249423 2.30206e+06 2.30206e+06
90000 0.0270544 2.51251e+06 2.51251e+06
100000 0.0138596 2.6948e+06 2.6948e+06
150000 0.01693 3.58696e+06 3.58696e+06
200000 0.00338431 4.35816e+06 4.35814e+06
300000 0.0148737 5.26835e+06 5.26733e+06
400000 0.0137013 6.40579e+06 6.40467e+06
500000 0.00112815 7.47973e+06 7.47786e+06
600000 0.0116566 8.27901e+06 8.27479e+06
700000 0.00922958 9.2665e+06 9.26169e+06
800000 0.00614466 9.9495e+06 9.93895e+06
900000 0.0190291 1.06846e+07 1.06692e+07
1000000 0.0131542 1.13647e+07 1.13418e+07
