1007 0
0 45.6068 0 0
0 0.994883 0.454898 0.454898
0 0.989288 0.907225 0.907225
0 0.983778 1.35702 1.35702
0 0.972999 2.24918 2.24918
0 0.962559 3.13166 3.13166
0 0.947478 4.4379 4.4379
0 0.901607 8.65096 8.65096
0 0.861418 12.6684 12.6684
0 0.79385 20.2048 20.2048
0 0.738885 27.1856 27.1856
1 0.673208 36.8243 36.8243
2 0.537911 64.0865 64.0865
3 0.462844 86.7673 86.7673
5 0.377801 124.689 124.689
7 0.329029 156.748 156.748
10 0.283921 198.411 198.411
15 0.239737 257.674 257.674
20 0.212985 309.064 309.064
30 0.177981 397.537 397.537
50 0.140874 540.92 540.92
70 0.121296 659.737 659.737
100 0.103231 812.31 812.31
150 0.0851782 1025.45 1025.45
200 0.0745967 1206.61 1206.61
300 0.0621347 1516.34 1516.34
500 0.0485969 2016.02 2016.02
700 0.0405781 2420.45 2420.45
1000 0.032329 2913.8 2913.8
1500 0.0267016 3569.98 3569.98
2000 0.0221946 4127.18 4127.18
3000 0.0165624 5011.78 5011.78
5000 0.00891191 6098.11 6098.11
7000 0.00699522 6816.1 6816.1
10000 0.00596685 7739.48 7739.48
15000 0.00550752 9055.93 9055.93
20000 0.00485287 10232.3 10232.3
30000 0.00351613 12095.2 12095.2
40000 0.00191887 13250.7 13250.7
50000 0.00135695 13956 13956
60000 0.00113004 14528.8 14528.8
70000 0.000896764 14981.4 14981.4
80000 0.00076369 15356.6 15356.6
90000 0.000690364 15687.3 15687.3
100000 0.000643255 15990.3 15990.3
150000 0.000579627 17360.5 17360.5
200000 0.000571379 18669.8 18669.8
300000 0.000570241 21271.6 21271.6
400000 0.000570224 23872.3 23872.3
500000 0.000570224 26472.9 26472.9
600000 0.000570224 29073.5 29073.5
700000 0.000570224 31674.1 31674.1
800000 0.000570224 34274.7 34274.7
900000 0.000570224 36875.3 36875.3
1000000 0.000570224 39475.9 39475.9
1500000 0.000570224 52479 52479
2000000 0.000570224 65482 65482
