1004 0
1 0.515607 524.764 524.764
2 0.425677 909.628 909.628
3 0.391162 1251.28 1251.28
5 0.353528 1856.15 1856.15
7 0.294408 2393.58 2393.58
10 0.267739 3101.81 3101.81
15 0.244088 4113.56 4113.56
20 0.206929 5063.08 5063.08
30 0.182973 6809.3 6809.3
50 0.163886 9782.59 9782.59
70 0.144691 12377.4 12377.4
100 0.129912 15791 15791
150 0.109157 21150.3 21150.3
200 0.11245 25797.3 25797.3
300 0.100266 34432.2 34432.2
500 0.0696756 45137 45137
700 0.0433366 53956.1 53956
1000 0.0447752 63775.9 63769.2
1500 0.041941 77469.6 77394.9
2000 0.0281282 91035.2 90947.6
3000 0.0213696 113604 113294
5000 0.0299821 144665 142650
7000 0.00472634 167606 161888
10000 0.0137562 203083 193362
15000 0.010098 239450 212390
20000 -0.0222427 262817 204149
30000 0.000860735 301525 176403
40000 -0.0122005 347613 168352
50000 0.0289212 402975 170472
60000 0.0167333 494391 236387
70000 0.0339843 588690 308704
80000 0.0139461 691059 392238
90000 0.0308918 859932 555612
100000 0.00816029 1.04064e+06 731404
150000 0.0180674 1.64915e+06 1.27544e+06
200000 0.0652523 2.4743e+06 2.06858e+06
300000 0.0335015 3.92838e+06 3.41813e+06
400000 -0.00596354 5.64665e+06 5.07406e+06
