1007 0
1 0.512905 524.856 524.856
2 0.431416 911.85 911.85
3 0.372917 1246.06 1246.06
5 0.336436 1836.14 1836.14
7 0.301083 2353.36 2353.36
10 0.272126 3013.41 3013.41
15 0.217812 3994.79 3994.79
20 0.209214 4910.78 4910.78
30 0.186235 6622.28 6622.28
50 0.152987 9454.69 9454.69
70 0.148201 11798.3 11798.3
100 0.120619 14810.8 14810.8
150 0.104618 19474.3 19474.3
200 0.0933542 23540.5 23540.5
300 0.0810775 30184.7 30184.7
500 0.0583478 41194.1 41194.1
700 0.0292176 47828 47827.4
1000 0.0307259 57505.6 57495.6
1500 0.00939268 71869.7 71848.9
2000 0.044992 83855.5 83795.5
3000 0.0170074 107104 106933
5000 0.00951075 142293 140856
7000 -0.00101501 157086 150455
10000 -5.45024e-05 174423 155614
15000 -0.000334838 221653 192286
20000 0.0166554 271249 230114
30000 -0.0171998 313186 214362
40000 0.00293509 358115 203175
50000 -0.00263516 369084 80186.4
60000 -0.0218719 376669 -59318.2
70000 -0.0153037 383375 -210269
80000 0.0060779 391899 -340617
90000 0.0138342 402914 -466450
100000 0.0159889 413921 -589284
150000 0.0137844 454568 -1.34765e+06
200000 -0.0124487 515956 -1.93478e+06
300000 -0.0222578 636083 -3.1102e+06
400000 -0.0198005 852451 -3.96188e+06
