1011 0
1 0.513319 521.387 521.387
2 0.416028 904.519 904.519
3 0.398316 1237.56 1237.56
5 0.335994 1827.18 1827.18
7 0.318269 2370.8 2370.8
10 0.288803 3140.47 3140.47
15 0.262948 4258.69 4258.69
20 0.2314 5256.8 5256.8
30 0.181692 7058.88 7058.88
50 0.18574 10147.2 10147.2
70 0.139793 12651 12651
100 0.124476 16110 16110
150 0.0979658 20912.3 20912.3
200 0.103755 25562.5 25562.5
300 0.0675885 33508.8 33508.8
500 0.0954325 47894.5 47894.5
700 0.0753151 59868.3 59868.3
1000 0.0415341 72967.5 72967.5
1500 0.048713 91202.8 91202.1
2000 0.0355753 102879 102845
3000 0.0224446 127512 127358
5000 0.0151997 164524 163511
7000 -0.0222288 175900 165492
10000 0.00392916 185968 154569
15000 0.0145599 214118 161193
20000 -0.00658165 227309 134121
30000 0.0216959 259185 88469.6
40000 0.0118855 307762 82911
50000 -0.02628 389042 135780
60000 -0.0271384 482678 206887
70000 0.0267676 604715 317034
80000 0.0165244 727860 424890
90000 0.00979004 832880 513342
100000 -0.0177772 915004 565542
150000 0.0192607 1.30852e+06 810255
200000 0.0128283 1.91424e+06 1.33593e+06
300000 0.0184969 3.22606e+06 2.51066e+06
400000 -0.006615 4.2027e+06 3.25121e+06
