1012 0
1 0.507145 515.814 515.814
2 0.435875 901.965 901.965
3 0.376603 1236.89 1236.89
5 0.334872 1805.52 1805.52
7 0.317993 2334.61 2334.61
10 0.261927 3041.58 3041.58
15 0.218573 4048.56 4048.56
20 0.232645 4949.2 4949.2
30 0.196796 6655.6 6655.6
50 0.164754 9515.12 9515.12
70 0.142518 12090.8 12090.8
100 0.101587 15468.8 15468.8
150 0.135339 20672.3 20672.3
200 0.114595 25176.6 25176.6
300 0.098858 32878.8 32878.8
500 0.0557184 45328.3 45328.3
700 0.0490838 55111.9 55111.9
1000 0.0490186 65753.2 65753
1500 0.0502175 81368.1 81344.1
2000 0.025687 93690.3 93639.8
3000 0.0234543 118875 118763
5000 0.0155379 158988 158292
7000 0.0480033 202452 201453
10000 0.0170988 247634 244221
15000 0.012286 315725 306439
20000 0.00672194 365148 345650
30000 0.0327225 468584 429279
40000 0.00401331 656008 612850
50000 0.0196043 794470 741564
60000 0.0242972 904083 834129
70000 -0.00652188 1.00349e+06 914159
80000 0.0176106 1.08424e+06 968792
90000 -0.0163327 1.17544e+06 1.03686e+06
100000 0.01551 1.24633e+06 1.07552e+06
150000 0.00697625 1.7566e+06 1.47805e+06
200000 -0.0216343 2.1414e+06 1.70437e+06
300000 -0.00983514 3.24704e+06 2.59675e+06
400000 0.0144006 3.76392e+06 2.57662e+06
