1017 0
1 0.529655 520.981 520.981
2 0.438534 913.645 913.645
3 0.401424 1255.53 1255.53
5 0.360188 1891.68 1891.68
7 0.326686 2439.54 2439.54
10 0.279829 3190.62 3190.62
15 0.248352 4267.98 4267.98
20 0.215184 5266.2 5266.2
30 0.197396 7000.83 7000.83
50 0.191036 10240.5 10240.5
70 0.163426 13131.8 13131.8
100 0.149227 16871.7 16871.7
150 0.122025 22167.6 22167.6
200 0.113253 26856.7 26856.7
300 0.0913362 34108.2 34108.2
500 0.0745181 47789.1 47789.1
700 0.0695674 58753.4 58753.4
1000 0.0382309 74032.8 74032.8
1500 0.0191365 90495.6 90487.8
2000 0.0185999 105845 105827
3000 0.0492394 131603 131540
5000 0.00350736 165102 164083
7000 0.0164042 201194 199279
10000 0.00422179 248310 244618
15000 0.0182455 314013 305191
20000 0.0306033 391668 379375
30000 0.0582347 607876 593579
40000 0.0166549 759935 736111
50000 0.0153027 853769 808978
60000 -0.0115265 941269 868864
70000 0.00740475 1.03169e+06 938097
80000 0.00709501 1.11864e+06 999319
90000 0.0297061 1.2067e+06 1.06499e+06
100000 0.00847474 1.29774e+06 1.13368e+06
150000 0.0147497 1.70638e+06 1.39208e+06
200000 0.0260165 2.20607e+06 1.78128e+06
300000 -0.0283897 2.75641e+06 1.84598e+06
400000 0.00041397 3.33741e+06 1.90233e+06
