1000 0
0 60.6582 0 0
0 0.994468 0.604734 0.604734
0 0.989 1.20613 1.20613
0 0.983606 1.80424 1.80424
0 0.973055 2.99076 2.99076
0 0.962829 4.16469 4.16469
0 0.948056 5.90281 5.90281
0 0.902876 11.512 11.512
0 0.863635 16.8658 16.8658
0 0.79938 26.9343 26.9343
0 0.749161 36.3144 36.3144
1 0.690839 49.3896 49.3896
2 0.572254 87.2809 87.2809
3 0.505957 119.819 119.819
5 0.431062 176.16 176.16
7 0.387909 225.647 225.647
10 0.346447 292.166 292.166
15 0.305924 390.533 390.533
20 0.280701 479.219 479.219
30 0.250114 639.308 639.308
50 0.216659 920.119 920.119
70 0.197829 1170.57 1170.57
100 0.181357 1514.31 1514.31
150 0.164884 2037.28 2037.28
200 0.153989 2519.83 2519.83
300 0.139922 3407.09 3407.09
500 0.126458 5011.22 5011.22
700 0.119286 6498.35 6498.35
1000 0.111411 8594.86 8594.86
1500 0.102398 11822.7 11822.7
2000 0.0978966 14863.8 14863.8
3000 0.0920355 20591.7 20591.7
5000 0.0846427 31311 31311
7000 0.080079 41265 41265
10000 0.0744744 55333.2 55333.2
15000 0.0707097 77258.2 77258.2
20000 0.068405 98317.7 98317.7
30000 0.0653998 138474 138474
40000 0.0636128 177893 177893
50000 0.0660349 217447 217447
60000 0.0639202 256527 256527
70000 0.0643468 295403 295403
80000 0.0647115 334561 334561
90000 0.0640435 373641 373641
100000 0.0627255 412235 412235
150000 0.0619172 600322 600322
200000 0.0618765 788031 788031
300000 0.0618698 1.16333e+06 1.16333e+06
400000 0.0618696 1.53862e+06 1.53862e+06
500000 0.0618894 1.91391e+06 1.91391e+06
600000 0.0622226 2.28937e+06 2.28937e+06
700000 0.0641142 2.66633e+06 2.66633e+06
800000 0.0657066 3.04766e+06 3.04766e+06
900000 0.0617992 3.43589e+06 3.43589e+06
1000000 0.0576355 3.81151e+06 3.81151e+06
1500000 0.0576598 5.66762e+06 5.66762e+06
