1004 0
0 67.1222 0 0
0 0.99403 0.669013 0.669013
0 0.988142 1.33405 1.33405
0 0.982342 1.99517 1.99517
0 0.970992 3.30587 3.30587
0 0.960008 4.60159 4.60159
0 0.944175 6.51813 6.51813
0 0.896703 12.6904 12.6904
0 0.856273 18.5687 18.5687
0 0.791375 29.6054 29.6054
0 0.741222 39.8776 39.8776
1 0.68386 54.1949 54.1949
2 0.569127 95.7892 95.7892
3 0.504998 131.667 131.667
5 0.431888 194.023 194.023
7 0.389477 248.942 248.942
10 0.349437 323.01 323.01
15 0.309452 433.003 433.003
20 0.283864 532.278 532.278
30 0.252032 711.148 711.148
50 0.217596 1023.72 1023.72
70 0.198058 1301.69 1301.69
100 0.180155 1680.96 1680.96
150 0.162447 2253.39 2253.39
200 0.150759 2777.78 2777.78
300 0.13805 3741.35 3741.35
500 0.123917 5493.66 5493.66
700 0.112486 7079 7079
1000 0.0978358 9182.3 9182.3
1500 0.0869716 12257.7 12257.7
2000 0.0799263 15046.4 15046.4
3000 0.0671125 19982.1 19982.1
5000 0.0578757 28195.9 28195.9
7000 0.0501567 35493.6 35493.6
10000 0.0543346 45867.6 45867.6
15000 0.0548511 64549.4 64549.4
20000 0.0458083 81716.2 81716.2
30000 0.0358084 107404 107404
40000 0.0323983 128954 128954
50000 0.0274351 148511 148511
60000 0.0277139 167004 167004
70000 0.0287018 186693 186693
80000 0.0298057 206284 206284
90000 0.0297692 226272 226272
100000 0.0297733 246255 246255
150000 0.0297732 346178 346178
200000 0.0297732 446100 446100
300000 0.0297732 645944 645944
400000 0.0297644 845787 845787
500000 0.0297354 1.04553e+06 1.04553e+06
600000 0.029529 1.24515e+06 1.24515e+06
700000 0.0286385 1.44753e+06 1.44753e+06
800000 0.0301033 1.66786e+06 1.66786e+06
900000 0.035058 1.88853e+06 1.88853e+06
1000000 0.0362768 2.10008e+06 2.10008e+06
1500000 0.0277092 3.20015e+06 3.20015e+06
