1006 0
0 71.9214 0 0
0 0.994327 0.716963 0.716963
0 0.988756 1.42989 1.42989
0 0.983289 2.13885 2.13885
0 0.972645 3.54515 3.54515
0 0.962398 4.93645 4.93645
0 0.947672 6.99641 6.99641
0 0.903642 13.6479 13.6479
0 0.866342 20.008 20.008
0 0.806738 32.0186 32.0186
0 0.761031 43.2793 43.2793
1 0.708943 59.1073 59.1073
2 0.604116 105.892 105.892
3 0.544909 147.046 147.046
5 0.475726 219.939 219.939
7 0.434487 285.19 285.19
10 0.395266 374.366 374.366
15 0.355738 508.774 508.774
20 0.330783 631.907 631.907
30 0.300026 857.719 857.719
50 0.266941 1262.87 1262.87
70 0.247945 1632.23 1632.23
100 0.22897 2145.38 2145.38
150 0.209334 2930.08 2930.08
200 0.197153 3659.76 3659.76
300 0.181788 5016.96 5016.96
500 0.164062 7492.43 7492.43
700 0.154584 9775.1 9775.1
1000 0.147862 13039 13039
1500 0.138046 18169.1 18169.1
2000 0.135243 23064.1 23064.1
3000 0.128714 32596.1 32596.1
5000 0.12996 51120 51120
7000 0.125422 69457.3 69457.3
10000 0.121844 95911.7 95911.7
15000 0.120974 139677 139677
20000 0.12073 183094 183094
30000 0.12115 270138 270138
40000 0.121129 357271 357271
50000 0.121079 444369 444369
60000 0.121046 531438 531438
70000 0.121026 618488 618488
80000 0.121015 705528 705528
90000 0.121008 792560 792560
100000 0.121005 879590 879590
150000 0.121001 1.31472e+06 1.31472e+06
200000 0.121001 1.74985e+06 1.74985e+06
300000 0.121001 2.62011e+06 2.62011e+06
400000 0.121002 3.49035e+06 3.49035e+06
500000 0.120694 4.36063e+06 4.36063e+06
600000 0.121096 5.23134e+06 5.23134e+06
700000 0.119803 6.09748e+06 6.09748e+06
800000 0.125088 6.96838e+06 6.96838e+06
900000 0.107361 7.7539e+06 7.7539e+06
1000000 0.109641 8.56066e+06 8.56066e+06
1500000 0.0988777 1.23231e+07 1.23231e+07
