1001 0
0 0.975601 4.10355 4.10355
0 0.966741 8.16984 8.16984
0 0.95811 12.1998 12.1998
0 0.941508 20.1546 20.1546
0 0.925733 27.975 27.975
0 0.903493 39.4677 39.4677
0 0.83978 75.9457 75.9457
0 0.793303 106.731 106.731
0 0.71828 166.801 166.801
0 0.663731 221.805 221.805
1 0.603769 298.762 298.762
2 0.49524 515.205 515.205
3 0.439117 700.796 700.796
5 0.376995 1025.73 1025.73
7 0.341349 1311.63 1311.63
10 0.307374 1700.26 1700.26
15 0.272465 2277.81 2277.81
20 0.249429 2798.88 2798.88
30 0.217748 3730.22 3730.22
50 0.179332 5308.53 5308.53
70 0.154907 6638.84 6638.84
100 0.130575 8347.84 8347.84
150 0.11178 10743.6 10743.6
200 0.0955178 12829.7 12829.7
300 0.0735484 16104.8 16104.8
500 0.0562916 21114.2 21114.2
700 0.0421393 24806.4 24806.4
1000 0.0145586 27939.7 27939.7
1500 -0.0050357 29113.5 29022
2000 0.00306209 29291 28505
3000 -0.0243669 29365.1 22657.9
5000 -0.00456066 29365.1 15536.5
7000 0.0109798 34309.5 20271.3
10000 0.00545756 42174.5 28099.2
15000 -0.0120742 46022.6 28401.9
20000 -0.00618497 46022.6 10877.9
30000 -0.0155955 46022.6 -45541.4
