1002 0
0 0.988492 4.14275 4.14275
0 0.979493 8.24778 8.24778
0 0.970729 12.3161 12.3161
0 0.953867 20.3462 20.3462
0 0.937841 28.2403 28.2403
0 0.915232 39.8407 39.8407
0 0.850462 76.6533 76.6533
0 0.803228 107.714 107.714
0 0.726908 168.301 168.301
0 0.671393 223.75 223.75
1 0.610235 301.283 301.283
2 0.49961 519.012 519.012
3 0.442903 705.533 705.533
5 0.381401 1032.49 1032.49
7 0.346906 1321.33 1321.33
10 0.314782 1716.21 1716.21
15 0.282486 2309.02 2309.02
20 0.261883 2850.6 2850.6
30 0.233554 3837.02 3837.02
50 0.200622 5555.75 5555.75
70 0.179152 7068.59 7068.59
100 0.153921 9051.84 9051.84
150 0.129325 11861.8 11861.8
200 0.117266 14308.7 14308.7
300 0.0978882 18627.2 18627.2
500 0.0729901 25447 25447
700 0.0510135 30304.4 30304.4
1000 0.041044 35641.6 35641.6
1500 0.034699 43164.5 43164.5
2000 0.00936101 49092 49092
3000 -0.00565184 50111.4 49886.4
5000 -0.0039278 52958 52161.2
7000 -0.00702723 52958 44445.2
10000 -0.00707693 52958 34788.7
15000 -0.0144175 52958 5419.01
20000 -0.0134338 52958 -17878.6
30000 -0.0229748 52958 -115369
