6002 -3.46 0 882.791
0.0325500 0.9655948 28.2481585 28.2481585 92.1831669
0.0357000 0.9622984 30.9270125 30.9270125 92.3484613
0.0399000 0.9580598 34.4864989 34.4864989 92.5508611
0.0451500 0.9526071 38.9122943 38.9122943 92.7987101
0.0504000 0.9474812 43.3122080 43.3122080 93.0327626
0.0567000 0.9409605 48.5612111 48.5612111 93.3142348
0.0640500 0.9348866 54.6441255 54.6441255 93.6313894
0.0714000 0.9279601 60.6844714 60.6844714 93.9273179
0.0798000 0.9200546 67.5326642 67.5326642 94.2231501
0.0892500 0.9140226 75.1814081 75.1814081 94.5666237
0.1008000 0.9069266 84.4598393 84.4598393 94.9776199
0.1123500 0.8982287 93.6621452 93.6621452 95.3407090
0.1260000 0.8892897 104.4267122 104.4267122 95.7182633
0.1417500 0.8793414 116.7125790 116.7125790 96.1206031
0.1585500 0.8689212 129.6728890 129.6728890 96.5253017
0.1785000 0.8569203 144.8675408 144.8675408 96.9737739
0.2005500 0.8440508 161.4123778 161.4123778 97.4555668
0.2247000 0.8313783 179.2695379 179.2695379 97.8937916
0.2520000 0.8184835 199.1138852 199.1138852 98.3106901
0.2824500 0.8051249 220.9243780 220.9243780 98.7045812
0.3171000 0.7885866 245.2939117 245.2939117 99.0693874
0.3549000 0.7720956 271.3141568 271.3141568 99.5204161
0.3990000 0.7582999 301.1042659 301.1042659 99.8350476
0.4473000 0.7416171 333.0571702 333.0571702 100.1542887
0.5019000 0.7223237 368.3435732 368.3435732 100.5227026
0.5628000 0.7046451 406.6443715 406.6443715 100.7429474
0.6310500 0.6889237 448.5616799 448.5616799 101.0542568
0.7087500 0.6729663 495.3262616 495.3262616 101.3892121
0.7948500 0.6550612 545.8064227 545.8064227 101.6115047
0.8914500 0.6326669 600.6773482 600.6773482 101.8597907
1.0006500 0.6114962 660.5572858 660.5572858 101.9951330
1.1227651 0.5911764 725.3837281 725.3837281 102.2167451
1.2594751 0.5717896 795.6220318 795.6220318 102.2594635
1.4127226 0.5525737 871.6487983 871.6487983 102.4656826
1.5858151 0.5392637 955.1298072 955.1298072 102.6694810
1.7787526 0.5264126 1045.8815290 1045.8815290 102.7316469
1.9959451 0.5057868 1145.0000005 1145.0000005 103.0438918
2.2393220 0.4919233 1252.2494219 1252.2494219 103.3602815
2.5125215 0.4762315 1369.2625378 1369.2625378 103.3329382
2.8192921 0.4576728 1495.7035833 1495.7035833 103.2959769
3.1631068 0.4441085 1632.9182262 1632.9182262 103.3567175
3.5483644 0.4281233 1781.5243020 1781.5243020 103.5194219
3.9810846 0.4146195 1942.4738367 1942.4738367 103.6066086
4.4672872 0.4007271 2118.2329302 2118.2329302 103.8338051
5.0118948 0.3862517 2307.9529176 2307.9529176 103.9336336
5.6245099 0.3736478 2513.6699152 2513.6699152 103.8902975
6.3098094 0.3591828 2735.6978024 2735.6978024 103.9239697
7.0803644 0.3516573 2976.4778642 2976.4778642 103.9538984
7.9440561 0.3325288 3237.1638738 3237.1638738 104.0919647
8.9125633 0.3314394 3520.4244361 3520.4244361 104.1010503
10.0014481 0.3264291 3832.4722204 3832.4722204 104.1943751
11.2210876 0.3092649 4176.2615268 4176.2615268 104.1945725
12.5894367 0.3111710 4552.6795396 4552.6795396 104.1079713
14.1269504 0.2965440 4964.8012307 4964.8012307 104.2340944
15.8491767 0.3007543 5421.9597676 5421.9597676 104.2595419
17.7840324 0.2869285 5922.0882045 5922.0882045 104.3495679
19.9529062 0.2816950 6464.4972536 6464.4972536 104.3464609
22.3872322 0.2629654 7046.7787010 7046.7787010 104.5024704
25.1199938 0.2712500 7689.0374754 7689.0374754 104.2133049
28.1840786 0.2497874 8388.8037718 8388.8037718 104.3897471
31.6237393 0.2530706 9146.9202466 9146.9202466 104.3868846
35.4826072 0.2392859 9978.3221908 9978.3221908 104.2980359
39.8132470 0.2224991 10861.6180670 10861.6180670 104.2793916
44.6694872 0.2209333 11810.2575830 11810.2575830 104.2297590
50.1205675 0.2118409 12876.5997333 12876.5997333 104.4005476
56.2377471 0.2168685 14039.9919278 14039.9919278 104.2674263
63.0967693 0.2076029 15310.9570969 15310.9570969 104.3487742
70.7954662 0.1962771 16685.4588228 16685.4588228 104.2325775
79.4340106 0.1956520 18197.0063690 18197.0063690 104.0974277
89.1259377 0.1988065 19848.8845317 19848.8845317 104.2014094
100.0026275 0.1909889 21717.6907799 21717.6907799 104.0166486
112.2074471 0.1789815 23750.3996812 23750.3996812 103.9826655
125.8964104 0.1660789 25873.8216709 25873.8216709 103.9742412
141.2559945 0.1685016 28171.2386367 28171.2386367 103.8390323
158.4947918 0.1725574 30782.9918673 30782.9918673 103.7870203
177.8326602 0.1707710 33801.7393720 33801.7393720 103.6495402
199.5344894 0.1573286 36936.7699972 36936.7699972 103.6865541
223.8731455 0.1531934 40339.6748126 40339.6748126 103.5329542
251.1895596 0.1427966 43936.6797925 43936.6797925 103.3753940
281.8404883 0.1418490 47838.3924941 47838.3924941 103.1362089
316.2378815 0.1343333 52107.0567957 52107.0567957 102.9543990
354.8252370 0.1308073 56657.7463317 56657.7463317 102.6802674
398.1250863 0.1247073 61633.5393622 61633.5393622 102.4361926
446.6934609 0.1127086 66940.3574216 66940.3574216 102.2373282
501.1903976 0.1193404 72764.7898618 72764.7898618 101.6903614
562.3470481 0.1163781 79227.4557056 79227.4557056 101.6109679
630.9576992 0.1087105 85856.2250392 85856.2250392 101.2095190
707.9626349 0.0912689 92703.9800461 92703.9800461 100.5940511
794.3311114 0.0999569 100233.6667655 100233.6667655 100.2782739
891.2901875 0.0892592 107948.7196071 107948.7196071 99.9343465
1000.0152949 0.0781196 116138.7526652 116138.7526652 99.3368286
1122.0453570 0.0826392 124949.4755441 124949.4755441 98.6571193
1258.9519017 0.0731318 134232.7173356 134232.7173356 97.9862810
1412.6025846 0.0692412 144156.4371768 144156.4371768 97.2423620
1584.9192513 0.0673177 154582.3393250 154582.3393250 96.5202665
1778.3297629 0.0589380 164970.0501863 164970.0501863 95.9087202
1995.3396487 0.0598513 176611.9854505 176611.9854505 95.6102919
2238.7495208 0.0657204 188862.4493072 188862.4493072 94.6160335
2511.9332487 0.0610997 202125.5352390 202125.5352390 93.9942744
2818.4067961 0.0587104 215573.6475650 215573.6475650 93.1861707
3162.3160538 0.0402949 228967.2511728 228967.2511728 92.1937209
3548.2246552 0.0520425 243965.1891385 243965.1891385 91.3486248
3981.0824729 0.0499638 263334.4372005 263334.4372005 90.5875704
4466.8445267 0.0575939 287593.6208145 287593.6208145 89.8330812
5011.9508737 0.0628680 314200.2763679 314200.2763679 88.8720358
5623.4686414 0.0499800 344636.3344443 344636.3344443 87.9231657
6309.6060499 0.0520161 378042.7208987 378042.7208987 87.1157107
7079.5178905 0.0548844 418596.8856885 418596.8856885 86.4502306
7943.3360745 0.0487730 458367.4773853 458367.4773853 85.7513541
8912.5538779 0.0404864 497041.8347743 497041.8347743 84.8973801
10000.0576380 0.0304235 534489.2654388 534489.2654388 84.2973684
11220.2837932 0.0277639 570939.8875874 570939.8875874 83.0961223
12589.2832138 0.0299280 607597.7326065 607597.7326065 82.2322146
14125.4898594 0.0339756 649592.2892244 649592.2892244 81.5782332
15849.0266991 0.0224363 691723.5521841 691723.5521841 80.9654139
17782.8284773 0.0313197 735513.9024438 735513.9024438 80.1458841
19952.6405589 0.0301832 781724.5718661 781724.5718661 79.3540637
22387.3110130 0.0193589 834616.3512832 834616.3512832 78.4732686
25118.9399788 0.0280587 879554.3144722 879552.9359116 77.8574853
28183.8378200 0.0114882 938281.2236585 938279.3563303 77.3637666
31622.8492882 0.0275593 998730.6968203 998728.1825581 76.8678297
35481.3448326 0.0188693 1075785.5857297 1075783.0714675 76.1398210
39810.8123001 0.0229108 1176703.0879890 1176700.5737268 76.3133020
44668.4408210 0.0315517 1308901.3089180 1308898.7946558 75.8356230
50118.8218320 0.0274550 1460083.2114814 1460080.6972192 75.6247330
56234.1823694 0.0252163 1605011.6086311 1605009.0943689 75.3973265
63095.8439737 0.0372263 1753265.0445733 1753262.5303111 75.0806786
70794.7386130 0.0199406 1907013.7923179 1907011.2780557 74.9875939
79432.9897122 0.0353152 2110070.1688013 2110067.6545391 74.9665151
89125.2011949 0.0127988 2322132.4893359 2322129.9750737 75.0075075
100000.1496297 0.0244544 2532973.5366805 2532969.1251791 74.5907854
112201.9339986 0.0298911 2803183.9340130 2803179.5225116 74.8395501
125892.6936390 0.0214598 3111605.0135214 3111600.6020200 75.1929755
