6005 -3.46 0 869.005
0.0325500 0.9803735 28.2332643 28.2332643 89.6900168
0.0357000 0.9770986 30.9106351 30.9106351 89.8453345
0.0399000 0.9726268 34.4660999 34.4660999 90.0464316
0.0451500 0.9670222 38.8880568 38.8880568 90.3050385
0.0504000 0.9616551 43.2848938 43.2848938 90.5450107
0.0567000 0.9561569 48.5327519 48.5327519 90.8211832
0.0640500 0.9490143 54.6105507 54.6105507 91.1320503
0.0714000 0.9418355 60.6485754 60.6485754 91.4028361
0.0798000 0.9342673 67.4929225 67.4929225 91.6897036
0.0892500 0.9263679 75.1301520 75.1301520 92.0277878
0.1008000 0.9157409 84.3674597 84.3674597 92.4049386
0.1123500 0.9069549 93.5101283 93.5101283 92.7822029
0.1260000 0.8972744 104.2012579 104.2012579 93.2035213
0.1417500 0.8871746 116.4108852 116.4108852 93.5943875
0.1585500 0.8776854 129.2924169 129.2924169 94.0139684
0.1785000 0.8659154 144.3927612 144.3927612 94.4693035
0.2005500 0.8525660 160.8491714 160.8491714 94.8868238
0.2247000 0.8385796 178.5792340 178.5792340 95.2356859
0.2520000 0.8246544 198.2950819 198.2950819 95.6530539
0.2824500 0.8105964 219.9338394 219.9338394 96.0915112
0.3171000 0.7893384 243.9968554 243.9968554 96.4120423
0.3549000 0.7744185 269.6458765 269.6458765 96.8298315
0.3990000 0.7600618 299.0249437 299.0249437 97.2498528
0.4473000 0.7451751 330.5811846 330.5811846 97.6646777
0.5019000 0.7287617 365.5128139 365.5128139 97.9816422
0.5628000 0.7121358 403.6151337 403.6151337 98.2849818
0.6310500 0.6976645 445.3861237 445.3861237 98.5061273
0.7087500 0.6784502 491.8351905 491.8351905 98.7767526
0.7948500 0.6593513 541.8988684 541.8988684 99.0069948
0.8914500 0.6384328 596.3824581 596.3824581 99.2692250
1.0006500 0.6196969 656.1218739 656.1218739 99.5799888
1.1227651 0.6016385 720.8950062 720.8950062 99.8596155
1.2594751 0.5832309 791.1038527 791.1038527 100.0042664
1.4127226 0.5616059 867.2582958 867.2582958 100.1259356
1.5858151 0.5491199 950.5862161 950.5862161 100.2410235
1.7787526 0.5294043 1040.9629373 1040.9629373 100.4144856
1.9959451 0.5105685 1138.9705646 1138.9705646 100.5327329
2.2393220 0.5015090 1246.2772154 1246.2772154 100.6412567
2.5125215 0.4888588 1363.6540821 1363.6540821 100.7774627
2.8192921 0.4682654 1491.5729492 1491.5729492 100.7298859
3.1631068 0.4564925 1629.5982351 1629.5982351 100.9973014
3.5483644 0.4412041 1780.4516290 1780.4516290 101.1232663
3.9810846 0.4280322 1944.2713835 1944.2713835 101.1864873
4.4672872 0.4128958 2122.6399398 2122.6399398 101.2428412
5.0118948 0.3943968 2313.9161842 2313.9161842 101.4925771
5.6245099 0.3839693 2520.3530089 2520.3530089 101.4567448
6.3098094 0.3733116 2744.3324094 2744.3324094 101.5275661
7.0803644 0.3681432 2991.9700815 2991.9700815 101.5095849
7.9440561 0.3575141 3263.0619440 3263.0619440 101.6184100
8.9125633 0.3400993 3558.6517310 3558.6517310 101.6940272
10.0014481 0.3327044 3877.6031373 3877.6031373 101.6239315
11.2210876 0.3255831 4224.6932244 4224.6932244 101.6661765
12.5894367 0.3130373 4604.8995075 4604.8995075 101.7748238
14.1269504 0.3015243 5011.2373360 5011.2373360 101.7656175
15.8491767 0.2806375 5448.1915012 5448.1915012 101.7696606
17.7840324 0.2853650 5923.9572458 5923.9572458 101.8960011
19.9529062 0.2755407 6447.0649484 6447.0649484 101.8844480
22.3872322 0.2637937 7026.0380307 7026.0380307 101.8670758
25.1199938 0.2584060 7652.3486585 7652.3486585 101.9455249
28.1840786 0.2502246 8328.4445341 8328.4445341 101.8974349
31.6237393 0.2470804 9066.9373131 9066.9373131 101.9389314
35.4826072 0.2430244 9883.8851106 9883.8851106 102.0354893
39.8132470 0.2427662 10786.7610537 10786.7610537 101.9428970
44.6694872 0.2327884 11782.5632694 11782.5632694 101.8961948
50.1205675 0.2196848 12841.5729825 12841.5729825 101.8940795
56.2377471 0.2247566 14003.1766365 14003.1766365 101.8836063
63.0967693 0.2072160 15310.6465283 15310.6465283 102.0437305
70.7954662 0.2104257 16716.9875800 16716.9875800 101.7691648
79.4340106 0.2037629 18254.8181148 18254.8181148 101.6871683
89.1259377 0.2019085 19988.4732587 19988.4732587 101.8564420
100.0026275 0.1979518 21835.0853436 21835.0853436 101.8238085
112.2074471 0.1920075 23875.9919572 23875.9919572 101.5945335
125.8964104 0.1878262 26150.1471865 26150.1471865 101.5273947
141.2559945 0.1780369 28513.5267075 28513.5267075 101.5279202
158.4947918 0.1667866 31094.9165827 31094.9165827 101.3747469
177.8326602 0.1658187 33931.0311426 33931.0311426 101.3763741
199.5344894 0.1600616 36995.8051528 36995.8051528 101.1765301
223.8731455 0.1474868 40284.4763936 40284.4763936 101.3070492
251.1895596 0.1471706 43867.9377480 43867.9377480 101.0532044
281.8404883 0.1405155 47776.5460978 47776.5460978 100.8411388
316.2378815 0.1393171 51953.4575524 51953.4575524 100.7963167
354.8252370 0.1397621 56515.2842819 56515.2842819 100.4954426
398.1250863 0.1312767 61622.3699977 61622.3699977 100.3230292
446.6934609 0.1262482 67193.3130022 67193.3130022 99.7964367
501.1903976 0.1350115 73256.4981973 73256.4981973 99.7446724
562.3470481 0.1165300 79502.0286538 79502.0286538 99.4425493
630.9576992 0.1060982 85900.6167969 85900.6167969 99.2557827
707.9626349 0.1060181 92878.9614842 92878.9614842 98.7481112
794.3311114 0.0783952 100275.9204084 100275.9204084 98.2899673
891.2901875 0.0995325 108072.3240288 108072.3240288 97.8942123
1000.0152949 0.0904309 116910.4885315 116910.4885315 97.5301042
1122.0453570 0.0857842 126030.9774426 126030.9774426 97.1248204
1258.9519017 0.0758071 135779.6088061 135779.6088061 96.7407087
1412.6025846 0.0713507 146655.3936164 146655.3936164 95.9080254
1584.9192513 0.0854297 158374.9135161 158374.9135161 95.5665707
1778.3297629 0.0784389 171229.6539088 171229.6539088 95.1229016
1995.3396487 0.0669582 184910.9941410 184910.9941410 94.6944989
2238.7495208 0.0697816 200561.7119565 200561.7119565 94.1245888
2511.9332487 0.0654163 217776.8219442 217776.8219442 92.8826829
2818.4067961 0.0635432 235353.8125511 235353.8125511 92.2953770
3162.3160538 0.0619089 253257.8023335 253257.8023335 91.3627251
3548.2246552 0.0514952 272862.3844221 272862.3844221 90.5043429
3981.0824729 0.0580298 294190.1256527 294190.1256527 89.7250123
4466.8445267 0.0516417 316805.2540767 316805.2540767 89.2031410
5011.9508737 0.0443909 339636.8042729 339636.8042729 88.5368437
5623.4686414 0.0393655 363580.4051358 363580.4051358 87.9245028
6309.6060499 0.0489835 390289.8435541 390289.8435541 87.0908170
7079.5178905 0.0299899 416671.0994042 416671.0994042 86.5718256
7943.3360745 0.0455459 442921.9721379 442921.9721379 85.8084023
8912.5538779 0.0377916 475290.7889688 475290.7889688 85.1657495
10000.0576380 0.0451199 510740.4476843 510740.4476843 84.7562024
11220.2837932 0.0371703 548581.2343863 548581.2343863 83.9410948
12589.2832138 0.0346254 588749.1140005 588749.1140005 83.4695963
14125.4898594 0.0391633 628686.0614907 628686.0614907 82.6191653
15849.0266991 0.0216971 671886.5418287 671886.5418287 81.4122774
17782.8284773 0.0507246 721166.9027397 721166.9027397 80.8484004
19952.6405589 0.0314617 783128.7709852 783128.7709852 80.0405472
22387.3110130 0.0332889 843830.7576077 843830.7576077 79.3608104
25118.9399788 0.0320475 917437.4574945 917437.4574945 78.7422893
28183.8378200 0.0211045 1006322.2558977 1006322.2558977 78.2363492
31622.8492882 0.0296225 1092917.8273973 1092917.8273973 78.0135139
35481.3448326 0.0174639 1189834.8539238 1189834.8539238 77.6662449
39810.8123001 0.0253438 1284374.2463973 1284374.2463973 77.2070164
44668.4408210 0.0043748 1361507.0653748 1361499.2825440 76.8854550
50118.8218320 0.0246030 1443984.4336929 1443965.7060339 76.1170415
56234.1823694 0.0256880 1565061.8630181 1565043.1353592 75.8605856
63095.8439737 0.0203085 1707149.5188253 1707130.7911663 75.8389499
70794.7386130 0.0125428 1848129.7236345 1848110.9751709 75.3767971
79432.9897122 0.0237011 2023594.9169125 2023576.1684489 75.3980621
89125.2011949 0.0363112 2245534.4111126 2245515.6626490 75.2591088
100000.1496297 0.0188247 2497572.3820241 2497553.6335606 75.3843351
112201.9339986 0.0275069 2727137.6192608 2727116.6865838 75.6343056
125892.6936390 0.0253225 2981011.5438685 2980989.6960531 75.8307366
141253.8311154 0.0126477 3255187.4797174 3255161.5823647 76.1240022
