1011 0
0 0.998414 4.63831 4.63831
0 0.991885 9.24628 9.24628
0 0.984703 13.8209 13.8209
0 0.970587 22.8705 22.8705
0 0.957349 31.7974 31.7974
0 0.938601 44.9664 44.9664
0 0.886228 87.1848 87.1848
0 0.846405 123.28 123.28
0 0.785379 195.016 195.016
0 0.741563 262.215 262.215
1 0.691896 358.52 358.52
2 0.599035 640.519 640.519
3 0.552321 893.52 893.52
5 0.492752 1352.87 1352.87
7 0.465068 1772.29 1772.29
10 0.43454 2368.48 2368.48
15 0.400282 3285.38 3285.38
20 0.378333 4148.05 4148.05
30 0.355082 5768.6 5768.6
50 0.319499 8751.2 8751.2
70 0.294821 11478.6 11478.6
100 0.275725 15275.6 15275.6
150 0.249453 21070.3 21070.3
200 0.241238 26483.8 26483.8
300 0.231051 36845 36845
500 0.201108 56007.2 56007.2
700 0.20056 73779 73779
1000 0.183859 98643.3 98643.3
1500 0.157829 135910 135910
2000 0.143789 167684 167684
3000 0.113727 223543 223543
5000 0.0606417 298885 298885
7000 0.0530918 352182 352182
10000 0.0467006 414568 414568
15000 0.0483954 523176 523176
20000 0.0538559 642187 642187
