6009 -3.66 0 884.743
0.0325500 0.9724142 28.4636201 28.4636201 91.5901997
0.0357000 0.9692469 31.1679875 31.1679875 91.6848516
0.0399000 0.9656739 34.7620288 34.7620288 91.8119772
0.0451500 0.9614978 39.2369048 39.2369048 91.9595659
0.0504000 0.9562908 43.6888786 43.6888786 92.0947827
0.0567000 0.9504234 48.9989392 48.9989392 92.2574848
0.0640500 0.9441864 55.1542596 55.1542596 92.4297359
0.0714000 0.9381679 61.2724668 61.2724668 92.6256351
0.0798000 0.9312534 68.2169025 68.2169025 92.8048245
0.0892500 0.9236703 75.9684410 75.9684410 93.0169078
0.1008000 0.9150223 85.3587906 85.3587906 93.2672220
0.1123500 0.9078515 94.6677948 94.6677948 93.4922496
0.1260000 0.8984862 105.5695204 105.5695204 93.7138769
0.1417500 0.8873256 118.0081200 118.0081200 93.9515907
0.1585500 0.8781417 131.1204521 131.1204521 94.1706440
0.1785000 0.8671759 146.5204500 146.5204500 94.4246454
0.2005500 0.8570426 163.3242401 163.3242401 94.6771475
0.2247000 0.8443514 181.4976195 181.4976195 94.8738742
0.2520000 0.8306774 201.7188489 201.7188489 95.1490794
0.2824500 0.8190465 223.9211901 223.9211901 95.4024619
0.3171000 0.8029266 248.7870806 248.7870806 95.5998106
0.3549000 0.7893674 275.4149588 275.4149588 95.8518309
0.3990000 0.7731279 305.8917896 305.8917896 95.9994292
0.4473000 0.7572512 338.6061475 338.6061475 96.1911560
0.5019000 0.7403650 374.7232963 374.7232963 96.3853627
0.5628000 0.7217479 414.1378536 414.1378536 96.5196051
0.6310500 0.7031793 457.1442658 457.1442658 96.6423335
0.7087500 0.6842392 504.7447969 504.7447969 96.7528810
0.7948500 0.6664947 556.1475202 556.1475202 96.9170530
0.8914500 0.6490426 612.3184013 612.3184013 97.0332053
1.0006500 0.6331207 674.2117626 674.2117626 97.1458564
1.1227651 0.6156853 741.6660088 741.6660088 97.1909564
1.2594751 0.5966474 814.9372219 814.9372219 97.3397758
1.4127226 0.5816464 894.7795467 894.7795467 97.3425836
1.5858151 0.5624261 982.5595271 982.5595271 97.3909761
1.7787526 0.5486935 1077.4820169 1077.4820169 97.5010910
1.9959451 0.5275921 1181.0120443 1181.0120443 97.4577172
2.2393220 0.5132721 1292.6309638 1292.6309638 97.6006697
2.5125215 0.4937600 1414.6738301 1414.6738301 97.6062382
2.8192921 0.4828284 1547.3600849 1547.3600849 97.6296190
3.1631068 0.4672680 1691.5949257 1691.5949257 97.5899633
3.5483644 0.4500312 1847.9843301 1847.9843301 97.7584144
3.9810846 0.4314588 2017.5343820 2017.5343820 97.8088961
4.4672872 0.4180810 2199.8053278 2199.8053278 97.7368394
5.0118948 0.3998803 2395.9117975 2395.9117975 97.8076489
5.6245099 0.3923298 2610.9835091 2610.9835091 97.8138299
6.3098094 0.3829528 2847.2146907 2847.2146907 97.8668207
7.0803644 0.3772853 3105.6284480 3105.6284480 97.8081267
7.9440561 0.3601672 3385.8083936 3385.8083936 97.8514099
8.9125633 0.3552499 3692.1548150 3692.1548150 98.0367339
10.0014481 0.3418215 4026.3891842 4026.3891842 97.9161296
11.2210876 0.3325976 4391.5988547 4391.5988547 97.9360959
12.5894367 0.3246787 4787.7257188 4787.7257188 97.9982124
14.1269504 0.3120591 5216.6501811 5216.6501811 97.8791873
15.8491767 0.3041889 5687.3895851 5687.3895851 97.9164109
17.7840324 0.2918225 6197.9198905 6197.9198905 97.9537976
19.9529062 0.2799594 6749.4410247 6749.4410247 97.8808277
22.3872322 0.2656212 7344.4427643 7344.4427643 97.9771472
25.1199938 0.2671399 7988.0281761 7988.0281761 97.9285816
28.1840786 0.2586691 8696.6294505 8696.6294505 97.8787210
31.6237393 0.2513953 9477.6985310 9477.6985310 97.9206048
35.4826072 0.2455423 10322.0285697 10322.0285697 97.9439723
39.8132470 0.2395122 11246.9420554 11246.9420554 97.8046930
44.6694872 0.2281195 12255.6927291 12255.6927291 97.8645708
50.1205675 0.2281036 13358.8630106 13358.8630106 97.7413755
56.2377471 0.2216686 14570.2738335 14570.2738335 97.8535555
63.0967693 0.2108925 15866.9857420 15866.9857420 97.7185273
70.7954662 0.2049396 17312.0833692 17312.0833692 97.6704408
79.4340106 0.2067392 18885.5909275 18885.5909275 97.5329411
89.1259377 0.2011997 20631.6672246 20631.6672246 97.6118038
100.0026275 0.1904257 22534.9411368 22534.9411368 97.5294971
112.2074471 0.1856853 24572.9909132 24572.9909132 97.3684835
125.8964104 0.1834260 26788.9857308 26788.9857308 97.3286048
141.2559945 0.1803281 29277.6440681 29277.6440681 97.1998016
158.4947918 0.1720758 31964.5208699 31964.5208699 97.1285798
177.8326602 0.1659431 34931.9472557 34931.9472557 97.0533346
199.5344894 0.1639363 38084.3487015 38084.3487015 96.8872335
223.8731455 0.1539429 41546.0467892 41546.0467892 96.7615079
251.1895596 0.1482228 45276.0475134 45276.0475134 96.6402360
281.8404883 0.1472830 49264.9863816 49264.9863816 96.4472712
316.2378815 0.1348940 53611.8565519 53611.8565519 96.3317357
354.8252370 0.1323082 58069.1802175 58069.1802175 96.2303837
398.1250863 0.1276781 63033.2875713 63033.2875713 96.1187491
446.6934609 0.1334289 68400.4604546 68400.4604546 95.9505004
501.1903976 0.1256374 74427.0116198 74427.0116198 95.5830914
562.3470481 0.1157665 80943.5699906 80943.5699906 95.3777898
630.9576992 0.1093884 88061.9861224 88061.9861224 95.1733483
707.9626349 0.1073863 95823.4376835 95823.4376835 95.0294186
794.3311114 0.1114149 104131.4608237 104131.4608237 94.5981411
891.2901875 0.1093837 113044.0191127 113044.0191127 94.2977440
1000.0152949 0.0949274 122665.2220644 122665.2220644 93.9799111
1122.0453570 0.0887292 133223.5868343 133223.5868343 93.6198468
1258.9519017 0.0845289 143923.4262566 143923.4262566 93.1537186
1412.6025846 0.0748949 155076.3655350 155076.3655350 92.6293684
1584.9192513 0.0778009 166443.1952229 166443.1952229 92.0401584
1778.3297629 0.0695945 178131.1659971 178131.1659971 91.4815485
1995.3396487 0.0607888 189901.2624547 189901.2624547 90.9976324
2238.7495208 0.0488895 201879.6024820 201879.6024820 90.3552280
2511.9332487 0.0547528 214580.8371790 214580.8371790 89.5566015
2818.4067961 0.0570983 229749.3875334 229749.3875334 88.6422026
3162.3160538 0.0557886 246009.4722676 246009.4722676 87.8449460
3548.2246552 0.0525469 263776.6128050 263776.6128050 86.9462980
3981.0824729 0.0516432 282792.4132755 282792.4132755 86.0086418
4466.8445267 0.0482960 303258.7283159 303258.7283159 85.2284860
5011.9508737 0.0421564 324303.0581469 324303.0581469 84.3864781
5623.4686414 0.0344254 345648.7719699 345648.7719699 83.8070680
6309.6060499 0.0394211 368023.8478335 368023.8478335 82.9526534
7079.5178905 0.0327586 393874.4656046 393874.4656046 82.3923334
7943.3360745 0.0357523 420987.9076989 420987.9076989 81.2882074
8912.5538779 0.0303769 447293.6340749 447293.6340749 80.6520023
10000.0576380 0.0231029 475369.8701640 475369.8701640 79.9699147
11220.2837932 0.0282548 503434.0127953 503434.0127953 79.3587673
12589.2832138 0.0278879 538316.0967202 538316.0967202 78.8985502
14125.4898594 0.0309849 577667.6577755 577667.6577755 78.2342905
15849.0266991 0.0263763 617424.5196774 617424.5196774 77.6501298
17782.8284773 0.0270052 658670.8420642 658670.8420642 77.1892438
19952.6405589 0.0242351 708743.8275827 708743.8275827 76.6025422
22387.3110130 0.0172737 760664.0495849 760664.0495849 76.0752949
25118.9399788 0.0191958 807072.5432626 807072.5432626 75.4445884
28183.8378200 0.0330093 871231.5825138 871231.5825138 74.5408245
31622.8492882 0.0226885 947007.8292430 947007.8292430 73.8768959
35481.3448326 0.0300470 1026466.8918208 1026466.8918208 73.1658758
39810.8123001 0.0202210 1112133.1018729 1112133.1018729 72.4783307
44668.4408210 0.0270309 1215075.8025300 1215075.8025300 72.1786675
50118.8218320 0.0289575 1332747.1380522 1332747.1380522 71.3969286
56234.1823694 0.0187800 1481493.5170273 1481493.5170273 70.9122620
63095.8439737 0.0178792 1624389.6698924 1624389.6698924 70.5221044
70794.7386130 0.0303942 1781344.9692300 1781344.9692300 70.0359831
79432.9897122 0.0230030 1997032.0176491 1997032.0176491 69.8758923
89125.2011949 0.0379681 2250284.0070045 2250284.0070045 69.6822827
100000.1496297 0.0189028 2532575.6101832 2532575.6101832 69.7062133
112201.9339986 0.0260787 2820538.4871175 2820538.4871175 69.6925218
125892.6936390 0.0092961 3070644.6974697 3070644.6974697 70.0933006
