1002 0
0 69.7367 0 0
0 0.994543 0.69527 0.69527
0 0.989145 1.38676 1.38676
0 0.983807 2.0745 2.0745
0 0.97331 3.43893 3.43893
0 0.963096 4.78893 4.78893
0 0.948289 6.78772 6.78772
0 0.902924 13.2376 13.2376
0 0.862993 19.3909 19.3909
0 0.796907 30.9447 30.9447
0 0.7448 41.6811 41.6811
1 0.684076 56.5946 56.5946
2 0.560377 99.486 99.486
3 0.49139 135.961 135.961
5 0.41407 198.507 198.507
7 0.370008 252.952 252.952
10 0.329055 325.723 325.723
15 0.288617 432.759 432.759
20 0.263562 528.738 528.738
30 0.232038 700.594 700.594
50 0.197269 997.124 997.124
70 0.179283 1258.59 1258.59
100 0.163191 1615.45 1615.45
150 0.147061 2153.77 2153.77
200 0.136615 2647.23 2647.23
300 0.123088 3548.71 3548.71
500 0.107625 5146.89 5146.89
700 0.0978222 6575.13 6575.13
1000 0.0883977 8514.1 8514.1
1500 0.0795654 11416.1 11416.1
2000 0.072713 14073.7 14073.7
3000 0.0647112 18798.2 18798.2
5000 0.0568515 27264.2 27264.2
7000 0.0513291 34752.1 34752.1
10000 0.048735 45181.1 45181.1
15000 0.038857 60655.8 60655.8
20000 0.0391218 74386.5 74386.5
30000 0.0323738 99459.9 99459.9
40000 0.0287941 119770 119770
50000 0.0280064 139565 139565
60000 0.02473 157751 157751
70000 0.0243208 174896 174896
80000 0.0255913 192263 192263
90000 0.0259486 210311 210311
100000 0.0278498 228500 228500
150000 0.0313986 327181 327181
200000 0.0313973 436639 436639
300000 0.0313973 655594 655594
400000 0.0313973 874548 874548
500000 0.0313986 1.0935e+06 1.0935e+06
600000 0.0312366 1.31243e+06 1.31243e+06
700000 0.0307322 1.53104e+06 1.53104e+06
800000 0.0311266 1.75354e+06 1.75354e+06
900000 0.0292638 1.97142e+06 1.97142e+06
1000000 0.0308817 2.17322e+06 2.17322e+06
