1004 0
0 51.7819 0 0
0 0.994823 0.516461 0.516461
0 0.989217 1.03 1.03
0 0.9837 1.54066 1.54066
0 0.972918 2.55352 2.55352
0 0.962485 3.55541 3.55541
0 0.947385 5.03839 5.03839
0 0.901494 9.82124 9.82124
0 0.861352 14.3822 14.3822
0 0.794065 22.9394 22.9394
0 0.739378 30.8693 30.8693
1 0.673668 41.8218 41.8218
2 0.533025 72.6701 72.6701
3 0.453212 98.0342 98.0342
5 0.363849 139.82 139.82
7 0.313496 174.686 174.686
10 0.267668 219.529 219.529
15 0.22369 282.555 282.555
20 0.197043 336.788 336.788
30 0.164207 429.559 429.559
50 0.129522 579.534 579.534
70 0.110203 702.964 702.964
100 0.0922121 859.028 859.028
150 0.0745723 1072.84 1072.84
200 0.0630654 1250.11 1250.11
300 0.0492427 1537.03 1537.03
500 0.0352081 1968.43 1968.43
700 0.0265122 2283.22 2283.22
1000 0.0195561 2635.17 2635.17
1500 0.0139796 3060.13 3060.13
2000 0.0109927 3381.99 3381.99
3000 0.00630601 3817.77 3817.77
5000 0.00377271 4285.12 4285.12
7000 0.00240387 4603.08 4603.08
10000 0.00176699 4899.45 4899.45
15000 0.000918325 5292.44 5292.44
20000 0.000433101 5465.9 5465.9
30000 0.000435226 5653.15 5653.15
40000 0.00053837 5903.54 5903.54
50000 0.000556233 6195.67 6195.67
60000 0.000538487 6478.61 6478.61
70000 0.000524309 6753.27 6753.27
80000 0.000519569 7023.33 7023.33
90000 0.000517757 7291.83 7291.83
100000 0.000517073 7559.73 7559.73
150000 0.000516625 8897.56 8897.56
200000 0.000516621 10235.1 10235.1
300000 0.000516621 12910.3 12910.3
400000 0.000516621 15585.5 15585.5
500000 0.000516621 18260.6 18260.6
600000 0.000516621 20935.8 20935.8
700000 0.000516621 23610.9 23610.9
800000 0.000516621 26286.1 26286.1
900000 0.000516621 28961.3 28961.3
1000000 0.000516621 31636.4 31636.4
