1000 0
0 874.687 0 0
0 0.994972 8.72322 8.72322
0 0.989828 17.4019 17.4019
0 0.984787 26.0354 26.0354
0 0.975166 43.1753 43.1753
0 0.965684 60.1456 60.1456
0 0.952064 85.2978 85.2978
0 0.91133 166.729 166.729
0 0.875463 244.832 244.832
0 0.817666 392.635 392.635
0 0.771645 531.482 531.482
1 0.716282 726.373 726.373
2 0.604616 1298.89 1298.89
3 0.540897 1798 1798
5 0.468655 2672.87 2672.87
7 0.423442 3450.59 3450.59
10 0.384738 4507.07 4507.07
15 0.338804 6079.87 6079.87
20 0.311109 7494.99 7494.99
30 0.277287 10046.9 10046.9
50 0.236525 14527.2 14527.2
70 0.220394 18487.9 18487.9
100 0.204023 24077.6 24077.6
150 0.180596 32419.5 32419.5
200 0.164385 39874.4 39874.4
300 0.147368 53388.1 53388.1
500 0.126117 77069 77069
700 0.116911 98027.7 98027.7
1000 0.105346 126357 126357
1500 0.0962484 167801 167801
2000 0.0793284 205547 205547
3000 0.0693474 271375 271375
5000 0.0595353 386090 386090
7000 0.0470316 475110 475110
10000 0.0479653 607602 607602
15000 0.0413851 789091 789091
20000 0.0306959 945607 945607
30000 0.0265742 1.22325e+06 1.22325e+06
40000 0.0200225 1.46174e+06 1.46174e+06
50000 0.0233041 1.65884e+06 1.65884e+06
60000 0.0251394 1.86171e+06 1.86171e+06
70000 0.0238584 2.0829e+06 2.0829e+06
80000 0.017833 2.30426e+06 2.30426e+06
90000 0.0233276 2.51265e+06 2.51265e+06
100000 0.0260378 2.7172e+06 2.7172e+06
150000 0.0264275 3.73942e+06 3.73942e+06
200000 0.0261391 4.78318e+06 4.78318e+06
300000 0.0204912 6.91571e+06 6.91571e+06
400000 0.0238626 8.87983e+06 8.87983e+06
500000 0.0325942 1.11243e+07 1.11243e+07
600000 0.0297956 1.34037e+07 1.34037e+07
700000 0.0249499 1.56444e+07 1.56444e+07
800000 0.028809 1.79132e+07 1.79132e+07
900000 0.034036 2.02485e+07 2.02485e+07
