1006 0
0 880.379 0 0
0 0.994768 8.77813 8.77813
0 0.989654 17.5109 17.5109
0 0.984647 26.1987 26.1987
0 0.974794 43.4446 43.4446
0 0.965099 60.5178 60.5178
0 0.951653 85.8222 85.8222
0 0.910505 167.725 167.725
0 0.874212 246.247 246.247
0 0.815759 394.765 394.765
0 0.769155 534.157 534.157
1 0.715601 729.969 729.969
2 0.604871 1305.73 1305.73
3 0.53997 1807.06 1807.06
5 0.468376 2688.99 2688.99
7 0.425235 3473.31 3473.31
10 0.384531 4535.95 4535.95
15 0.340026 6122 6122
20 0.310045 7552.62 7552.62
30 0.273395 10107.3 10107.3
50 0.239865 14579 14579
70 0.225215 18705.8 18705.8
100 0.206312 24347.1 24347.1
150 0.184478 32894.8 32894.8
200 0.174571 40784.8 40784.8
300 0.159945 55695 55695
500 0.135792 81006.7 81006.7
700 0.129323 104474 104474
1000 0.10841 136293 136293
1500 0.0943243 182827 182827
2000 0.0899552 223777 223777
3000 0.0803825 297294 297294
5000 0.0617727 425427 425427
7000 0.0706328 541136 541136
10000 0.0478194 694707 694707
15000 0.0364395 871363 871363
20000 0.0281907 1.02061e+06 1.02061e+06
30000 0.0253481 1.27383e+06 1.27383e+06
40000 0.0252466 1.5281e+06 1.5281e+06
50000 0.0260572 1.76896e+06 1.76896e+06
60000 0.01461 1.9539e+06 1.9539e+06
70000 0.0123782 2.09791e+06 2.09791e+06
80000 0.0166325 2.24766e+06 2.24766e+06
90000 0.0184566 2.41073e+06 2.41073e+06
100000 0.016497 2.55732e+06 2.55732e+06
150000 0.0247006 3.27702e+06 3.27702e+06
200000 0.015111 4.03123e+06 4.03123e+06
300000 0.0192508 5.72641e+06 5.72641e+06
400000 0.0192059 7.23625e+06 7.23625e+06
500000 0.0116364 8.81204e+06 8.81204e+06
600000 0.0240386 1.02824e+07 1.02824e+07
700000 0.0198519 1.18879e+07 1.18879e+07
800000 0.0156823 1.32005e+07 1.32004e+07
900000 0.0164257 1.40428e+07 1.40419e+07
