1007 0
0 875.179 0 0
0 0.99463 8.72555 8.72555
0 0.989422 17.4052 17.4052
0 0.984379 26.0401 26.0401
0 0.97449 43.1781 43.1781
0 0.964781 60.1463 60.1463
0 0.950938 85.2864 85.2864
0 0.909273 166.623 166.623
0 0.873291 244.544 244.544
0 0.814499 391.995 391.995
0 0.768221 530.316 530.316
1 0.713228 724.409 724.409
2 0.601547 1293.81 1293.81
3 0.536957 1789.09 1789.09
5 0.460447 2654.72 2654.72
7 0.415414 3418.48 3418.48
10 0.372677 4448.34 4448.34
15 0.328061 5972.1 5972.1
20 0.303176 7348.6 7348.6
30 0.274442 9848.78 9848.78
50 0.239023 14290.6 14290.6
70 0.220154 18273 18273
100 0.201615 23742.9 23742.9
150 0.179149 31948.3 31948.3
200 0.167673 39478.9 39478.9
300 0.153316 53520.3 53520.3
500 0.133869 78276.5 78276.5
700 0.118477 99930.1 99930.1
1000 0.105468 129277 129277
1500 0.0899467 173836 173836
2000 0.0855718 212921 212921
3000 0.079339 283117 283117
5000 0.0595074 399293 399293
7000 0.0595321 499104 499104
10000 0.0393097 626756 626756
15000 0.0387028 794558 794558
20000 0.0217988 920611 920611
30000 0.024564 1.14809e+06 1.14809e+06
40000 0.0130391 1.33225e+06 1.33225e+06
50000 0.0212236 1.51185e+06 1.51185e+06
60000 0.0191692 1.70152e+06 1.70152e+06
70000 0.0165428 1.89209e+06 1.89209e+06
80000 0.0241066 2.0641e+06 2.0641e+06
90000 0.0161397 2.2415e+06 2.2415e+06
100000 0.00927607 2.38477e+06 2.38477e+06
150000 0.00678316 2.96622e+06 2.96607e+06
200000 0.00847274 3.39206e+06 3.3914e+06
300000 0.00841024 4.22829e+06 4.22729e+06
400000 0.0130246 5.00037e+06 4.99888e+06
500000 0.0069037 5.68139e+06 5.67734e+06
600000 0.00284674 6.01793e+06 5.98246e+06
700000 0.0099919 6.43928e+06 6.38899e+06
800000 0.000900211 6.89038e+06 6.82951e+06
900000 0.00581162 7.32601e+06 7.25046e+06
