1007 0
0 875.179 0 0
0 0.99463 8.72556 8.72556
0 0.989419 17.4052 17.4052
0 0.984372 26.04 26.04
0 0.974503 43.1781 43.1781
0 0.964798 60.1465 60.1465
0 0.950982 85.2874 85.2874
0 0.909351 166.63 166.63
0 0.873383 244.558 244.558
0 0.814712 392.043 392.043
0 0.768357 530.387 530.387
1 0.713786 724.557 724.557
2 0.603323 1295.02 1295.02
3 0.540022 1792.43 1792.43
5 0.465519 2665.08 2665.08
7 0.423471 3440.31 3440.31
10 0.380603 4491.53 4491.53
15 0.341821 6065.07 6065.07
20 0.317015 7501.49 7501.49
30 0.285921 10122.2 10122.2
50 0.25408 14797.7 14797.7
70 0.233875 19041.6 19041.6
100 0.216243 24897.7 24897.7
150 0.196214 33867.1 33867.1
200 0.18553 42247.5 42247.5
300 0.171099 57729.8 57729.8
500 0.1495 85588.4 85588.4
700 0.140898 110818 110818
1000 0.128283 145616 145616
1500 0.118634 199564 199564
2000 0.109132 249388 249388
3000 0.0972002 339459 339459
5000 0.0811307 497064 497064
7000 0.0768965 634658 634658
10000 0.068321 819537 819537
15000 0.0619905 1.11503e+06 1.11503e+06
20000 0.057061 1.37701e+06 1.37701e+06
30000 0.0491132 1.84658e+06 1.84658e+06
40000 0.0432876 2.24307e+06 2.24307e+06
50000 0.0422743 2.61208e+06 2.61208e+06
60000 0.0414571 2.99339e+06 2.99339e+06
70000 0.0458996 3.37846e+06 3.37846e+06
80000 0.0430033 3.77288e+06 3.77288e+06
90000 0.0438686 4.15932e+06 4.15932e+06
100000 0.0432145 4.52962e+06 4.52962e+06
150000 0.038164 6.32353e+06 6.32353e+06
200000 0.0396603 8.02309e+06 8.02309e+06
300000 0.034234 1.10249e+07 1.10249e+07
400000 0.0319258 1.37105e+07 1.37105e+07
500000 0.0354457 1.65421e+07 1.65421e+07
600000 0.0337102 1.95772e+07 1.95772e+07
700000 0.028212 2.22468e+07 2.22468e+07
800000 0.0215858 2.44707e+07 2.44707e+07
900000 0.0181493 2.62822e+07 2.62822e+07
1000000 0.018806 2.78216e+07 2.78216e+07
