1008 0
0 873.802 0 0
0 0.994735 8.71258 8.71258
0 0.989459 17.3793 17.3793
0 0.984373 26.0011 26.0011
0 0.974552 43.1154 43.1154
0 0.964943 60.0573 60.0573
0 0.950779 85.1613 85.1613
0 0.909194 166.367 166.367
0 0.87363 244.199 244.199
0 0.814642 391.491 391.491
0 0.767762 529.58 529.58
1 0.713997 723.432 723.432
2 0.60158 1292.63 1292.63
3 0.538207 1787.83 1787.83
5 0.463129 2656.25 2656.25
7 0.419952 3424.05 3424.05
10 0.378912 4466.69 4466.69
15 0.339014 6023.64 6023.64
20 0.312728 7441.76 7441.76
30 0.279796 10013 10013
50 0.244849 14556.4 14556.4
70 0.225622 18651.9 18651.9
100 0.208275 24306.8 24306.8
150 0.189581 32966.2 32966.2
200 0.177741 41030.7 41030.7
300 0.164262 55986.4 55986.4
500 0.149681 83151.5 83151.5
700 0.137822 108067 108067
1000 0.128712 142943 142943
1500 0.117319 196569 196569
2000 0.108364 245793 245793
3000 0.105108 338070 338070
5000 0.0947352 508079 508079
7000 0.0893853 668639 668639
10000 0.0889916 902481 902481
15000 0.0752366 1.26935e+06 1.26935e+06
20000 0.0640874 1.57911e+06 1.57911e+06
30000 0.0590927 2.11958e+06 2.11958e+06
40000 0.0562679 2.6223e+06 2.6223e+06
50000 0.0536958 3.10278e+06 3.10278e+06
60000 0.0585306 3.60552e+06 3.60552e+06
70000 0.0679017 4.13671e+06 4.13671e+06
80000 0.0632892 4.69882e+06 4.69882e+06
90000 0.0634756 5.22743e+06 5.22743e+06
100000 0.0596315 5.75244e+06 5.75244e+06
150000 0.0591134 8.24875e+06 8.24875e+06
200000 0.0534661 1.0622e+07 1.0622e+07
300000 0.0465574 1.51663e+07 1.51663e+07
400000 0.0470991 1.94138e+07 1.94138e+07
500000 0.0510989 2.36765e+07 2.36765e+07
600000 0.0457406 2.77311e+07 2.77311e+07
700000 0.0439297 3.14734e+07 3.14734e+07
800000 0.0479534 3.53814e+07 3.53814e+07
900000 0.0495677 3.94735e+07 3.94735e+07
