1000 0
0 874.687 0 0
0 0.994972 8.72322 8.72322
0 0.989828 17.4019 17.4019
0 0.984785 26.0354 26.0354
0 0.975165 43.1753 43.1753
0 0.965705 60.1456 60.1456
0 0.952082 85.2985 85.2985
0 0.911331 166.729 166.729
0 0.87549 244.834 244.834
0 0.817732 392.625 392.625
0 0.771713 531.498 531.498
1 0.716511 726.442 726.442
2 0.605601 1299.38 1299.38
3 0.542372 1799.69 1799.69
5 0.470855 2678.19 2678.19
7 0.425584 3460.09 3460.09
10 0.387712 4524.64 4524.64
15 0.347863 6122.29 6122.29
20 0.322085 7583.29 7583.29
30 0.292253 10260.3 10260.3
50 0.25701 15008.5 15008.5
70 0.234325 19296.3 19296.3
100 0.213394 25192.2 25192.2
150 0.195592 34143.1 34143.1
200 0.180669 42319.8 42319.8
300 0.163714 57306.4 57306.4
500 0.144042 84101.1 84101.1
700 0.130811 108184 108184
1000 0.119292 140714 140714
1500 0.108753 190102 190102
2000 0.0988348 235121 235121
3000 0.0859146 315596 315596
5000 0.0723596 451966 451966
7000 0.0652096 576721 576721
10000 0.060232 737584 737584
15000 0.0535266 973159 973159
20000 0.0432976 1.16345e+06 1.16345e+06
30000 0.0335967 1.50098e+06 1.50098e+06
40000 0.0295165 1.78801e+06 1.78801e+06
50000 0.0199916 2.04007e+06 2.04007e+06
60000 0.02123 2.24811e+06 2.24811e+06
70000 0.0208609 2.44157e+06 2.44157e+06
80000 0.0182131 2.63277e+06 2.63277e+06
90000 0.0205856 2.81466e+06 2.81466e+06
100000 0.0210226 2.99034e+06 2.99034e+06
150000 0.018299 3.88342e+06 3.88342e+06
200000 0.0148666 4.6229e+06 4.6229e+06
300000 0.00948649 5.36314e+06 5.34483e+06
400000 0.00227974 5.81765e+06 5.79033e+06
