1002 0
0 877.871 0 0
0 0.99462 8.75246 8.75246
0 0.989525 17.4588 17.4588
0 0.984366 26.1204 26.1204
0 0.974624 43.3111 43.3111
0 0.965164 60.3341 60.3341
0 0.95165 85.5664 85.5664
0 0.910125 167.21 167.21
0 0.874046 245.462 245.462
0 0.814241 393.41 393.41
0 0.76827 532.13 532.13
1 0.714527 727.012 727.012
2 0.602237 1299.69 1299.69
3 0.538767 1797.93 1797.93
5 0.465572 2672.16 2672.16
7 0.424762 3451.01 3451.01
10 0.382782 4511.74 4511.74
15 0.342232 6098.88 6098.88
20 0.318738 7544.57 7544.57
30 0.28781 10189.7 10189.7
50 0.253162 14907.7 14907.7
70 0.233658 19161.3 19161.3
100 0.21351 25031.4 25031.4
150 0.195695 34003.5 34003.5
200 0.184797 42293.2 42293.2
300 0.168084 57655.2 57655.2
500 0.145971 84980.8 84980.8
700 0.13225 109397 109397
1000 0.121102 142737 142737
1500 0.107334 192363 192363
2000 0.0956737 237155 237155
3000 0.0881219 316020 316020
5000 0.0713545 454444 454444
7000 0.0644852 574024 574024
10000 0.0584254 737853 737853
15000 0.0513059 979362 979362
20000 0.0458616 1.18669e+06 1.18669e+06
30000 0.0350558 1.55902e+06 1.55902e+06
40000 0.0309115 1.8616e+06 1.8616e+06
50000 0.0340876 2.12363e+06 2.12363e+06
60000 0.0349374 2.39126e+06 2.39126e+06
70000 0.0264564 2.64203e+06 2.64203e+06
80000 0.0239466 2.87097e+06 2.87097e+06
90000 0.0334382 3.12774e+06 3.12774e+06
100000 0.0294923 3.40098e+06 3.40098e+06
150000 0.0157043 4.39985e+06 4.39985e+06
200000 0.0148314 5.26663e+06 5.26663e+06
300000 0.0132537 6.84271e+06 6.84271e+06
400000 0.0158605 8.17079e+06 8.17079e+06
