1004 0
0 879.855 0 0
0 0.994787 8.77294 8.77294
0 0.989852 17.5021 17.5021
0 0.984968 26.1875 26.1875
0 0.975093 43.4273 43.4273
0 0.965402 60.4954 60.4954
0 0.951471 85.7849 85.7849
0 0.910468 167.619 167.619
0 0.874567 246.106 246.106
0 0.815151 394.539 394.539
0 0.76646 533.549 533.549
1 0.709369 727.875 727.875
2 0.590734 1294.22 1294.22
3 0.523915 1782.55 1782.55
5 0.452376 2636.06 2636.06
7 0.410676 3392.87 3392.87
10 0.370375 4419.05 4419.05
15 0.328283 5949.63 5949.63
20 0.312097 7357.46 7357.46
30 0.279974 9933.41 9933.41
50 0.242402 14470 14470
70 0.223116 18552.4 18552.4
100 0.207443 24230.9 24230.9
150 0.189656 32851.4 32851.4
200 0.176636 40924.9 40924.9
300 0.168271 56104.4 56104.4
500 0.146098 82906.2 82906.2
700 0.126957 107118 107118
1000 0.115243 140106 140106
1500 0.102714 188017 188017
2000 0.0923374 230268 230268
3000 0.07599 303736 303736
5000 0.0588413 426474 426474
7000 0.058115 536987 536987
10000 0.0463447 679990 679990
15000 0.0484848 881215 881215
20000 0.04551 1.0772e+06 1.0772e+06
30000 0.0474164 1.46479e+06 1.46479e+06
40000 0.0494296 1.90342e+06 1.90342e+06
50000 0.0372089 2.31848e+06 2.31848e+06
60000 0.042841 2.70081e+06 2.70081e+06
70000 0.0479904 3.08134e+06 3.08134e+06
80000 0.0488275 3.48383e+06 3.48383e+06
90000 0.0467246 3.88454e+06 3.88454e+06
100000 0.0471479 4.30538e+06 4.30538e+06
150000 0.0417612 6.06567e+06 6.06567e+06
200000 0.0370003 7.66642e+06 7.66642e+06
300000 0.0231483 1.04705e+07 1.04705e+07
400000 0.024504 1.2819e+07 1.2819e+07
500000 0.0191557 1.5043e+07 1.5043e+07
600000 0.0279326 1.73593e+07 1.73593e+07
700000 0.0282281 1.97381e+07 1.97381e+07
800000 0.0271845 2.18695e+07 2.18695e+07
900000 0.0176547 2.38191e+07 2.38191e+07
1000000 0.0246122 2.58761e+07 2.58761e+07
