7004 -3.2 0 790.008
0.0325500 0.9819825 25.5424473 25.5424473 32.2029881
0.0357000 0.9797724 27.9824668 27.9824668 32.1861697
0.0399000 0.9768478 31.2273134 31.2273134 32.1640943
0.0451500 0.9732256 35.2698052 35.2698052 32.1370448
0.0504000 0.9696407 39.2973663 39.2973663 32.1105863
0.0567000 0.9653868 44.1109464 44.1109464 32.0795915
0.0640500 0.9604903 49.7002428 49.7002428 32.0444314
0.0714000 0.9556644 55.2613406 55.2613406 32.0103084
0.0798000 0.9502326 61.5828703 61.5828703 31.9725166
0.0892500 0.9442263 68.6519249 68.6519249 31.9314730
0.1008000 0.9370310 77.2316783 77.2316783 31.8833208
0.1123500 0.9299859 85.7465253 85.7465253 31.8372475
0.1260000 0.9218572 95.7277430 95.7277430 31.7852939
0.1417500 0.9127391 107.1372790 107.1372790 31.7284891
0.1585500 0.9033101 119.1844681 119.1844681 31.6713130
0.1785000 0.8924937 133.3309874 133.3309874 31.6075928
0.2005500 0.8809924 148.7723201 148.7723201 31.5419216
0.2247000 0.8689069 165.4594051 165.4594051 31.4751594
0.2520000 0.8558457 184.0519175 184.0519175 31.4054851
0.2824500 0.8419967 204.4661325 204.4661325 31.3341727
0.3171000 0.8270910 227.3025827 227.3025827 31.2601812
0.3549000 0.8117805 251.7640814 251.7640814 31.1870164
0.3990000 0.7950619 279.7444283 279.7444283 31.1102212
0.4473000 0.7780332 309.7460155 309.7460155 31.0350773
0.5019000 0.7601708 342.9083968 342.9083968 30.9596826
0.5628000 0.7418215 379.0261112 379.0261112 30.8855876
0.6310500 0.7229538 418.4995974 418.4995974 30.8129863
0.7087500 0.7033733 462.2583198 462.2583198 30.7414716
0.7948500 0.6836817 509.4127022 509.4127022 30.6736115
0.8914500 0.6637313 560.8048845 560.8048845 30.6091542
1.0006500 0.6435172 617.1677170 617.1677170 30.5484151
1.1227651 0.6232791 678.2454374 678.2454374 30.4928046
1.2594751 0.6030858 744.4402196 744.4402196 30.4428466
1.4127226 0.5830407 816.2057484 816.2057484 30.3993794
1.5858151 0.5630728 894.5303601 894.5303601 30.3629433
1.7787526 0.5435264 978.8265934 978.8265934 30.3343440
1.9959451 0.5241675 1070.3794711 1070.3794711 30.3148231
2.2393220 0.5052442 1169.2930805 1169.2930805 30.3051486
2.5125215 0.4865425 1276.2738803 1276.2738803 30.3061324
2.8192921 0.4682212 1391.9026803 1391.9026803 30.3193188
3.1631068 0.4502403 1516.5764630 1516.5764630 30.3450063
3.5483644 0.4326872 1650.8826112 1650.8826112 30.3848064
3.9810846 0.4153469 1795.7575684 1795.7575684 30.4385596
4.4672872 0.3987187 1952.0107842 1952.0107842 30.5078430
5.0118948 0.3828255 2120.0389523 2120.0389523 30.5914486
5.6245099 0.3674451 2301.4985224 2301.4985224 30.6926051
6.3098094 0.3528567 2496.3855187 2496.3855187 30.8104311
7.0803644 0.3385351 2706.6863508 2706.6863508 30.9429288
7.9440561 0.3256191 2933.1016951 2933.1016951 31.0934486
8.9125633 0.3132141 3177.4020709 3177.4020709 31.2618715
10.0014481 0.3011687 3441.4591445 3441.4591445 31.4438572
11.2210876 0.2880291 3725.3221002 3725.3221002 31.6293309
12.5894367 0.2741979 4028.9723961 4028.9723961 31.8231355
14.1269504 0.2619617 4354.4038877 4354.4038877 32.0066799
15.8491767 0.2502532 4702.7032297 4702.7032297 32.1987964
17.7840324 0.2394012 5076.5179734 5076.5179734 32.3897579
19.9529062 0.2304503 5478.6428336 5478.6428336 32.5717721
22.3872322 0.2224093 5914.0215471 5914.0215471 32.7438513
25.1199938 0.2133325 6384.0869598 6384.0869598 32.9128775
28.1840786 0.2025410 6887.4862908 6887.4862908 33.0514582
31.6237393 0.1955116 7427.5675682 7427.5675682 33.1857978
35.4826072 0.1891513 8012.9838173 8012.9838173 33.2891711
39.8132470 0.1812030 8646.5970881 8646.5970881 33.3711024
44.6694872 0.1744583 9326.1584223 9326.1584223 33.4429857
50.1205675 0.1701282 10068.0222135 10068.0222135 33.5160730
56.2377471 0.1637512 10874.6003724 10874.6003724 33.5669156
63.0967693 0.1559180 11739.2018689 11739.2018689 33.5971061
70.7954662 0.1486853 12661.4247677 12661.4247677 33.6542414
79.4340106 0.1445145 13657.7604669 13657.7604669 33.6882619
89.1259377 0.1361824 14725.2294474 14725.2294474 33.6674062
100.0026275 0.1328237 15881.3529933 15881.3529933 33.6957437
112.2074471 0.1293597 17137.6538747 17137.6538747 33.6675924
125.8964104 0.1180913 18473.7299829 18473.7299829 33.5996885
141.2559945 0.1097857 19847.6530920 19847.6530920 33.4810739
158.4947918 0.1074330 21325.3170241 21325.3170241 33.4862908
177.8326602 0.1090923 22972.0406419 22972.0406419 33.4386413
199.5344894 0.1063179 24836.9436503 24836.9436503 33.2771395
223.8731455 0.0993569 26821.2263797 26821.2263797 33.1626051
251.1895596 0.0990036 28958.4948423 28958.4948423 33.0668597
281.8404883 0.0870109 31242.7273047 31242.7273047 32.9386954
316.2378815 0.0805118 33547.1834304 33547.1834304 32.7987543
354.8252370 0.0784982 36053.2419420 36053.2419420 32.4506523
398.1250863 0.0737710 38603.4893257 38603.4893257 32.2568704
446.6934609 0.0671364 41241.2822149 41241.2822149 32.0038389
501.1903976 0.0551120 43883.6809573 43883.6809573 31.6628333
562.3470481 0.0616842 46784.3951663 46784.3951663 31.2608260
630.9576992 0.0620852 49961.5578801 49961.5578801 30.9155407
707.9626349 0.0581455 53488.6952414 53488.6952414 30.4484784
794.3311114 0.0611176 57664.6811270 57664.6811270 29.8844921
891.2901875 0.0554465 62155.0007856 62155.0007856 29.3243733
1000.0152949 0.0475229 66104.4140155 66104.4140155 28.8620502
1122.0453570 0.0382835 70515.7231115 70515.7231115 28.2973716
1258.9519017 0.0427286 74969.4333429 74969.4333429 27.8377033
1412.6025846 0.0295416 79311.3320723 79311.3320723 27.3741377
1584.9192513 0.0365597 84121.1980886 84121.1980886 26.8225665
1778.3297629 0.0298182 88918.8568461 88918.8568461 26.0782895
1995.3396487 0.0287886 93240.3171868 93240.3171868 25.5316087
2238.7495208 0.0200967 97934.7488442 97934.7488442 24.8284651
2511.9332487 0.0203385 102429.2274141 102429.2274141 24.2250405
2818.4067961 0.0255654 107415.5314806 107415.5314806 23.6934357
3162.3160538 0.0170919 112750.6636907 112750.6636907 23.0400922
3548.2246552 0.0222871 117745.2328329 117745.2328329 22.4596409
3981.0824729 0.0128656 123096.0852188 123096.0852188 21.9313579
4466.8445267 0.0139556 128073.2521231 128073.2521231 21.3130243
5011.9508737 0.0092758 133817.1941742 133817.1941742 20.7429988
5623.4686414 0.0045248 138263.9920196 138238.4962949 20.1397497
6309.6060499 0.0111493 143849.1846203 143823.6888956 19.5824103
7079.5178905 0.0120645 149693.5558436 149668.0601190 19.1442671
7943.3360745 0.0099962 154315.4772204 154264.1714001 18.6203710
8912.5538779 0.0076176 160466.7736128 160316.3299742 18.1407491
10000.0576380 0.0126268 165566.2159078 165344.4984600 17.8697391
11220.2837932 0.0095601 170441.6544079 170167.6973979 17.2909693
12589.2832138 0.0138560 178905.6712712 178630.8155217 16.8710391
14125.4898594 0.0017074 184087.6734649 183106.8189896 16.4009240
15849.0266991 -0.0003076 188307.1778634 186297.8889727 16.1470251
17782.8284773 0.0053266 197080.1525538 194770.9645592 15.6909902
19952.6405589 0.0039104 210923.2724264 208590.1370828 15.1855834
22387.3110130 0.0037907 223898.6421122 221393.5635545 14.9063544
25118.9399788 0.0109782 244251.6545126 241731.8215207 14.4355207
28183.8378200 0.0133049 268626.4045497 266106.3201220 14.0340764
31622.8492882 0.0115031 297375.1500858 294847.9723981 13.6985232
35481.3448326 0.0060563 323885.8301953 321339.9741821 13.2450532
39810.8123001 0.0020684 348691.4895821 345828.6239643 13.0215822
44668.4408210 -0.0022554 362773.1126341 357776.2809183 12.8782257
50118.8218320 0.0026594 380812.1213641 374226.4397698 12.6936904
56234.1823694 0.0076320 414148.1855094 407205.6935367 12.5147031
63095.8439737 0.0093348 455762.0108525 448587.3049357 12.0616418
70794.7386130 0.0110735 504268.0556538 496848.5064435 11.9750218
79432.9897122 0.0087497 539522.8223733 530966.3219322 11.7224767
89125.2011949 0.0049113 579820.8567091 570162.2258984 11.4671974
100000.1496297 0.0181876 619708.1261730 606633.9326662 11.4094562
112201.9339986 0.0067868 692792.8430096 679526.7251547 11.1253812
125892.6936390 0.0087378 799999.7129255 786558.9625706 10.7649431
141253.8311154 0.0069255 877200.9354162 862255.5667671 10.6997755
158489.5061793 0.0048026 966076.6378310 950072.6999066 10.4488953
