1005 0
0 0.985387 4.7501 4.7501
0 0.976975 9.45965 9.45965
0 0.968778 14.1297 14.1297
0 0.953005 23.3552 23.3552
0 0.938017 32.4344 32.4344
0 0.916895 45.7943 45.7943
0 0.856459 88.3358 88.3358
0 0.812292 124.399 124.399
0 0.740824 195.166 195.166
0 0.688707 260.391 260.391
1 0.631281 352.275 352.275
2 0.527253 614.106 614.106
3 0.473741 842.102 842.102
5 0.415548 1248.29 1248.29
7 0.382715 1612.64 1612.64
10 0.351482 2117.01 2117.01
15 0.319581 2883.74 2883.74
20 0.29909 3591.99 3591.99
30 0.27335 4901.71 4901.71
50 0.243211 7259.21 7259.21
70 0.226153 9406.69 9406.69
100 0.210942 12405.1 12405.1
150 0.194752 17052.2 17052.2
200 0.180422 21359.9 21359.9
300 0.165699 29202.9 29202.9
500 0.142108 43319.3 43319.3
700 0.122112 55550.8 55550.8
1000 0.0852584 69349.8 69349.8
1500 0.0756818 87714.6 87714.6
2000 0.0526013 103122 103122
3000 0.0403702 122742 122742
5000 0.0414938 160452 160452
7000 0.0371308 197493 197493
10000 0.0299898 242402 242402
15000 0.0339237 317559 317559
20000 0.0242421 390041 390041
30000 0.0169816 464224 464224
