1007 0
0 67.1322 0 0
0 0.994869 0.669424 0.669424
0 0.98979 1.33542 1.33542
0 0.984763 1.99803 1.99803
0 0.974914 3.31324 3.31324
0 0.965335 4.61543 4.61543
0 0.95142 6.54501 6.54501
0 0.90844 12.7836 12.7836
0 0.87035 18.7505 18.7505
0 0.806684 29.9893 29.9893
0 0.756326 40.4681 40.4681
1 0.697595 55.0792 55.0792
2 0.577843 97.4315 97.4315
3 0.510349 133.778 133.778
5 0.432734 196.525 196.525
7 0.387513 251.38 251.38
10 0.344834 324.769 324.769
15 0.303797 432.998 432.998
20 0.277793 530.322 530.322
30 0.246464 705.222 705.222
50 0.213944 1011.86 1011.86
70 0.195088 1285.58 1285.58
100 0.177241 1658.92 1658.92
150 0.159123 2220.81 2220.81
200 0.147991 2735.26 2735.26
300 0.133421 3676 3676
500 0.117346 5347.11 5347.11
700 0.108602 6859.46 6859.46
1000 0.10158 8967.44 8967.44
1500 0.095052 12267.1 12267.1
2000 0.0891512 15356.3 15356.3
3000 0.0824835 21085.9 21085.9
5000 0.0759908 31725.8 31725.8
7000 0.0731088 41697.6 41697.6
10000 0.0703278 56221.2 56221.2
15000 0.062909 78256.9 78256.9
20000 0.0625391 99428.8 99428.8
30000 0.0548248 138829 138829
40000 0.054221 176382 176382
50000 0.0526353 211771 211771
60000 0.0507372 245854 245854
70000 0.0457547 278551 278551
80000 0.0397193 306812 306812
90000 0.0397649 333359 333359
100000 0.0399765 360202 360202
150000 0.0407724 495623 495623
200000 0.0397311 635691 635691
300000 0.0393249 899986 899986
400000 0.0393269 1.16399e+06 1.16399e+06
500000 0.0393289 1.42801e+06 1.42801e+06
600000 0.0395604 1.69204e+06 1.69204e+06
700000 0.0390162 1.95652e+06 1.95652e+06
800000 0.0389428 2.22257e+06 2.22257e+06
900000 0.0418463 2.49309e+06 2.49309e+06
1000000 0.0460235 2.7753e+06 2.7753e+06
