1002 0
0 880.015 0 0
0 0.994795 8.77497 8.77497
0 0.989623 17.504 17.504
0 0.984645 26.1887 26.1887
0 0.974785 43.4269 43.4269
0 0.965202 60.4942 60.4942
0 0.951393 85.7864 85.7864
0 0.909506 167.604 167.604
0 0.873287 245.997 245.997
0 0.813315 394.197 394.197
0 0.766413 533.053 533.053
1 0.712237 727.918 727.918
2 0.600652 1299.9 1299.9
3 0.537035 1798.19 1798.19
5 0.465262 2673.26 2673.26
7 0.422969 3451.82 3451.82
10 0.383041 4512.32 4512.32
15 0.343602 6101.48 6101.48
20 0.317783 7552.76 7552.76
30 0.286948 10204.8 10204.8
50 0.255378 14945.9 14945.9
70 0.23674 19266.3 19266.3
100 0.219564 25272.3 25272.3
150 0.201543 34500.1 34500.1
200 0.189429 43088 43088
300 0.172925 58967.2 58967.2
500 0.15399 87557.7 87557.7
700 0.143546 113669 113669
1000 0.133318 150200 150200
1500 0.121562 206011 206011
2000 0.113832 257574 257574
3000 0.105273 353355 353355
5000 0.0992766 533542 533542
7000 0.0931018 702467 702467
10000 0.0902375 942017 942017
15000 0.0872035 1.33202e+06 1.33202e+06
20000 0.0841523 1.71389e+06 1.71389e+06
30000 0.0792288 2.44588e+06 2.44588e+06
40000 0.0780118 3.13885e+06 3.13885e+06
50000 0.0749718 3.81399e+06 3.81399e+06
60000 0.0760979 4.47427e+06 4.47427e+06
70000 0.0727428 5.11223e+06 5.11223e+06
80000 0.0716828 5.74737e+06 5.74737e+06
90000 0.0706176 6.37462e+06 6.37462e+06
100000 0.0710704 6.99714e+06 6.99714e+06
150000 0.068187 1.00346e+07 1.00346e+07
200000 0.0674079 1.30001e+07 1.30001e+07
300000 0.0672841 1.89905e+07 1.89905e+07
400000 0.0678423 2.49562e+07 2.49562e+07
500000 0.067755 3.09203e+07 3.09203e+07
600000 0.0665292 3.68727e+07 3.68727e+07
700000 0.0671245 4.28296e+07 4.28296e+07
800000 0.0682023 4.88258e+07 4.88258e+07
900000 0.0653785 5.47426e+07 5.47426e+07
1000000 0.0668769 6.04838e+07 6.04838e+07
1500000 0.0587269 8.84766e+07 8.84766e+07
