1.55051437647112289 1.94688277073571925 1.88830635063771046 0.27793589234352112 39
0.48011017342972906 0.87260658176810857 1.84902703899902487 0.13984663784503937 160
2.01428870730201481 1.74125736505034001 1.01921648519992902 0.65431833267211914 391
1.67904881568931419 0.59727940920429867 0.93032745019846519 0.54107815027236938 414
1.19450126416305413 1.29705733608753881 0.50607104389023372 0.40995761752128601 432
0.72686282006598946 0.27471380009724722 1.06490592746747637 0.21364657580852509 467
0.01074593570829292 1.62687307493170130 1.27912799478651795 0.89644151926040649 538
0.47420190490357050 0.59046152048384204 1.28153664055758632 0.20197130739688873 598
0.61893295006124782 0.95081362131440417 0.09807154785453541 0.30082112550735474 744
0.78680849074250936 0.72056840499363639 0.74823605599285081 0.33649849891662598 813
1.37880268020338703 1.81391456591097122 0.11056759058812479 0.17910028994083405 861
1.79040946547814706 2.23683651899946767 0.30365377071972061 0.24443116784095764 541
1.64006021654554313 0.74075592700916126 2.40734452957751577 0.35403105616569519 682
0.87621571037138368 0.47230155281515446 0.21819505345855988 0.25559404492378235 396
2.11723237536356157 0.07302319067957337 1.97201850625556441 0.57497864961624146 531
0.99384884017494279 1.42281574642221842 2.37014675098449779 0.58627653121948242 225
0.14252139714289791 0.40619342654636403 1.80158988495856542 0.43787103891372681 906
1.28649609993595981 2.48354998769016566 0.20019965875650403 0.32609400153160095 457
0.24746248834593298 2.23836504162849570 2.52371650861035679 0.50375920534133911 392
0.94460110845611267 0.39236572061557895 2.82681772468176229 0.49534425139427185 231
2.18333590136392264 0.69894855559939428 2.52242119501336770 0.20287019014358521 243
2.10119586005686410 0.35582327172231820 4.72477654639817946 0.10425600409507751 15
0.62065700611036112 0.18475471187756909 3.93384451717086669 0.24317544698715210 247
2.04618058965304250 2.13970455210876098 3.25966296090968655 0.36051023006439209 254
1.53287755799880965 1.89708366663604622 2.60499484638135304 0.16912777721881866 281
1.82414768127937976 1.42388873674583993 2.83438866495691011 0.36499518156051636 463
1.05417090642426969 1.49780158138895025 3.92787911462942763 0.97442579269409180 550
0.05844096783052310 1.17960627935607976 3.62980468155295322 0.11257687956094742 585
0.43924546430032885 2.43172434752108746 3.94044044779858371 0.14383301138877869 621
1.97389272797148352 0.55916090568774057 3.09554457179531539 0.41934609413146973 899
0.06149958588927596 2.49266449813391056 4.87487507170152590 0.72025710344314575 892
0.69179761912750615 1.68526140993665607 5.01582683617652236 0.14737795293331146 686
1.71673818281371959 0.25649194315135476 5.69148596707487631 0.69596624374389648 7
0.43483081526775835 1.91195209218631690 5.90490930647187806 0.50612252950668335 53
2.17144778259086113 0.44569774369324694 6.41364716777690180 0.12095322459936142 118
2.48036263378615063 0.02241752938134339 5.75472511138675280 0.10522807389497757 325
0.06350938978908610 0.75889330504259755 6.48352712034277090 0.54394632577896118 438
0.50180749651461143 1.42635065600410016 6.87825175067090466 0.34679052233695984 480
2.07987674985801885 1.12347833451160750 7.06236967020982487 0.81543868780136108 593
1.54558386150713001 1.59616108284478830 5.77557184716722638 0.65586900711059570 758
1.13605183013731570 1.69850948692240378 5.03330080731998120 0.10482592135667801 776
0.83470291404054453 1.22440016771502092 7.37854165983360577 0.28716006875038147 850
1.05447605762833208 2.16602507263579724 7.32158728864699349 0.66966867446899414 941
1.83418283673982985 1.90045284063047060 7.88695245519470056 0.32938542962074280 336
1.99792974164695325 1.78823533791355938 9.18005074805467558 0.87858575582504272 13
1.21831379485354252 2.23897255350262636 8.33515668648818320 0.33016321063041687 90
1.51007229219897510 0.87348197682814455 9.87191762340339274 0.33492437005043030 170
0.82419363872845408 0.77198387270103497 9.13320096326985720 0.67467474937438965 344
1.57303698989434149 2.47991353145444338 7.98053668746248768 0.22567804157733917 366
0.58139516824049320 1.88498881490689896 9.85180464584486870 0.66224896907806396 376
1.22257980151209344 1.33788339733664241 9.87045183189372466 0.18083453178405762 411
0.51148486772114043 0.90626588404257924 8.29019083617443364 0.19462046027183533 421
1.91319671522930279 0.48465269610261563 8.61084441736961104 0.54637145996093750 546
2.11123738487675894 1.62629806941815658 8.20658615673500336 0.11473977565765381 596
1.25065961090188038 0.89724901558463477 7.58054700724161634 0.10520234704017639 838
1.23502964499886070 1.26831315298733638 8.10772216899149001 0.53641390800476074 852
2.12231535893061007 2.42912980034334280 8.05720639000870698 0.29631903767585754 115
0.00194551779047118 1.88793011684185008 8.42337849591948284 0.87923461198806763 360
1.54653265897526904 2.51187426559555949 1.36010628696921620 0.30945137143135071 415
0.60704827058473509 2.94210382813121329 0.64244959476090657 0.54900348186492920 100
0.85471004243485582 3.99426601662979364 0.59384541417888692 0.22171564400196075 239
1.30188982003320963 3.42205054358181648 0.60689402506313350 0.18000008165836334 275
1.44583753946259641 3.05547334581430352 0.97916868599463658 0.36192998290061951 283
0.18988271660230488 3.85763267099270246 0.90002241908171243 0.41380530595779419 348
0.91163016369104966 4.63019101162054891 1.26512323249176162 0.70470458269119263 356
1.78686055161261814 4.45789730224270730 0.59154548528855266 0.41307017207145691 358
1.14111701461921689 2.77963403839329359 1.33688327653683747 0.17696043848991394 474
1.31386983751074116 3.28721979867341574 2.38711464816065932 0.99823313951492310 702
2.26932891546386806 3.64283191976816045 1.08547110224875554 0.65513855218887329 864
2.09511338404370129 4.89067257952402468 2.15737107871200218 0.80015069246292114 613
0.34142158151288882 4.47973938383774772 0.00406913207847103 0.68742716312408447 461
2.47956690263131962 3.95925033663861337 2.85858713025152067 0.41125005483627319 450
0.88371769362917996 4.30086779951936560 3.18979749080542430 0.18556377291679382 148
1.14710843641866589 4.43555949138593242 4.78621094674346548 0.12526333332061768 228
0.12907501992574472 3.30541554275936411 3.96179398353547763 0.13269819319248199 232
0.92381227401393073 4.87834705839784366 3.94102916211469800 0.52599185705184937 694
0.67027738684148175 3.03476727261932044 3.78048985862862486 0.40975189208984375 715
0.99781089442638937 3.50177195043776557 3.53365412604941387 0.21026951074600220 732
1.29240004464749214 4.06787156912729042 3.59150381619754544 0.43050980567932129 909
0.45592715704756809 3.86663347002359181 4.55237815690761050 0.74513298273086548 507
0.31744663098382153 2.80880611416056603 3.15175652563603226 0.34579664468765259 234
2.39826899940789229 3.14474321977500448 3.67367315677514261 0.69039177894592285 382
0.75807456320464328 4.93917254703684527 2.71953172473202409 0.59546720981597900 17
1.88082191553072198 3.65060510797929316 4.90616671194153309 0.73883461952209473 277
1.31499012521402525 2.50721302567113513 5.03081391467090899 0.54297965764999390 175
1.07097806101930337 4.34841029316093763 6.89155089355816663 0.26012074947357178 85
2.31246800945351438 2.65853245028309448 6.48035129798774534 0.73232889175415039 98
0.31026051360820062 4.82296936894036410 5.64384303634460682 0.22611103951931000 126
2.47205218778097402 3.91700098615144388 6.29751597951930808 0.46504911780357361 328
1.92218311621812865 3.38349573993049324 5.98959116571557093 0.18642185628414154 371
2.26965484171558840 3.31383048293971827 5.76953500396620456 0.23072867095470428 419
2.19384452881680980 2.93241307463896117 5.54877631997871479 0.21644113957881927 552
2.27062945533943994 4.83347455719903429 5.29289909423645533 0.24139598011970520 573
1.77183073709709715 4.13751974098836950 6.79396243294691793 0.42117753624916077 754
0.75164129299965676 3.35367491564846931 6.19138247743215864 0.99753981828689575 792
2.14031029266836947 4.93244220671198708 7.15077389012900611 0.52486336231231689 86
1.33348411603685335 4.94464753698656967 7.35201284351069084 0.11530947685241699 42
0.67490703344434555 4.98529380892157370 6.60832361753174258 0.16649848222732544 178
1.47265608935949244 4.96515548943925467 5.92864788151271060 0.78733032941818237 855
0.00397424335307260 4.87465716528758808 5.11927705070718808 0.12742316722869873 176
0.30723720848706559 3.84460831769286493 7.55685003603244621 0.52002799510955811 485
0.74192793122783951 2.98000121507565119 7.57310647051460162 0.14189569652080536 91
1.30223668351168631 3.39227489074008526 9.40156740210949060 0.88379943370819092 185
2.00586353555517860 4.08140239781806624 9.94635158230529726 0.24171259999275208 459
0.35391835275713479 2.91997962774737019 7.96790118070569253 0.30248904228210449 580
0.92623542183367025 4.82043879157107735 8.16841199657804751 0.78741687536239624 741
0.10594499981866927 4.43339500155477317 7.84096801080193018 0.16385288536548615 748
0.95047208840915953 4.43828637361709077 9.11043834932655372 0.13023129105567932 789
1.49737974336400237 3.44208128178529460 7.77504099412978533 0.75514829158782959 907
0.15367076490774328 2.90560962628006791 9.05000408500190545 0.32548600435256958 402
1.15067445311237315 6.65104890897886403 1.11339903500478599 0.20316191017627716 28
0.69341249077845113 5.65964120083040623 0.09725709081146754 0.38431543111801147 202
0.12615617765607379 5.87467350221646800 1.50447533727135907 0.19645690917968750 257
0.89032497842377223 5.08106173077949563 0.58218777995235882 0.11281063407659531 262
2.28854842372983480 7.06718380777614819 2.05653936373098123 0.12493706494569778 374
1.23697753007677380 5.66427946313938158 0.69755759849891297 0.40877345204353333 375
1.79278144777596560 5.43945323937903602 1.08087476814774086 0.30284219980239868 394
0.76728319089003616 6.31348036713157690 1.59267628063930555 0.39404937624931335 555
1.44256940009483592 7.07443394243987189 2.21744314713053337 0.73623836040496826 819
1.92634476994178749 5.75109708062395875 0.55915034255406293 0.14854289591312408 836
0.96749213098914044 6.91141496451928372 0.48339661498667885 0.48835992813110352 877
0.42794643761879353 5.55832207722258342 0.85072701126676931 0.42095142602920532 943
1.94329883245480728 6.45215856691016842 0.60838590792565150 0.55444985628128052 68
0.38549413299288010 5.73210470286717388 1.74291013271569151 0.18327805399894714 31
2.39617345571128570 6.21077407834423934 2.11288625698802424 0.55457580089569092 235
1.52312474011385413 6.01281019597613131 2.22604583927334687 0.19560940563678741 951
0.30046523019792543 7.37153230734693743 1.56976289758112864 0.20500524342060089 791
2.49822114235282244 7.49555178740219397 2.24651558248502203 0.37503981590270996 733
1.75815209047262222 5.61053920771280978 4.65351412873243486 0.13701577484607697 73
0.85809764436052760 6.99391712718197756 4.40923945414422036 0.10571150481700897 103
1.74088497359204397 6.71553465229866298 4.01358275048351221 0.65571528673171997 162
0.40321745101670192 7.25056146673048740 3.88363830130287635 0.45797535777091980 263
0.80165815332274670 6.62371290230640675 2.88086910862863377 0.27253067493438721 362
1.00353620830101842 6.40705828539610511 3.21702010339103639 0.13966305553913116 412
0.79148318945994189 6.65398683848997052 4.16615193419913155 0.30783504247665405 475
1.40223635598753282 5.62043739907492057 3.84772918316661805 0.31806465983390808 522
0.00949969802595391 7.08562513483703782 4.86320851918336494 0.53828740119934082 532
0.14849515049515835 7.24796474978102889 3.27413235876427811 0.14334033429622650 537
2.23025760795518835 5.93800968838205012 2.84669157952283536 0.15926232933998108 790
1.52540566302414726 5.83146277794790002 2.96261751028281939 0.56296157836914062 810
1.29238976147965579 7.43615874616129435 4.49040507438073178 0.19928534328937531 857
0.74355008453591398 5.77421148920865068 2.65266401815367381 0.12111242860555649 886
0.53061673089301065 5.91736406197953357 3.61744725117174060 0.63110125064849854 678
2.27680371961303818 7.35244094139087867 3.14875532459541629 0.54461175203323364 56
2.29341944887698901 7.30499453643374697 4.79623905366984715 0.44477736949920654 668
1.22685310420197680 5.75018347788992301 7.11055853857476006 0.65267002582550049 96
0.79593983226376819 6.36276000932447250 6.61831650761663237 0.17840638756752014 106
0.60393487726126283 5.28811651592066667 6.60481465332674667 0.14454965293407440 109
2.05470791039173362 5.87821100305718947 6.44035111111408654 0.41029018163681030 120
0.74249839741501544 7.46699752348332702 5.90437848966960832 0.49212625622749329 129
1.43765619933138500 6.74308515923865226 6.35963177129394275 0.60993951559066772 135
2.29666294770788149 6.41444050210962047 6.54469320853470649 0.13317929208278656 194
0.12063319167324951 7.20977879386366816 7.33444468587569798 0.19417375326156616 224
0.70869197758676417 5.98039990767604301 5.01403110516619410 0.77820032835006714 299
0.52165689668400961 6.62257702145531812 7.04343644662788293 0.10270961374044418 305
0.21116408904085576 6.68598191411419585 6.27251237716281462 0.52169036865234375 388
0.79849046831012871 5.98738007407865602 6.18404369862916869 0.39527395367622375 761
1.40486896339911471 6.31405383814198373 5.64860866734577094 0.22113747894763947 846
1.35879361698159395 7.11810960201059650 5.15408385451394579 0.53961235284805298 639
2.32904658737793335 6.12047483189726726 5.22274100899136062 0.81469082832336426 340
2.40445483432701668 7.26072698093332214 5.97361646282077530 0.55266988277435303 352
1.64988041748275083 5.01969566769742137 9.54620111864498888 0.78155350685119629 29
2.46092583199623194 6.25854816055159002 7.52903067464364373 0.74607557058334351 314
2.07991810863710924 7.42203052927245999 9.12232345521048238 0.44928330183029175 82
0.61801142047331670 6.13432736662478639 8.44547660690076718 0.59028774499893188 119
1.46973664407923166 5.56752173751455093 8.16632293226776440 0.13645046949386597 142
0.82074805442702603 5.65102289562195637 9.20202754076393425 0.31583964824676514 378
0.53419392953629319 6.11224993583705434 9.47358264051977628 0.23588755726814270 454
0.62386764409285178 6.82255588974694938 8.93700814016382417 0.25546401739120483 492
1.52668003061426094 7.13301464526094886 8.61986545589685704 0.30441671609878540 511
1.92696013669471555 6.18193393621303589 8.42326378402663423 0.29314529895782471 684
0.86769278865154320 7.33872920760914838 8.64369583384573836 0.38634413480758667 730
1.41197852598629514 6.50419784152976188 9.42867632656348320 0.72647702693939209 774
1.21429515941741051 6.98400193187369300 7.67327033970691819 0.70346790552139282 942
0.41317842427621670 7.20057661052616815 9.04612480793838003 0.19084984064102173 945
1.74326215780533333 5.17095439578046356 7.65965567622909838 0.15924428403377533 959
0.21604355388614527 6.77769292040473026 9.59242641124806639 0.51121205091476440 151
1.94864752197563251 5.50547058261995925 8.15540394220974640 0.34658700227737427 443
0.03538299318169529 5.55259790683966603 8.26843906238405957 0.25185671448707581 324
1.54488851215746381 7.51811940632354858 1.43205694809002071 0.17159281671047211 713
0.25052003901822223 8.91427913629580182 1.45008382265766711 0.19320645928382874 63
0.82417877868948353 8.10809096613050251 1.04092969310919692 0.83432424068450928 123
1.82966274494472936 7.55677761037398543 0.15142981014137138 0.61693531274795532 204
2.37105159132878374 8.81672968721351147 0.20177136059066719 0.32126799225807190 282
0.90503211686324181 9.57115167414539769 1.95086130881340525 0.70274257659912109 308
2.49492983426737513 9.54364233008219287 0.81567752015140838 0.48453134298324585 343
1.12839741865362608 9.90080951747471794 0.95928539504207433 0.34509319067001343 359
0.22030302234341623 8.88964553152754178 1.90820161676445221 0.26427572965621948 610
1.22761169513868640 8.67252744678178011 1.88026295536191324 0.25463256239891052 716
0.39645337312446377 9.29414558051108131 0.47090652414403122 0.54936683177947998 767
1.55172196322817402 9.17937351555360515 1.06634374773037766 0.46090215444564819 881
1.18124490705950969 8.91883205665994439 0.30936188751182797 0.14414229989051819 901
2.23353550508373111 8.52618448987152888 1.84430721337527448 0.76251631975173950 264
0.08616486732237226 7.78078268554337527 2.47956684147884454 0.81536418199539185 326
1.43920192973658501 8.50424341771647541 0.06171789953651561 0.38798746466636658 894
0.93871244162054623 7.55337688759662651 0.06555057830396600 0.27815082669258118 605
1.68633745475677843 9.64966185339945071 2.85386798166207800 0.49392905831336975 130
2.09705952306056398 8.49506668835813628 3.59331431277737101 0.48298534750938416 462
2.41495724178453708 9.59129879809574959 3.32051892483039390 0.35587480664253235 466
1.85114525457217693 8.11606871362564952 4.38471670564789395 0.34860458970069885 520
1.55921055275339704 9.59453544967394301 4.24420244916656220 0.90329325199127197 751
1.48672311247411892 7.99055880840453625 3.23208577012466369 0.38737365603446960 843
1.79320730604208944 8.83421290883947208 2.93451245500202251 0.31605347990989685 866
2.32422866309612042 7.84852409140562912 4.56124836131063560 0.14817641675472260 870
2.14609991017286950 8.62290403573344300 4.32983660392515723 0.23505640029907227 898
0.76282930272481064 8.88430472115635084 3.80121305102167462 0.21784427762031555 904
2.38747159912322671 8.16451299255966845 4.21414366130052009 0.20491017401218414 171
0.69711487702397890 8.23683102397355071 4.81562407650062863 0.80348527431488037 191
0.65193062311051375 9.93112416398680509 6.17363758460812928 0.51735544204711914 338
1.46766199374672723 9.81315080821792485 6.97668289467190128 0.63339090347290039 94
0.85664113128151975 7.97914405009864414 6.50449831055372751 0.30129531025886536 413
0.96692419926849982 8.86824004787612985 6.28109179189808486 0.59641742706298828 416
0.99230228721593705 9.09043733470235971 7.18137164656440596 0.25552931427955627 445
1.56168591247329913 8.30712108673951732 5.16967849031018201 0.13341298699378967 464
0.27520020936818801 9.36868902444583718 5.50145442940982310 0.10123766213655472 659
2.48308146312412514 8.43506081511616479 5.29609309032424758 0.80537289381027222 680
0.10953417435021731 9.55388755693461356 7.18576719422714039 0.69132477045059204 681
1.06090199794917761 8.15522210337419118 5.85620967324757036 0.23889762163162231 723
1.91266754439378173 8.07761876645005650 6.92509839752755241 0.79435825347900391 734
1.45231558479644307 9.33691273804164901 5.74939938918592031 0.26262602210044861 746
0.00286628581824928 8.20031545660864936 6.16680505860063111 0.58196806907653809 928
2.45587750531681959 9.35936423476538337 5.71116697181618260 0.20821639895439148 393
1.75660768377289589 7.65799703970319090 8.50176112991375987 0.28075155615806580 427
0.20132590633682998 8.85737797805880867 8.06853205648917182 0.11518058180809021 3
2.42389170367595685 8.23790264566898678 9.02361934613562688 0.18178707361221313 35
0.06565643602443905 9.46998356494925275 9.72014336438115123 0.26782110333442688 104
1.10876709668722273 9.87699542614315718 8.51431208179539389 0.12344927340745926 110
1.87591335482028443 8.29077019526802417 9.38435200309721829 0.44574648141860962 197
0.34007465192252995 8.32619752262351831 9.34634574167611731 0.93546956777572632 222
0.80175551703088443 9.49122628823725201 9.04906401757557788 0.33334463834762573 455
1.67044181785983215 9.05020368508337114 8.29187093138978604 0.90053462982177734 528
1.57655559580179028 9.71014878593681630 9.88938997222564886 0.83043795824050903 581
1.99143066155436355 7.96916002200705620 7.87623560245426901 0.13753749430179596 627
0.29971485597255509 8.14184562187576510 7.54357264971444241 0.77770757675170898 671
0.28862365220156078 9.40646770566552171 8.37371332495515830 0.51905602216720581 818
1.22790398552563373 8.07346321176110138 8.67776236215805774 0.18943603336811066 841
3.66259914463342939 0.09652305005061304 1.47859238215654654 0.29635179042816162 188
4.12208555582721292 2.16379276719157332 1.10276916830855232 0.65668618679046631 311
3.45483114740977637 0.83607604484690012 1.77674350396259007 0.52766293287277222 339
2.98344306912396551 1.26811812529947088 2.32313437956834923 0.31341379880905151 373
3.71420446852406627 2.03688422253418322 1.89242779843027464 0.24042582511901855 508
4.33257833385391411 0.84525400189469646 0.77021487070516326 0.45603141188621521 517
3.50960907401790312 0.89612680373836284 0.87731105999344861 0.37543475627899170 535
4.89397346913992770 2.13970418981950861 1.68062801341160895 0.29938656091690063 615
3.42985669704254459 2.30340417626018334 2.31042243153698301 0.33106878399848938 642
3.06986285901301370 1.55836035126577954 0.92624624370885345 0.42101025581359863 762
4.11950555492181802 1.32824747634931750 1.20677751748284545 0.10556087642908096 932
4.69302594443696641 1.16611607675995899 1.83610738321173006 0.70680809020996094 760
4.10236387662408575 0.32898458746804232 1.24786442958614496 0.24675975739955902 71
3.08035959249831004 0.02641179913587788 2.26239936972846856 0.36924093961715698 851
2.94973060439507995 2.46735378696947949 1.41038922914272780 0.59279185533523560 690
2.66991022447708781 0.79392647572277752 0.20339198610198436 0.69857472181320190 676
3.78350051718732372 1.96107547088312151 2.93881999285858031 0.46713945269584656 55
4.66162453178021519 2.42185150255041881 4.04107194239170386 0.87640666961669922 60
4.23168998093569115 1.38823511518463616 3.52348290311867718 0.22225117683410645 347
2.59379974985466433 0.84199666655828664 2.72468897616036454 0.21054546535015106 476
4.38196502391735709 2.24430576189077646 3.00661472274133468 0.11877212673425674 506
4.86664388256860292 0.09649626934876300 2.69937160837553058 0.67828649282455444 534
3.18719100452677884 2.45376235080331506 3.07494954084565553 0.22672584652900696 568
2.78871495000344982 1.81852435843505256 3.01646101566387648 0.16224685311317444 725
3.19333875522652999 2.09797211629186853 3.86262974284781624 0.63760310411453247 796
3.04846101507404699 2.04760833380342344 2.75667074983889426 0.27069479227066040 835
2.62425897533209973 0.92859376002100469 4.32091323808141148 0.74128097295761108 917
4.02744644085373871 0.03500482917631612 2.55119007918646323 0.17362301051616669 927
3.56971121601593344 0.71000086116556560 3.10662889863043468 0.81311577558517456 944
3.73416981387805302 1.55952694065041286 4.91462674302360547 0.66205805540084839 549
2.51070276489510080 2.17747745074593713 5.02598282347790981 0.69737416505813599 946
2.83469253817609346 1.05450399674519879 5.77313753356247528 0.68001061677932739 940
4.53877084322288038 1.00865058754930859 6.89453865738220451 0.13557222485542297 64
3.95900543367102431 0.12374604604049629 5.32876312691425014 0.10773061960935593 101
4.18102537401215013 1.59397967566459475 5.78611223489928239 0.20618997514247894 127
3.70563380919401908 0.34408287925124137 6.04089819679851470 0.10695341229438782 180
3.68044401268336330 0.46166381298687420 6.32389451602809771 0.18865686655044556 186
3.51624414522260631 0.60717378903129360 5.15385074752016603 0.34377309679985046 210
4.73851262309059340 1.66288383780676607 6.57900253996965390 0.52802336215972900 221
3.51483867071503031 0.89686073464596872 6.37684791548355090 0.23586016893386841 372
4.08145855890443965 0.84356549186312502 5.83177567979248135 0.55217677354812622 447
2.56234959769582682 1.65596932073570269 6.43924327063470781 0.12289535254240036 500
3.69272038142139181 0.33751230347696670 5.60066574834577846 0.11690337955951691 635
3.48182278432204617 1.79816103560201412 6.82138626101864709 0.75895726680755615 849
4.16172209453375608 0.14271187956322887 7.13411020431421328 0.64221113920211792 41
2.50829296509454425 1.06207191421129532 8.18296827683448491 0.38583245873451233 622
2.79548740803353502 0.39382049609490200 7.50979947667091441 0.30021926760673523 691
4.44927428482865572 1.61528433148651840 9.83819226982248729 0.75855940580368042 647
3.06791633515124484 1.07020794828584309 8.42162983477078697 0.11944697052240372 16
3.09624369749062511 1.65183607811214572 8.12954882439957238 0.18233989179134369 145
2.63461242708414334 1.88383677017230933 7.87707637099253777 0.39269933104515076 290
3.37106088740063248 2.12986560448684425 7.71032837989724218 0.10808426141738892 425
3.69753261501071151 0.41306588631303770 9.56202361260030287 0.19019849598407745 599
3.09227413327434641 2.27638730792281851 9.87792168794210390 0.20008698105812073 660
4.08615770253770183 1.20162500179188081 8.21385127876221155 0.87200403213500977 672
3.62627010482271883 0.34491768118873889 8.57634216057216570 0.16570673882961273 693
3.40104270459795632 0.78704907352272813 9.02499169316641670 0.26782256364822388 736
3.99442112987915054 1.92960904795899690 9.02692517157335494 0.22319707274436951 775
3.90403510072959570 0.82626761365478285 9.33518046720827499 0.32442441582679749 826
3.56976351223651989 0.04218696252257370 7.89165504697721776 0.28435462713241577 922
4.71536736005029500 0.16608622810533283 7.95805354255774944 0.34991443157196045 706
2.50447477010193342 2.71904252441538841 0.23911534414398297 0.61961573362350464 759
3.84973078563143956 3.49957404688790241 2.03306601830247091 0.38931664824485779 34
3.74062340533083715 2.70726286422826457 0.66737863555615839 0.13731509447097778 83
4.51605985902743257 4.34106537707942675 0.48441255000373851 0.72177863121032715 246
3.34357131890938275 2.93379618573904377 2.11234788195977030 0.22931712865829468 270
4.45862792269604480 4.68477416063278618 1.69248105909659108 0.11134462058544159 386
3.51998681019003001 3.42964396941465566 0.83978974624843516 0.63712829351425171 501
3.92376711303630810 2.66482823375202305 1.84781910088611756 0.19826804101467133 562
4.56522856067897997 3.09598870322001396 0.55304042724407865 0.49692699313163757 594
4.28313068152570864 3.53433357133143478 1.12132737206649580 0.15607149899005890 646
3.58249863077892261 4.20626857966952539 1.07840748946835352 0.17772872745990753 674
3.09828689009219893 3.21779886943562232 1.66573904999330447 0.13078162074089050 701
3.15402558006364542 4.08935939421949168 1.78261244344909220 0.55650544166564941 718
3.95443464830392699 3.20737874397125466 0.08737603531063355 0.25873899459838867 735
3.01481216264370966 3.31454054393670594 2.05606392934214632 0.27686142921447754 765
4.35354833368616401 2.96130447415786113 1.23286596443776197 0.16857205331325531 912
4.68704337880206889 2.51111321538226795 1.94184968589659435 0.19961392879486084 931
4.80270217502941676 4.89067473448627954 1.46593521046955444 0.34920415282249451 505
4.43927415765522149 3.99218102697715382 2.46118912580562821 0.12281275540590286 704
4.11093394577623705 2.68176536083048411 2.47080715686862540 0.45244881510734558 793
2.50907331459897209 4.90733508413397246 3.89887411753764868 0.98995357751846313 333
2.72527620283959804 2.73579074796425248 2.52704437890413480 0.52351659536361694 424
3.70227505834096782 4.60081793576123310 4.54624244516445497 0.40172484517097473 47
4.38896125318953256 3.45350854989507861 3.07237311922019085 0.56478685140609741 141
4.20010566754107639 4.33825054888326544 4.21953186357247123 0.24868772923946381 256
3.15035437399323071 2.82343972760032935 3.61625993331123885 0.12946467101573944 350
3.80152332910439839 3.11278126061517435 3.16066730716473554 0.12003009021282196 361
4.75021155501995462 4.51192579565730423 3.67425341317782728 0.43840393424034119 429
3.07277306919251547 4.00699143337814867 2.52457444659027130 0.17453663051128387 624
4.37321196363116549 4.01801136162829575 4.10636254485935215 0.13252902030944824 638
3.66238552029567987 3.43011663085965157 2.90898818045871987 0.14978486299514771 683
3.62947379948366677 3.62332303223992769 4.04673593991308778 0.68222606182098389 708
3.90555264654924805 4.71691471004938023 2.75636033406646197 0.82436507940292358 887
4.80957394544353534 3.84297485217987012 4.90283510130825384 0.79215145111083984 61
3.80885341745755790 3.63469740247777873 4.94185216636643165 0.23075778782367706 428
4.48938216498906684 4.96693874941807412 4.41724346689915226 0.47104808688163757 589
4.63712291691703360 2.72941736765474818 7.45940694323256270 0.85629105567932129 949
3.34265188570610761 2.84030773362342659 6.57528270732692111 0.31792366504669189 470
4.27342326515814186 2.52927874893424631 5.78908827884993293 0.73329055309295654 848
3.08887909425527640 4.32451925289658057 5.93678183057457076 0.34971153736114502 131
3.55794674799654054 3.35317299465581931 6.95639082928056940 0.17771510779857635 169
3.61748272596630116 4.57392405938660129 5.11432967800378613 0.11603443324565887 252
4.63620952908359563 4.86256995087087951 6.86021535572156971 0.18447582423686981 267
3.13970618811786295 3.31993498444177382 5.47904168931129210 0.68324768543243408 279
4.06986810576376890 3.42978317126692689 5.48542885852202833 0.23610314726829529 410
3.89357315175415009 4.98429245588505054 5.17705372104460437 0.10088575631380081 628
4.73400134323056765 4.65708906935522737 7.38309118245090179 0.38577389717102051 636
2.57843005472631281 4.73591783988840387 5.74589043189383286 0.31489428877830505 812
4.15856707054081465 4.01060252234317005 6.41620214426829261 0.86380404233932495 872
4.94279266242939830 3.05856589386815569 5.91616660846012721 0.12946614623069763 829
4.86861838872747121 4.81094768208527679 5.61902393418206181 0.16873152554035187 590
4.51139489729627030 4.96751643293891831 5.15417206931139571 0.14716669917106628 772
3.03491631902017600 4.26049071468908203 7.46459500344252724 0.43297868967056274 929
2.54644263961930495 3.68614292380725228 9.79786283958003068 0.44422090053558350 251
3.28505032829040378 2.51431982584114166 9.13899559282150875 0.59977942705154419 353
4.64385466809024017 3.14122091630327294 9.16284243707269930 0.89622718095779419 401
3.27603073973002257 3.69400808415890314 9.07681610997217092 0.58158075809478760 626
3.03076854235010140 3.05762328336219280 7.84411401748919523 0.82721078395843506 665
4.33346907368212175 4.17860471908391418 9.53450046986964139 0.24860206246376038 781
3.81715929687276123 4.13237911733760566 8.50385202566571152 0.15348291397094727 803
4.84823125323523918 4.59986580449043103 8.92164181892682606 0.31821376085281372 883
4.10407503680816799 4.94525409876064526 7.67977804465391500 0.25778087973594666 81
2.83807927964955375 5.71098053983346876 2.49269629537104986 0.21310250461101532 72
3.00734401625466230 6.55168177697414933 1.73411903542217449 0.24117048084735870 38
4.60095078892891252 5.41941178206289020 0.91326401047883388 0.44181537628173828 137
3.52342015884269477 7.04556947778100806 2.22361655970440397 0.14230789244174957 159
2.92739084609989053 7.07662304238806161 2.00215623605672244 0.27257069945335388 187
4.95996151663989693 5.82944100309756763 1.74423322202136544 0.48166292905807495 498
3.41533098952478076 5.36887181334486918 2.02310426499733387 0.24440361559391022 565
4.02340620735425691 7.23567059084129127 0.66537624327940159 0.83470767736434937 616
3.19524596058416499 7.23833422479945465 0.19537603463253653 0.11753002554178238 643
4.18397062754144144 5.32928551162453257 1.68540105876159196 0.44033583998680115 666
4.04188709651285638 6.01378684000843133 0.75038258883986153 0.39026892185211182 677
3.68082810488630008 5.95880203272873832 1.46624939162197232 0.36996915936470032 689
3.49466212532040776 6.93448241325862735 1.71529450253986115 0.37880501151084900 822
3.01382746721212635 5.11709877452241102 0.65258355763737352 0.97740095853805542 890
4.41925430438158529 7.46734878440363925 1.79068720308476093 0.16029942035675049 354
2.60332561254148986 7.32724051201121807 1.15356412753025395 0.66973280906677246 206
4.95613616865597439 6.72253813497884867 4.00504573507084149 0.61946648359298706 23
3.20258956026312980 5.79967671963463527 3.89210480434529194 0.14021642506122589 66
3.86668679503335344 5.52521854042286353 3.92023074738970578 0.50180727243423462 200
4.90675313448557926 5.71972271619874384 2.58216046924159226 0.10644798725843430 291
4.46370661963722970 6.02066756011033100 3.09201990166168761 0.63302117586135864 558
2.58339880658797849 6.62466274103534403 3.88226219696386021 0.14265057444572449 587
3.89617136917541229 6.49447398546336974 2.69964478152531395 0.16847954690456390 816
3.12446165754555816 6.37221970016890982 3.18434323577259848 0.75098472833633423 902
3.10245879678807546 6.96926255148311302 4.93037338689595384 0.37025043368339539 824
3.39397183186472340 6.28245103966648077 4.42744425897468030 0.52416014671325684 510
4.16310346075374493 7.27174033191792901 4.95288696644780568 0.73291176557540894 472
4.50067061204862817 5.05924198531393454 6.04751229371596288 0.27233159542083740 560
4.11870181940493030 5.02018765602268413 6.23629362448521096 0.15552793443202972 530
4.21673019085332346 5.79734757641213427 5.25421592506652679 0.73909276723861694 321
4.47126089967013041 6.86803657452100680 5.76684562392367184 0.22649766504764557 379
3.41850609604036437 6.67357858708887797 5.67068428767918142 0.45317983627319336 465
4.04020879878407957 5.96111465956989139 6.25244191825536255 0.17864777147769928 512
4.69101958360805327 5.44947492416959278 7.17298538918237671 0.36785605549812317 583
3.20731041890527235 5.41464034290438967 6.42380037906659584 0.83215266466140747 611
3.42509014817143065 7.38651780162145144 5.68355346699743524 0.22782714664936066 714
3.84491552224561639 7.37530121583421394 5.79091658854923530 0.13878552615642548 738
4.38764023209371157 5.99050278331829666 6.71685233267326254 0.40208390355110168 788
4.86249236035757537 6.66224619444782995 5.02643989253041745 0.19769987463951111 815
4.19821316676857403 6.47884130452316231 6.13553495163365792 0.37513333559036255 936
4.32875049071497742 6.50059228654943766 7.38570949858414849 0.21396027505397797 958
3.59993264960934445 7.39969453510678932 6.82396255644496552 0.92095410823822021 847
3.94755384933234099 5.84876897598978207 7.56228799469547308 0.56151664257049561 897
4.53013756138225077 5.67557605003714016 9.55005425040436506 0.90693545341491699 20
2.58073280747116707 5.33000977999773706 9.50250981723495514 0.14141748845577240 919
4.57673058517184472 5.49975575691610263 7.77131843007116796 0.17469878494739532 75
2.66434726606695405 7.41831734365867401 9.22481408303892181 0.11692454665899277 128
3.11670770814463660 5.09178727084305471 8.53604383776752229 0.92560380697250366 147
4.25935175922095066 5.24340404818051820 8.02162183842901300 0.22126431763172150 183
4.80376058169087461 6.53398810894947868 9.07766284615876096 0.11036222428083420 255
2.86448728275328834 6.29155350932043334 8.45446391829977983 0.26406192779541016 345
4.49102088347243011 7.35563830233853810 9.47058804678086297 0.44856318831443787 747
2.98331901156059809 6.55650198620852276 9.52890424238679756 0.84892529249191284 752
4.05675109401317791 6.98272861799558520 8.39632706471209822 0.76868307590484619 832
4.68275629816752836 5.91551111389745277 8.36597548565570648 0.11485625058412552 688
4.12005635494985789 9.76194710881889449 1.94264204502621474 0.43614411354064941 488
4.15520333690738486 9.03158774319669000 2.25990579753236220 0.15874648094177246 10
2.70485009550690636 9.48355610271517513 0.14380392723464033 0.11936591565608978 30
2.91436817969794282 9.32230017670403299 0.31627779338199408 0.19630563259124756 49
3.64751043352013049 7.95869999830846542 1.30231559275057296 0.19958481192588806 76
4.94496603012374969 8.70701381313365630 0.60895773078053661 0.19068787992000580 158
3.58030517973346241 8.70297619265764411 2.31120549137013898 0.39350655674934387 240
3.39431086256518322 9.67290829907985561 2.18047593617976476 0.11059401184320450 418
3.70094303045477968 9.91364864309107929 0.50894847646247066 0.69113117456436157 608
4.89936741509949325 8.12200051477733176 0.56816875443398096 0.23360671103000641 618
4.92512848676524762 8.66233872647892689 0.27861460232046259 0.13197773694992065 720
3.34934977100082554 7.82226765926981038 2.00628001915451648 0.56668478250503540 856
4.20244688935084731 8.69809078171359928 2.46639030284660965 0.13797940313816071 862
3.36171037169325571 9.10895889107765022 1.89668390942706733 0.22652068734169006 869
4.44413295792579532 9.04831119730121003 0.48456687136125431 0.42801296710968018 948
4.49976342092115100 8.41301517687396050 1.65273405519262195 0.77399742603302002 769
3.27131766003822166 8.59127135791321983 0.73126481912533481 0.71694695949554443 453
4.12598266934133751 9.98739214888065163 4.43191508776762344 0.77569717168807983 114
3.54382125978782803 8.23367923113049471 3.58410040178904810 0.18993778526782990 107
3.94913075769823774 8.77909796494365935 3.34374560875799132 0.26270982623100281 173
3.85186997561217170 9.41018753455497503 2.85700466989989676 0.54019147157669067 307
3.63385524877960187 8.84904140947516993 4.78301551634336786 0.27573990821838379 389
3.10455969183209035 7.60897605270652200 4.04481837750320139 0.70195114612579346 551
3.35009535901713074 9.71115066312160380 3.30071295571681667 0.19334338605403900 606
3.14704669694173766 9.01620440694317793 3.85666638353424274 0.71843546628952026 645
4.30017857370329804 8.19348985947861941 4.56439464805973838 0.13617223501205444 806
4.81894132476288828 8.94794586575595652 3.31120276716454720 0.62393498420715332 827
2.90900050962912982 9.96251966481996654 4.15952820386170341 0.23188389837741852 916
4.91001680082971781 8.12106692749764214 4.61384717068454631 0.42019659280776978 950
4.71400137819220344 7.60176782066299950 2.95258412637085366 0.77313876152038574 406
4.96488445833557623 9.41312867168641354 4.78969927128468953 0.27951344847679138 739
2.88510057680591059 9.81241993185623862 5.09731361646853554 0.64316117763519287 320
4.02682703050742496 9.75424910561504710 5.85489449080639535 0.53875368833541870 136
2.86363744963509026 9.77395521014660140 6.56294615576331442 0.82313305139541626 24
4.51026638986111195 8.79265411963717547 5.15289620481731703 0.52922618389129639 37
4.54874656608684802 9.44378951974557879 5.02775758514943316 0.13494074344635010 74
4.74646274520704470 9.13867102024644495 6.02188934467471793 0.42027765512466431 167
3.91465723428798285 8.26420959344904738 5.11850194647994439 0.26775994896888733 409
3.69801887818708375 9.27707180701949774 5.18618459915637153 0.31576016545295715 440
2.95577111778730028 8.56527545912557642 6.64124383446922018 0.39157921075820923 442
4.77667818099574681 9.61130956236774203 6.40797943891546495 0.19075894355773926 577
4.27176581707361258 9.51947097445138546 6.53163040522688743 0.14745545387268066 641
4.84891465134197919 9.67340552687249300 5.40738585156438401 0.40072897076606750 721
3.91149582508963700 8.83561691201868271 6.49301120691169764 0.58519107103347778 900
2.65561216798731126 7.54633183620724690 8.14276291522409679 0.69370108842849731 310
2.53535929539469151 8.76614589700427516 8.99120083897484967 0.24743455648422241 527
2.62385505512855621 7.60415581139175956 9.74021114981349356 0.27865773439407349 653
4.75352744657985227 9.67214090625682132 7.81308745756912781 0.16627673804759979 703
4.86225908892724323 9.72126554555979538 9.30731846920021688 0.99100458621978760 648
4.58396598569032054 8.29741898522139287 9.03121196598117848 0.48582342267036438 199
2.89299563491554501 8.77790841344746653 9.82749455237145675 0.17544265091419220 337
3.39401006739933431 8.82917411950682762 7.80442841734494852 0.82464867830276489 477
3.05159342586396276 9.75343452137312461 9.13154986564707194 0.82845681905746460 493
4.05194150668154762 8.82311398598104368 8.98464555027495493 0.21744506061077118 526
2.54502848187173436 9.58470032527699622 7.57684512158776791 0.12499753385782242 597
3.35540678647767798 8.18071497044471485 9.25999024878048971 0.76929289102554321 600
4.29077191166029870 9.96996832372441766 8.21159565038644068 0.15025047957897186 619
4.31059847785405381 8.94539846142331818 8.06872273470393608 0.13633720576763153 620
4.22907604497730372 8.87409002123934343 8.37787648386593453 0.15147875249385834 654
4.74677057523540835 8.12699118358444039 9.77606560339945041 0.11378287523984909 742
4.14991923375944527 9.45817027786618780 7.68234484025356590 0.16627977788448334 743
4.01552802211111448 9.72719955318055263 8.00182807915594729 0.27247676253318787 858
5.00162849983530489 2.11519197417272675 0.81231521377286520 0.10642443597316742 295
5.41976768788349794 2.03810738369267685 1.48444798740579453 0.26675698161125183 146
7.06312667578785813 0.87031497790038981 0.31561183958202627 0.15637248754501343 205
6.97734935772563158 2.24965196821455748 0.23881226304761030 0.16267298161983490 369
7.33612600299138151 1.73244686586583185 1.94654682420325509 0.33397701382637024 405
5.53012663951799777 0.88170290482678071 0.52290776989151155 0.25231325626373291 623
7.15492557347260938 1.20960790750734404 0.68484080428324423 0.15643179416656494 655
7.43278723661502116 2.36512521386076369 0.48327531234140420 0.27237567305564880 675
6.23149606109165788 1.74708613499245624 1.95536561292656841 0.11987914890050888 745
5.24441749198149765 0.41677356366354440 0.27507829340788092 0.26052868366241455 750
6.38462404842489040 1.61969435188659694 1.17231609216303467 0.24198020994663239 763
5.48036128987891402 1.07358486711529544 2.26959108588089142 0.17324222624301910 784
6.79705275742537474 1.28212890378531408 1.53873166639290204 0.22234660387039185 785
7.33814035483596872 1.26363617939303863 0.32025650500082870 0.25516074895858765 878
5.57541905694362949 0.92240358903002562 1.16082235970036729 0.38850107789039612 893
6.68018434092429914 2.08412026232119940 1.50489619428492416 0.40118139982223511 911
6.77052013049811663 0.91064980473649793 0.12643164517103578 0.14985193312168121 95
5.96665585386345931 2.32786681687460772 2.03859690685468919 0.52259981632232666 449
6.42575474168590155 0.33063059530585281 1.81132338357234790 0.83478039503097534 244
7.06166200566671343 2.31511596881499759 2.19239964135006504 0.35542544722557068 289
5.09398972076934964 2.42784453394336452 1.13304586754603420 0.35090383887290955 403
6.94671149445953073 2.38519788222807172 1.02693760018274660 0.22342155873775482 831
6.19935165617001971 0.27452471260944666 0.19772628889668467 0.70803588628768921 51
5.09898369943310925 2.48630996245047875 0.20029371455317033 0.38683369755744934 111
6.25408929570590555 2.47566364747101852 0.69989609112794415 0.53556305170059204 417
5.00841495963512440 2.17684052027577613 2.57132193098791184 0.58221274614334106 629
6.71496904195679623 1.50297696446017537 2.67076091845178532 0.64733761548995972 27
6.06823695209907488 1.99199808181952465 2.58374330196924529 0.12571422755718231 318
5.33092625081353688 1.80838655132925230 3.45932630429839305 0.13721382617950439 288
5.81426943259703322 0.02332551725465908 4.25865248156531440 0.16084726154804230 0
5.63519088735521834 1.39122651729047164 2.77464098284823768 0.44315361976623535 26
5.63334595251877346 1.77472611980059658 3.70854472202199714 0.14136847853660583 43
7.17939430913666587 0.28309262474755920 2.65177852189725316 0.29485118389129639 387
7.16144274842656170 0.94005197508070648 3.23089987012529223 0.11423834413290024 489
7.35440021651912001 0.82477123133439312 2.80273565009586356 0.29407227039337158 496
5.72067148612225296 2.23646771333584571 4.78289676748728709 0.25145134329795837 516
6.75922891899785938 0.38914977290618308 4.19929190994731982 0.37270545959472656 569
6.13786330768710986 1.76205796051555263 3.79865905033179851 0.37129011750221252 586
6.71730214862479436 1.08592554390506302 4.01972414190166383 0.34805729985237122 592
6.11864772904058185 0.26281111063203216 4.23691721648599007 0.20015239715576172 867
6.40665646968198388 0.92225862946851822 3.43736744186160958 0.33196249604225159 908
5.34565426754458350 0.87187827236691284 3.89378857499983111 0.82414484024047852 924
7.40578322359139829 1.00797108827158444 3.82606741456667798 0.25254109501838684 933
7.24962831201204061 2.32816079384646102 2.81200056029425305 0.18719609081745148 164
6.36791275535269374 2.07081284209120975 3.29336027224870653 0.26398867368698120 920
6.84262329860974550 2.44623415056537841 2.74020592676094710 0.20709121227264404 700
7.35522006007204343 2.18795393698615070 3.94943509449418917 0.92720067501068115 238
5.18488411185919595 0.32238396895053351 5.01057053210207748 0.43084239959716797 407
5.01593280252264950 1.49018515973630539 5.23170775985835323 0.66016167402267456 298
6.41087064458415412 1.34018674761246070 5.05246496712063564 0.75422132015228271 486
5.07191030361179962 0.42717013699844786 7.43994578672195317 0.33105793595314026 956
6.41705156091326678 1.22448446079181328 6.51098774194331931 0.48191004991531372 12
6.39977401398047707 0.37011910544072529 7.05822438273938157 0.35454186797142029 25
5.64655461632468647 0.59158412737101651 5.30988059025409864 0.18168912827968597 80
5.34937280669188553 0.46719961103569635 6.28603620125790741 0.84625464677810669 88
7.04610143364945607 1.86709061307041679 6.62124524384759994 0.40891382098197937 154
6.65491940828900752 1.47347192298222907 7.11097006768333451 0.16410972177982330 278
6.47107839636514193 2.39766752539690042 7.40120667502246743 0.37048381567001343 296
7.37420775934129846 1.60202870907402883 5.81434424936437910 0.50158101320266724 487
6.91112751247431589 0.63157501216250833 5.62673115299159132 0.25495126843452454 490
6.98708763917820264 0.71171725296226807 5.26395354713101948 0.12425883859395981 559
6.01109003631341476 0.04169877000563904 6.92978360467145915 0.17027446627616882 834
7.45256682024106443 0.76797916229850005 7.81040595810592109 0.19586651027202606 9
6.52335818858554450 1.37692274186359276 8.40937497930807787 0.19049642980098724 182
5.74639114580604460 1.94892482029931036 8.71133724180279323 0.23356114327907562 184
5.17933418033327264 2.40922274143248583 8.26553946965035635 0.16662988066673279 265
6.45633518264286632 2.05853410461794395 8.67752977793433722 0.48558953404426575 349
7.20542561368764911 1.83596718878026066 7.84727944410569034 0.65458065271377563 473
5.74154235010435432 1.40800478278298602 7.67903718882331976 0.87982851266860962 603
5.92822261950316598 2.36872613468947346 8.87213274948464026 0.15705525875091553 749
5.63536596979229554 2.28477661641763907 9.56950644146415108 0.46534833312034607 764
7.30767622863664901 0.93703999331163135 9.16608154190251945 0.94471967220306396 837
5.69246118860500960 1.18119367668529596 9.23178538628437551 0.69016486406326294 889
5.68632347507003466 2.27810511378676361 8.94515394929554120 0.10822945088148117 903
6.42701147167806131 1.73759673437730000 9.32257285359836985 0.23547996580600739 910
5.26793259018175686 3.97583699360111043 0.40140186708703007 0.11821848154067993 422
5.14797886919226144 3.53365899287947682 1.78346975396293650 0.93314623832702637 357
5.19232820582792964 3.85652634322603882 0.72159046178406505 0.14330534636974335 570
7.02153519431451656 3.45191523926041599 1.53161875242054024 0.95902824401855469 632
5.60656076655598845 4.36317965267471752 0.38500998525786312 0.37346661090850830 667
5.90950555379740550 3.49549267606473002 0.50706903242282475 0.55365508794784546 777
6.24101421539626156 4.41603158018556474 2.43440901216393835 0.40645810961723328 891
7.49389873642643778 4.97120795038321095 1.62791293494006517 0.62865120172500610 105
5.14397844034940732 4.56298367150873041 2.67172447282041059 0.42645725607872009 699
5.19165238884362878 3.42719784203292699 3.94914135077665973 0.26381352543830872 729
5.96679204249155859 4.81736035731706735 3.51717317594501822 0.78040361404418945 59
6.02102210828858464 3.11399724525541899 3.26357763328794093 0.83576297760009766 214
7.34151471995718019 3.25822727422026182 2.96784580432763301 0.52510452270507812 269
5.78792033062594413 2.94561813063313460 4.79731913765487672 0.45325684547424316 304
6.59723315155902057 3.63241300553974655 4.19781322778004817 0.37814405560493469 364
5.78708428237265160 3.87593224588850349 4.21363284360909240 0.40434855222702026 640
6.85950901409279190 4.23828610206655654 4.04893256946312174 0.24339836835861206 731
7.33644537763667515 4.24302504743020403 4.08168473820945010 0.16751024127006531 830
6.75938402566154917 4.23100647371137661 2.95945104305016704 0.35172986984252930 840
6.45986493803455009 4.47783055866450219 4.91040438535592560 0.73600482940673828 155
5.93261495755877277 2.55486052439908962 6.18153708135026303 0.97174644470214844 938
6.76254453059435789 3.19826009727662885 5.03730720206327653 0.58131766319274902 650
5.30666230925739768 3.93613899249176180 5.92643598207814382 0.10683002322912216 161
6.62177105986591208 3.78682254245947814 6.87894834124202248 0.60275322198867798 208
5.65525106204713790 3.74663867285199181 5.82703070524962019 0.30220040678977966 271
6.38464364700598885 2.87990843705872068 7.42626108171427557 0.12008216977119446 273
5.27574914239343506 4.70629187950307326 7.47443041244382478 0.16581875085830688 297
6.83163257956997683 3.63112020242826938 5.96268717344817389 0.29325607419013977 315
6.15669496755492496 3.49508456875042928 5.18360011626096462 0.10430702567100525 383
5.09284344060468275 4.16574962453568887 7.01773843635738892 0.23659835755825043 497
5.73069853804029972 3.85386904816206055 6.90053143059803986 0.18316854536533356 533
7.25803884348148287 4.89674979248286579 6.58457488938826430 0.55433815717697144 794
5.00152320224697711 4.32316147623700964 9.51969729393565700 0.35834670066833496 561
5.02424926002793537 2.66650857986256495 8.33445988590650089 0.10263644903898239 925
5.88909057643835343 3.23003502175624169 7.51563969865202353 0.49322855472564697 633
5.15989133920363230 3.87666416828829297 7.59403256899255830 0.41161513328552246 612
6.46236019204566148 4.15216432973478522 9.76993965523751307 0.57781547307968140 484
6.50097298936419943 3.72303543823002192 7.81547313452752590 0.33060851693153381 168
5.93534152886647437 3.15438028805273785 9.55861577946231300 0.45460519194602966 196
7.03514282116127720 3.68357550847341209 8.31162319571500774 0.39950063824653625 219
5.62950237072054982 3.76480678366556232 8.81138538021487250 0.32192012667655945 259
7.29863185974001549 4.27060621698437437 8.06762820084928656 0.13365367054939270 384
5.53659364806857646 4.69349800463941591 9.90017488663338519 0.21735544502735138 468
6.59118629642241505 4.57450761550670570 7.76831140025453770 0.20781370997428894 542
6.35735556379167033 2.78106088878625002 8.65517617818891516 0.11412309110164642 554
5.13907921199470330 3.80419796492832329 8.22688765500660502 0.22571526467800140 571
7.30734793828441731 2.93920210782928759 9.42180134402033254 0.94089519977569580 656
6.09263161262826802 3.63991934550332896 8.25569175888361251 0.27555245161056519 685
7.13899733716567741 4.43309130872455448 7.52777221924197892 0.40696641802787781 698
7.17444242308342872 4.44466241521259686 8.97271683371121398 0.52998757362365723 797
7.14686104595506144 2.87153091098062019 8.03067745123209775 0.29480156302452087 874
6.01435730984232997 5.06541412574700978 1.34155558427384913 0.88128858804702759 108
5.75705079525253272 6.17160746167787888 0.37020225336964768 0.59179496765136719 152
5.17490677935265175 5.84161684963205019 1.03645607860752742 0.19330987334251404 211
5.01960610593589873 6.70319883380668902 1.42022185578093230 0.31595075130462646 342
5.70805680674712335 6.53994940863363272 2.41271302064688875 0.15139943361282349 420
7.12225707450990253 5.60049235245077082 1.22845038398978246 0.14738784730434418 431
5.32681550291416883 5.38838660372384837 2.24550582348111361 0.15914158523082733 437
6.63241219747947852 6.47197991353582669 0.23206371793801761 0.22273433208465576 448
6.07500276876302081 5.85370629917124852 2.12181138946011894 0.22147625684738159 524
5.28574754549937076 5.07259307309809593 0.35094696921933366 0.34843862056732178 548
5.27189912114434023 5.90969430042977883 2.47666549197865882 0.31846374273300171 601
6.06845364599434145 6.67375576743352550 1.59834739532800718 0.74832218885421753 801
5.14591685309078795 5.46120209676720147 1.04065508235296655 0.11940021067857742 805
6.48538747251772651 7.35174297179226954 2.20047593520709883 0.23407647013664246 229
7.33684672025720452 5.32397034361189370 0.12188945858702462 0.92608773708343506 712
5.40992328425270230 7.49919883596004944 0.78911436772421628 0.58204483985900879 631
5.05876864385776681 5.26202467408422603 4.02233889934565347 0.28209617733955383 46
6.00181473334650839 7.11639415380358553 2.90899707678720842 0.60379654169082642 679
7.07026525903507430 5.96870398840200700 2.80045227518724182 0.96800541877746582 584
5.17705647148497938 5.79878741364270489 4.52811300029255737 0.46484005451202393 509
5.04616443928222136 5.37555773673961923 2.91145187194009392 0.22811590135097504 133
5.46120996644025691 5.18148460154946378 4.63065309267326253 0.16472592949867249 203
6.40502247117531986 6.83623876598282987 3.48803794055826399 0.15538185834884644 226
7.23048125401501363 6.86623296522908433 3.49488789231380537 0.17806103825569153 248
5.42557041976115073 5.70029607999227306 3.73344968856967618 0.27755278348922729 323
6.30965095529702236 5.12492595647282023 2.53718922271478142 0.14404064416885376 363
7.04672499351739301 7.38682802176984055 3.12443286125859254 0.48678666353225708 368
6.94124591263164703 7.34621022128846501 4.19169300312906401 0.47228956222534180 390
5.17269660733619840 6.55304370925461654 3.27968397003611267 0.15627601742744446 479
6.98835675737424911 6.46863033614121452 4.62609945693938851 0.10784427821636200 652
5.90003682528385465 5.51405627017847078 2.52843420208169656 0.27958258986473083 753
6.70883799511081058 5.38019245686816205 3.91295720135808534 0.22708265483379364 782
5.32375607572778975 6.95238345816240244 3.14009089928304208 0.13109624385833740 802
5.65955362199173440 7.43393036541161489 3.73978712848018269 0.34919035434722900 854
6.88534052993767531 5.96137671207954867 4.47814632402126289 0.36775910854339600 913
7.42646610681721864 6.12616592760527201 3.97010101250508063 0.26477655768394470 300
5.09105425636190390 5.02492179639430336 5.09645330176779154 0.43818089365959167 212
6.85932514551975459 5.00622582158162288 5.87465960431722944 0.24439159035682678 662
7.02358910123790903 5.44769168082427058 5.72086239217320180 0.11034370213747025 45
5.89910912713029134 6.80973506305697285 6.92726600401801118 0.15956248342990875 52
7.12554781496847323 5.89464864874306560 5.14646508377490175 0.34405168890953064 69
5.84168307204492443 5.46332269783244318 5.03095863610451577 0.43355789780616760 149
5.15376406246865848 6.50532805363991784 6.32722415718050968 0.59981477260589600 242
6.73103908741062629 6.51521084236056947 6.77208059061978762 0.71574801206588745 313
5.55199304053454856 6.00325185841700826 5.61972543842919503 0.11060753464698792 556
5.72437799519128721 5.01521503511514233 6.38452913724690596 0.99684453010559082 578
6.18764762129154633 6.15609018466463898 6.20726839132581709 0.14637421071529388 705
6.19513354603082167 6.76809351260706205 5.23319795276894340 0.93328326940536499 728
5.84852495745437295 7.08873620098485624 6.44109827643903188 0.31452929973602295 957
7.49148279994626343 7.17468287499696356 6.24679209120998102 0.17192211747169495 471
5.01473317206342362 7.12508913823220880 8.54088156770252560 0.21054729819297791 377
7.24345764784949875 7.46309445261380944 9.24815361125037505 0.93530189990997314 8
6.33645766289877610 6.61888088728722934 9.71672664126758967 0.38942679762840271 249
6.88959173640982847 6.56308687406030877 8.06786609374879404 0.59057927131652832 294
6.73941514075514814 5.41059489115116854 7.62422492736294721 0.65344971418380737 408
6.59127745675984489 7.47295304511873315 7.77500946306053820 0.41072627902030945 576
5.44721359464097343 6.27149516576426169 7.78833636180788691 0.90729171037673950 807
5.45544316978218102 6.88745805508703590 9.23867037600388663 0.64829093217849731 833
6.07387374163071936 5.19131516070203425 8.95268501803289674 0.80010378360748291 896
5.02416436286296264 9.89558220045028669 1.14479551014637537 0.77704536914825439 664
7.21240629056531812 8.40148931751603101 1.37144971445335750 0.20142455399036407 112
5.15665611831565496 9.72068234136296105 2.03413103059912936 0.13895776867866516 117
6.43260235127440438 8.94724704726040265 0.25226299911005901 0.12723492085933685 284
6.60020582896611963 8.90087268884617622 1.77441269371285237 0.49034932255744934 293
6.08505625205154743 9.12430323934084164 2.31899442338691397 0.15639333426952362 385
7.11932749772820550 7.76616481787223290 2.19103320252243972 0.52336299419403076 451
5.81411347738434170 9.16193207660013442 0.07746137381715354 0.31587481498718262 499
6.50151283673949543 7.83251583260042139 0.52734793090387111 0.58893316984176636 518
5.87785494389284313 7.97356545870890265 2.02884685245231600 0.63102048635482788 670
6.77885932812623881 9.07199153687323623 0.13197190630182190 0.16845475137233734 737
5.71604220913582317 8.66894326896377621 0.97561574725871580 0.64139032363891602 755
6.71422905606464049 8.09566499723366384 1.44372667735171056 0.38755384087562561 828
6.62390304039965727 9.37033104208148693 0.89269356988527193 0.50884103775024414 873
6.97945379615008843 8.77098909708825936 2.26789262636942812 0.11303893476724625 875
5.80585223458821087 9.27491436419841797 1.48659884574322110 0.15633805096149445 947
6.12961893509312539 9.24711271337929830 1.28384552028304011 0.13342010974884033 954
6.62501168365729054 8.44733793837799318 2.51507597417463069 0.37849542498588562 330
6.32642410382946618 9.43794191625115886 3.36771155282553858 0.96219033002853394 179
5.10489271896244645 9.88277022479451794 4.42823900427178163 0.14958056807518005 93
6.36744770863349974 8.04091890979509749 4.81874514768214102 0.41636395454406738 452
5.28702221596602850 9.57932300203239784 4.09603291876392284 0.31459304690361023 217
5.33874647856347817 7.92809112538893324 4.85595410516983605 0.10863663256168365 236
6.52954013571453462 8.95667038305592911 4.67373734433911192 0.12269313633441925 241
7.48811657316205626 9.26767392472729945 3.80019289893491230 0.26457771658897400 286
5.50018461942220505 8.42595683738557177 3.93034598958680181 0.43431988358497620 483
7.09532806942220162 7.97249964207934880 3.50610675206730038 0.21396182477474213 536
6.34288440179741819 8.57067683310114958 4.33436040539379697 0.24763679504394531 614
5.51999711314312869 8.70872613815984842 2.71668178455766673 0.25241395831108093 651
6.35387710785625170 7.83880782162178313 3.21799542837385344 0.25719675421714783 770
6.27120588187706129 7.95436633768337487 3.93065576915388970 0.46948957443237305 811
5.10656901671277108 7.92322900259896201 6.04064645979204862 0.84752660989761353 634
5.37586168577878709 9.91497793761459612 5.42243924699571167 0.17914773523807526 724
6.30854772825080889 9.77657014067111696 5.11106384373415956 0.81383496522903442 823
5.51382373685110316 9.56416462917703925 5.74104827252990635 0.22106719017028809 266
6.90968737385570275 7.96498718861292510 6.39954576538855680 0.79174959659576416 138
7.26564311628634751 8.24234994538663202 5.51067691226621204 0.20510667562484741 144
5.13925587522685312 9.10868125868268308 7.15665258540305871 0.78091907501220703 276
6.51123871916560137 9.43111159124008758 6.56859272425755858 0.69772565364837646 306
5.24014080093946788 8.97953534712157264 5.82721642273925866 0.13374376296997070 335
6.82116159159493041 9.89468213458599166 7.30945799978514810 0.22292730212211609 381
6.56733000764696406 8.32000435517437076 7.18649971205451266 0.10808472335338593 515
6.41408167181194599 7.91837584736001254 5.50589421940261392 0.23119254410266876 644
6.14129211969460798 8.75027480688059889 6.76314277918188544 0.10117919743061066 649
6.13448834202099125 8.13791816975819415 7.14559656983908997 0.29794323444366455 726
6.07766809272097230 8.53934883953199630 5.68514605291010611 0.35491991043090820 839
6.88900228104210743 8.71519092948006779 7.08606721523696859 0.22537639737129211 934
5.78391132359617277 7.51121579821738994 7.04694331844173139 0.42689648270606995 955
7.38954191791099468 9.03580388501384846 6.36010930153422738 0.27137413620948792 756
7.31672415399832232 9.76049495127214506 9.94502258244381387 0.46633994579315186 198
6.40809526972517496 8.70432299174661139 7.59649242162051230 0.47599619626998901 778
7.11165454082127546 7.73666620498228763 8.09673289369285953 0.25548908114433289 564
5.94401847639915104 9.96043853798433787 9.01306817885986256 0.15139421820640564 663
5.56657921029866110 8.21664773022033934 9.70981792352033324 0.71107208728790283 2
5.60934853985630699 8.94932795403650871 8.87309144045504361 0.16368827223777771 166
7.11797557847415874 8.66905161791524748 9.47669830032885407 0.29851782321929932 260
7.21589626314734911 9.73443227697101499 8.59319781261957338 0.37566152215003967 351
6.28561253263293906 9.07010423741124150 9.19087169069698540 0.51962924003601074 399
6.89385109124991846 9.69390565501242030 9.24597985385510945 0.35336515307426453 469
5.44691657596237278 8.98777991633906659 8.58527679140298439 0.16694670915603638 495
6.90792174917470714 8.61724110776995289 8.76392764330595320 0.36050426959991455 696
5.88866233040889320 9.50384391935848960 8.98375981788516498 0.10374458134174347 809
5.23776820550918298 8.63194172193130527 8.94081378895810452 0.21184231340885162 814
5.53405341234043302 7.95198640632391829 8.19758321294690617 0.82449203729629517 845
6.75808324056225729 9.05925584048418209 8.67154099328782735 0.11527288705110550 879
6.16491791319848392 9.84478722453065025 8.09554878233487329 0.79240882396697998 895
7.47114416775325019 9.25794168834204889 7.60099967398570620 0.72258085012435913 355
7.99748650521309656 0.85624231236477510 1.75618111717455894 0.78019136190414429 441
9.60764407665632092 2.34118363861380407 2.01465191649219122 0.19600279629230499 125
9.04287937068298575 2.09530889984788127 2.03941230677500229 0.42046019434928894 140
7.85941325400898982 2.26643517111709114 1.62678518686923002 0.47917765378952026 177
9.86122565052317945 0.87248207437658176 0.16549441537427750 0.45694017410278320 258
9.23668328622540358 0.69505976555858895 1.35568333024223664 0.31735822558403015 380
9.09122798435078039 1.09344152487807600 1.93641799725672814 0.35339552164077759 710
8.06111066397310161 0.73439031583648950 0.43700411488440355 0.53524971008300781 844
9.04167648853530892 0.48104256384212302 0.38992240789930405 0.47860974073410034 952
9.65884983170938760 1.48164470312094854 0.06175887990826734 0.11039785295724869 766
7.59721069972898455 1.83596729428380945 0.11411224480633995 0.39343672990798950 79
9.20103728251690711 0.08795873171514820 2.25274384659122839 0.42258656024932861 312
8.63470959887715139 0.00150451866498220 1.26539172882023676 0.15598440170288086 250
7.82708437804814050 1.48787493805749693 2.82859922870824398 0.47602406144142151 563
7.71531468650311947 0.08415750465573529 2.70315226165195011 0.27910444140434265 430
9.40268537985690678 2.27474647249068118 3.54982968634639739 0.77549344301223755 939
9.53553942892650142 1.12158653407404496 3.97339927989305020 0.42281395196914673 22
8.61923285902385139 0.82480371314348122 2.68369253548972697 0.31488585472106934 122
8.40449067065659783 0.13633414276104097 3.13261831109044886 0.53460747003555298 124
8.75746921377253429 1.58375661540611778 4.89530506764965345 0.86891371011734009 436
9.78611012853360052 0.96694870569046032 2.81416120850865825 0.77323436737060547 444
8.81055321571161087 1.72370096752012958 2.87442331121540295 0.27828326821327209 502
8.19554974691805072 1.96098066562800999 3.36164607921134895 0.11406373232603073 525
7.87531725411807404 0.96342076870845517 4.37522731885653116 0.32837051153182983 673
8.40271996757557282 1.38276021399327953 3.83896963614360942 0.17551349103450775 707
9.98920406877864941 0.26601859589784865 4.92531946326104286 0.93511104583740234 292
7.58320130152231364 0.59833361086998182 6.75836847977827304 0.86462891101837158 779
8.87623975845026791 2.36483290458375128 6.58115615197493309 0.12214686721563339 4
8.08367029347617283 2.10414262033449129 5.69631737207501931 0.30002909898757935 5
8.51674112623356194 0.19621432313876425 5.59966888207469982 0.67574161291122437 6
8.49375313847534308 1.07044808395928648 5.82838895978722693 0.22820860147476196 44
7.88610802003911626 2.48037593248164479 6.04298987692715173 0.24839064478874207 99
9.20858556709581855 0.26649683193036039 6.83948977407322722 0.50489038228988647 268
9.77063838325558720 1.37827712229974764 5.61853444972837046 0.39274960756301880 327
8.76788465478139400 0.95811048664636855 6.40730680084226023 0.42210957407951355 780
8.14085918821484356 2.07071241463932099 6.87597610908215184 0.71420401334762573 799
8.10512555598155515 1.08515713195450125 7.43991621380355816 0.11071448773145676 800
9.44684108943151024 1.79578597014443608 6.53312133549796759 0.66348302364349365 821
9.45239673775805223 2.25486240128915227 5.62172321681219334 0.10257034748792648 923
7.50026931389995166 0.16930594317908701 5.55883909190052616 0.33283847570419312 460
8.12727303649191768 0.12027273829465818 7.52751281899258373 0.19184602797031403 588
8.04624554283043913 0.49397261363289208 7.66794125561833706 0.15923547744750977 398
9.12174083670318403 2.03232540857594124 7.57639017542571924 0.31173375248908997 658
7.94697217097804653 0.65297478692217437 8.24927122557306802 0.17982365190982819 329
8.31532203498261424 0.67422260159740088 8.66925680193003068 0.20899087190628052 32
7.85694520101595995 1.99507087068574229 8.31481774547455288 0.16296677291393280 65
9.18489438144957759 0.27884904286162288 7.89500847451032861 0.12529718875885010 116
8.79842392060823464 0.46021478411868977 7.64880546785677051 0.23928400874137878 213
8.65967872003069594 0.28022681238537317 7.94783429990815637 0.11783520132303238 223
9.44728540305703390 0.82339482517768858 7.62436035565380887 0.48664116859436035 280
7.89474453925596098 1.86799540768753869 9.51545997738653426 0.21000643074512482 303
8.39413990368483454 0.76624729859383944 9.36538304711087832 0.17299878597259521 322
9.95094478488928580 0.42373137297845692 7.69830240144263822 0.15316292643547058 514
8.48565794565243792 1.42043940736006169 8.10125658134400695 0.71515017747879028 567
8.18794911166533623 2.45698882898644033 7.79152871492174093 0.14669354259967804 617
9.33734458485745122 0.31184625324067833 8.90651704204323380 0.89816731214523315 727
8.83155310657573089 1.00645136546106073 9.64490876444500422 0.10992313921451569 865
8.90535293002768746 1.97104993066348610 9.76460788870343066 0.83594971895217896 871
9.04227123704899149 2.48611145088391305 8.74711148578217568 0.29610717296600342 687
7.82676023002303989 2.86550259665584628 0.98624393160529011 0.14367273449897766 227
9.76853287923257163 3.16318558485323109 1.67404332637782427 0.70820218324661255 1
8.61826020380658520 4.11924186589231223 1.80850008072096347 0.79354661703109741 201
9.29724948368934001 3.72306806428594861 0.68529828799415327 0.51409995555877686 233
9.76483033672127831 2.86973787488984478 0.75195979460132778 0.25627544522285461 302
8.22825660556963889 3.43321304054027721 2.47132840779688934 0.23702596127986908 319
8.61876696517881946 2.85718084543245032 1.61705822712666913 0.48295179009437561 657
9.77061313429819478 3.14658016124543938 0.22176199864934779 0.34187570214271545 771
8.10504140270695395 3.98423740204665044 0.46040765346445506 0.65492522716522217 783
9.24772434085765482 3.17923679707743023 2.34799168097716437 0.12730619311332703 880
8.40315534675366393 2.85150999060902066 0.54302423492994156 0.43957617878913879 882
9.78971663038137230 4.94089321533531312 1.94598664109417063 0.64392465353012085 513
9.94513360588589279 4.89121569097742892 2.78355279889870655 0.20938619971275330 439
9.66299500182027948 3.86846965649399399 3.11432443034008033 0.89704346656799316 540
7.96027749248618832 3.14379175029315805 3.65531587610570519 0.24161554872989655 18
8.33199880486962918 4.62849123290443565 4.47964286782739762 0.19837404787540436 143
7.58697948492563690 3.66122048207906658 3.76831729097445045 0.40409463644027710 165
8.27012541800640122 2.54300030170995628 2.67908980574666833 0.67806774377822876 309
8.90707444180182506 4.09183824751915992 4.28447634751533624 0.43000847101211548 316
8.61727933210897135 3.18946810320002427 4.07672512891952188 0.54025626182556152 346
8.11632028565239594 3.38021560943087218 3.20683058605409421 0.28884148597717285 370
7.84517747711005065 3.72284772510365158 2.58963312347322949 0.25757879018783569 523
8.63454117646393193 4.94962620643048545 4.66957238228102689 0.21958163380622864 773
8.17463984492860263 4.34562245202345476 3.18947191657164275 0.66773217916488647 804
7.57351549070156516 4.79706714766676168 2.65695505067377669 0.25353166460990906 884
9.25947048166902675 3.83250945247116270 4.87298428959640706 0.30319467186927795 868
8.62624971431275078 3.53855833319627733 4.79882469677491308 0.18585005402565002 711
7.80572839893763337 3.94024726645592249 4.83025406054034079 0.71546626091003418 367
7.65407244827058530 2.79592303868274694 6.39383261167704386 0.27744308114051819 820
9.45162905195756764 4.25886289733072587 6.76881690868600661 0.63912206888198853 181
8.85821556646545005 3.13449807110414902 5.82707639886917939 0.94303184747695923 11
7.81914259902895203 2.94483132617097398 6.83645042205661824 0.21786729991436005 190
9.93217375362313781 4.73237857595127664 5.68869903490816586 0.10166397690773010 195
8.88478901876573346 4.72735997052996026 5.56754709265343539 0.67105323076248169 494
8.04902044018939655 4.29183079973189319 6.22649574046382437 0.47890678048133850 503
7.53299790091245747 3.27642379929258709 6.01707553697526620 0.34504058957099915 544
8.59536820901391252 3.91557358072999939 5.14668943476178953 0.11262313276529312 557
7.63386918005638915 2.61215809414541367 5.27942353272333698 0.49633842706680298 572
7.62065327247330870 3.80130801622210157 6.67487362775135917 0.14533847570419312 798
9.54407757983707583 2.91832113533508242 7.31019219351679617 0.70523142814636230 808
9.85629138598855192 4.96802122763572918 5.43576011241561918 0.23408560454845428 885
8.00453709951569792 4.65279243759767880 6.91086197374495370 0.29609590768814087 787
8.18358855157780596 3.68782460270301016 7.55248807893725438 0.87646806240081787 189
8.79914649785502512 4.48551944161022043 7.63767712177130331 0.10038805752992630 57
9.35251279904308497 2.77329474766150419 8.44505805886693395 0.21844811737537384 113
8.33990997495952335 2.63370484029449647 8.41520858553360362 0.49462330341339111 207
9.37324587001977072 3.77997683836559117 7.88511649798354242 0.34461230039596558 317
9.83933127033899879 3.00312604192029076 8.62785768865198754 0.14732979238033295 331
8.69523895586359963 2.54357709281499567 7.55923727905729503 0.15522536635398865 332
9.65390649008893931 4.31286044578582217 7.67678957281171215 0.29267525672912598 400
7.55500398020921260 3.97101636392652235 9.90286961683894873 0.10799809545278549 404
7.60670193376520754 3.97165256846732495 8.49838459004240043 0.26724368333816528 433
8.32958692133549938 2.53976934433378609 9.10830057177582830 0.20050817728042603 434
9.62358084130302416 2.67144269849355531 9.00864367470553518 0.16937740147113800 435
9.10582250092292256 3.69217438440515755 9.18897334204602068 0.98927944898605347 521
8.10876528655105311 4.60947174565606499 8.57749282131433333 0.49558967351913452 547
8.82199187120684414 4.57768077551856045 8.29149476711980249 0.27278813719749451 579
8.39111287518133864 4.65561919368477550 9.77855268344185724 0.24085269868373871 692
9.59569471955214404 4.86304638113676457 8.31483611826800129 0.55183440446853638 768
9.13190484417941484 4.92556057621654819 9.43771382567691575 0.16125446557998657 786
9.07254589516458765 5.11135290679125553 0.55577670253076306 0.83354693651199341 397
9.73541476400811057 6.61408008358726196 0.88845053293681553 0.84223824739456177 193
8.05416420312438675 6.51308747895381845 2.32766490151623895 0.14282962679862976 48
7.69182014808028125 6.95102177282918277 1.05877561704499468 0.98468643426895142 67
8.61366270813113211 5.75152906782888973 1.95922321684878686 0.77581983804702759 102
8.83140587446922964 7.01164974492615745 2.42238248102028253 0.48696312308311462 529
9.38993288358751066 7.16534341798601204 2.00864534895423308 0.20580664277076721 876
8.62130219892763172 6.78236032592810201 1.78230733000444941 0.17664550244808197 918
9.97983165821201545 6.23204270815445316 2.40314882039147681 0.73890149593353271 817
8.84299150771775899 7.47702793628272389 1.66261050374296615 0.40408378839492798 709
7.86713814111548881 7.15810250387309033 2.51186672538501732 0.49245917797088623 334
8.61253435311079230 5.07601829069320498 3.65436124836846776 0.30250063538551331 163
9.57975410930790439 5.11706259929737151 4.33427909291810298 0.79720914363861084 97
8.08073893197336979 6.34098242026398662 2.54804394927629341 0.13804987072944641 237
9.75155544365410520 6.38157967172855933 4.27444080050945718 0.40790936350822449 40
9.31240815013175727 5.28591154176852474 3.00718301456102877 0.56703710556030273 853
8.29084442870766303 6.98605855294260270 3.88757128988667899 0.95726120471954346 604
8.52828977506084307 5.64599470569727746 3.56458761743400077 0.16077190637588501 132
9.29979634308001479 6.44749734455875512 3.53570627897885847 0.23704807460308075 150
7.68507326753883468 5.20175232541362398 4.16662958525302773 0.71504062414169312 341
8.92082322041107112 5.79458349191889077 3.90000878865704115 0.17425534129142761 426
8.69355944451137752 7.42529777258819657 2.96975346108695115 0.12160523980855942 697
7.88891821023284212 6.07904247334042314 4.91101204628832555 0.45341822504997253 915
7.55086313761831196 6.88910041738116163 5.06647168926923719 0.43800920248031616 156
7.70389456520197591 5.24461100061834262 5.55742289940210821 0.61819577217102051 192
7.62372743952203091 6.43024636883441758 6.12405309848209889 0.39062044024467468 209
8.03641531666501763 6.93295483171343463 6.71926495517143874 0.40972760319709778 36
8.94466995020903788 6.15467849401259670 5.04965332848100523 0.61408066749572754 62
7.74008523727386333 5.86197667684204582 6.85005761428703241 0.34801062941551208 70
9.58293513521278761 6.76257994941774498 5.46318201247065627 0.12316597998142242 77
9.73241945299392519 5.14962310918399346 7.33730578734499961 0.37785649299621582 87
9.51377732479863880 6.36499316469186294 5.81453693140595274 0.36221966147422791 134
9.83861623516750683 5.44604370894140821 6.25975141275378544 0.70932334661483765 174
8.60986312513373875 6.90624158567941837 6.32883921447744680 0.10099418461322784 215
8.62869498550308123 6.13590541218979002 6.29445878831143713 0.67033874988555908 423
9.61405126386216580 6.60885880535892234 5.18015335479039152 0.14534552395343781 478
8.21072138395521556 6.58928237161846564 7.38402462543807747 0.35011950135231018 591
7.53217387876296129 5.37871948946684775 7.17718604308539554 0.25722375512123108 602
9.86942332350389684 6.65921549909140875 5.74911467156344180 0.10396797955036163 637
9.69004729366204742 7.38113953740085371 6.73008678536455829 0.46023690700531006 825
9.46624902494840370 7.31714893643019604 5.38165065005390186 0.24752862751483917 930
9.49263003017118301 7.38829741456906319 5.83419750717920493 0.21132603287696838 722
9.78566572114572431 6.33245580642644601 7.41584395788484319 0.74844211339950562 504
7.72770208240585177 7.48557396374853834 7.52970930135466165 0.61862629652023315 21
8.53974784610543303 5.37792422879355936 7.58660228172105811 0.83035498857498169 285
8.56032701415182729 5.07992790263938154 9.62682040419105256 0.22773323953151703 19
8.61649545298352315 6.40655591417179515 9.59372204829095843 0.83131176233291626 859
9.82954539018565754 5.54631114916194701 9.31489262540666552 0.68171739578247070 84
8.73528489364708349 7.15513531339411202 8.11233108659808799 0.45545843243598938 92
9.69401563974173186 5.50830429031644098 8.01664616371981076 0.12164631485939026 139
9.72099537280729997 7.08282999982337902 8.59415620194537055 0.64409083127975464 519
9.32460747542472035 5.89871513386283652 8.43117580625192709 0.39534598588943481 719
7.91843788536542981 7.32709904907569864 8.29858005608023674 0.18924541771411896 795
9.57276747774471026 6.84596315980483627 9.36394357332927640 0.17484138906002045 842
7.53011811770795703 5.66810647986520610 8.61013933984581392 0.63633728027343750 863
8.35343257159653163 5.44842285832745432 9.38510037096278005 0.12321723252534866 921
8.39322432137856289 7.17511627720841627 9.04045071935871647 0.14164465665817261 935
7.53107163000982016 9.92095911521390406 0.92853014807526602 0.55296415090560913 481
8.00217067693449202 7.68292179825941002 2.00388591257345139 0.25031504034996033 220
8.25530550252173256 7.78327711079421736 0.34698744675840754 0.21121302247047424 717
9.46669227326642826 8.78799646352973696 1.97944306709560558 0.46851655840873718 50
8.05677476622250488 9.81196018445101714 1.56684669849775404 0.27210491895675659 89
9.45035815164941440 9.69274391889216957 1.21296203948180303 0.71737045049667358 261
8.82783423499091313 9.95269303597966903 0.65643519248553051 0.14714013040065765 272
7.63791586636078979 8.64371756977944372 0.46937377068830693 0.80850052833557129 458
9.89659189061319111 8.63056467199256794 1.40010151855776277 0.24328812956809998 482
7.52893725680146009 9.23829692737563235 1.75886851524746946 0.49790102243423462 543
8.54675458467428406 9.33480739516340741 2.04952997783898905 0.56499612331390381 582
9.19314922348557673 8.18730459929190069 0.71502798953300062 0.83083158731460571 595
8.63714583910161693 8.17036758412916875 2.47199414480941249 0.67700487375259399 630
9.00654538119989567 9.02407074444312940 1.47823041975455438 0.12741693854331970 661
8.78055475467014546 9.44080549058721985 0.05299828902232138 0.64557689428329468 905
7.79702253469034101 8.30603437645012121 1.69649826119873359 0.47414490580558777 937
8.03318780382779707 9.74581887080426412 0.36686708770613952 0.22050862014293671 953
9.14148054805217214 9.41880512148884819 2.36186719719444893 0.11198920011520386 609
7.80443361729431917 9.07076972475743304 2.93575618533929683 0.62081718444824219 365
8.83547156516106291 9.74992598022808465 2.61125633575821725 0.19079318642616272 121
7.60961280682171459 7.67766308549288379 3.29345673414208751 0.15302352607250214 575
9.56454267743619013 7.83008115052579612 4.11726059271899025 0.58787256479263306 625
8.60173104050923776 9.59491585547763570 3.49608738569564315 0.12641486525535583 14
8.23645704662701306 8.10155753416746371 3.44892473053996973 0.14918042719364166 153
9.84579303069201650 8.96271305122466089 4.81503414989062684 0.11004971712827682 157
8.86815834178397822 7.69782727737797412 3.17686382009654977 0.20248496532440186 172
8.35471006799535054 8.41857168618591878 3.61816514353273355 0.22913698852062225 245
8.60280107281964312 8.89245485957924053 3.01973818268961081 0.10223285853862762 287
8.70170341781610190 8.66840816216672749 4.51735738095049655 0.67994487285614014 446
8.14756284885037552 8.74404414873480462 3.83416321961562723 0.19605512917041779 491
8.91884356205800088 8.05988381742547944 3.48630566813137266 0.14645630121231079 545
8.78885393496179823 8.39941862146005747 3.75502671979987168 0.13313484191894531 566
7.52706502261481969 8.14846682421679702 3.09913130074321863 0.16083605587482452 607
9.64579127790912594 9.29966324907675101 3.31566853080804291 0.97348821163177490 695
7.92331284288662996 9.42710453415241822 6.44157413014133162 0.39545518159866333 253
9.24524530835333991 8.89001673792575708 5.63557105869923269 0.57210600376129150 58
9.53263616217587995 7.88804834890168838 5.42102164927961638 0.11852329224348068 78
7.55142850523036646 7.85417664625418244 5.05144534176066351 0.11873491108417511 216
8.50429220501735905 8.28313893601696982 6.73540605842585194 0.29797109961509705 230
8.42543946865527360 7.67020858454778587 5.70976042020497587 0.89946383237838745 395
9.43934651202144970 8.28854399282363552 6.86747453782879891 0.32151216268539429 456
8.79388950934093039 9.95214648226861343 6.51018672188075609 0.10617997497320175 539
9.16128851342272910 9.85675309620010331 6.02210246076371725 0.14511834084987640 553
7.66827978222803175 9.08582321550013461 5.39231233874835514 0.73700457811355591 740
8.34863864585714310 8.97032610006448294 6.90301891380662092 0.38074058294296265 860
9.26315226910285183 9.14106570124182660 6.49597475216456743 0.32313805818557739 888
9.89210715425950760 8.90231886264280625 7.71568958621820133 0.10211501270532608 33
9.52655809201670145 9.33649181636961956 9.98771366034467611 0.11050800234079361 574
7.69758220428795159 8.39201097579872801 8.34212157750880046 0.43947413563728333 54
8.13451124412827475 9.28280231676213852 8.87165597622539792 0.68516927957534790 274
8.80554905594145687 7.85451459385756134 9.22663533252640455 0.67437022924423218 218
9.27352012994172092 8.41802128148127160 9.68009146677753307 0.17383506894111633 301
8.83599493253636226 9.51364864570711433 7.65683205634072639 0.66713887453079224 669
8.01967377939680226 8.44179435265086120 9.42062010676067096 0.32569357752799988 757
8.73971419130358207 8.76338159511401926 9.42382798527926191 0.25576132535934448 914
9.11538558074093608 8.40459919967832647 8.14631368987445370 0.57690376043319702 926
