6003 -3.52 0 875.604
0.0325500 0.9730488 28.2684042 28.2684042 90.4833308
0.0357000 0.9696426 30.9461730 30.9461730 90.6262061
0.0399000 0.9657620 34.5030502 34.5030502 90.7962817
0.0451500 0.9607842 38.9281026 38.9281026 91.0216011
0.0504000 0.9549829 43.3289930 43.3289930 91.2264555
0.0567000 0.9492387 48.5794716 48.5794716 91.4747671
0.0640500 0.9431507 54.6677054 54.6677054 91.7391100
0.0714000 0.9377811 60.7173076 60.7173076 91.9993645
0.0798000 0.9310087 67.5853088 67.5853088 92.2784003
0.0892500 0.9243760 75.2587839 75.2587839 92.5847955
0.1008000 0.9150545 84.5516248 84.5516248 92.9095547
0.1123500 0.9074023 93.7634888 93.7634888 93.2317039
0.1260000 0.8973630 104.5442036 104.5442036 93.5467290
0.1417500 0.8861466 116.8375115 116.8375115 93.9281129
0.1585500 0.8774529 129.7974831 129.7974831 94.3202785
0.1785000 0.8659141 145.0237932 145.0237932 94.6519730
0.2005500 0.8530289 161.6079635 161.6079635 95.0148115
0.2247000 0.8377999 179.4727234 179.4727234 95.2977272
0.2520000 0.8226871 199.3128554 199.3128554 95.6485086
0.2824500 0.8073251 221.0228733 221.0228733 96.0010231
0.3171000 0.7940136 245.3013360 245.3013360 96.3522034
0.3549000 0.7775416 271.2874354 271.2874354 96.6381183
0.3990000 0.7585571 300.9609004 300.9609004 96.9260791
0.4473000 0.7429326 332.6619868 332.6619868 97.2043546
0.5019000 0.7288220 367.8306524 367.8306524 97.5156436
0.5628000 0.7090491 406.1397166 406.1397166 97.7225472
0.6310500 0.6904702 447.8997618 447.8997618 97.9696085
0.7087500 0.6723200 494.2999861 494.2999861 98.2813294
0.7948500 0.6530480 544.2158057 544.2158057 98.4850526
0.8914500 0.6394860 598.8517162 598.8517162 98.6758737
1.0006500 0.6210924 659.0493363 659.0493363 98.8872516
1.1227651 0.6019443 724.4701076 724.4701076 98.9903496
1.2594751 0.5801771 795.1206199 795.1206199 99.1376465
1.4127226 0.5609745 871.6239244 871.6239244 99.1493974
1.5858151 0.5452691 955.4545995 955.4545995 99.2348716
1.7787526 0.5312567 1046.2163596 1046.2163596 99.3861877
1.9959451 0.5142682 1145.6872680 1145.6872680 99.5600031
2.2393220 0.4934900 1253.0153363 1253.0153363 99.7202785
2.5125215 0.4784173 1369.3365021 1369.3365021 99.7352103
2.8192921 0.4693256 1497.2163113 1497.2163113 99.8601005
3.1631068 0.4524375 1635.7610186 1635.7610186 99.9013551
3.5483644 0.4356213 1786.1296911 1786.1296911 99.9334009
3.9810846 0.4257771 1949.2849563 1949.2849563 100.0145796
4.4672872 0.4116656 2126.9631642 2126.9631642 100.0670766
5.0118948 0.3959162 2318.9398624 2318.9398624 100.0220885
5.6245099 0.3789212 2525.8775858 2525.8775858 100.1904888
6.3098094 0.3703560 2751.5959657 2751.5959657 100.2361987
7.0803644 0.3600168 2999.0800980 2999.0800980 100.3133858
7.9440561 0.3516864 3267.9204664 3267.9204664 100.2805781
8.9125633 0.3397305 3558.6925150 3558.6925150 100.3283451
10.0014481 0.3265175 3877.3563684 3877.3563684 100.4963227
11.2210876 0.3154831 4221.1758556 4221.1758556 100.4032426
12.5894367 0.3049120 4591.6294376 4591.6294376 100.5106713
14.1269504 0.2917062 4998.7244657 4998.7244657 100.5600167
15.8491767 0.2949825 5435.2681107 5435.2681107 100.4733941
17.7840324 0.2854136 5916.3389284 5916.3389284 100.4994536
19.9529062 0.2711300 6438.8471221 6438.8471221 100.5057432
22.3872322 0.2643306 7009.8767587 7009.8767587 100.4922659
25.1199938 0.2549943 7635.7851235 7635.7851235 100.6415768
28.1840786 0.2526259 8312.3730005 8312.3730005 100.6236864
31.6237393 0.2429900 9049.8548635 9049.8548635 100.6131830
35.4826072 0.2459766 9873.1343453 9873.1343453 100.6126130
39.8132470 0.2375988 10771.8062552 10771.8062552 100.6443303
44.6694872 0.2350104 11763.2960412 11763.2960412 100.6813788
50.1205675 0.2221068 12832.9968743 12832.9968743 100.5823018
56.2377471 0.2182304 14004.3290497 14004.3290497 100.6592296
63.0967693 0.2135334 15296.4164539 15296.4164539 100.6098099
70.7954662 0.2061892 16718.7958333 16718.7958333 100.5278657
79.4340106 0.1956663 18281.8416951 18281.8416951 100.4746271
89.1259377 0.2029416 19932.3926832 19932.3926832 100.3878312
100.0026275 0.2084000 21856.6047033 21856.6047033 100.3994022
112.2074471 0.1869464 23928.7380842 23928.7380842 100.3877603
125.8964104 0.1873902 26182.4368184 26182.4368184 100.4713696
141.2559945 0.1751084 28634.5745331 28634.5745331 100.2870842
158.4947918 0.1718742 31275.7798756 31275.7798756 100.1377918
177.8326602 0.1703354 34136.2352019 34136.2352019 100.0778649
199.5344894 0.1630612 37306.2207731 37306.2207731 99.9099467
223.8731455 0.1562881 40728.3187999 40728.3187999 99.8494186
251.1895596 0.1479924 44435.4296399 44435.4296399 99.7981577
281.8404883 0.1493258 48437.4150480 48437.4150480 99.5867674
316.2378815 0.1366193 52870.3128913 52870.3128913 99.4795580
354.8252370 0.1390987 57778.1236875 57778.1236875 99.2319193
398.1250863 0.1376216 62999.1279754 62999.1279754 98.9911148
446.6934609 0.1351535 68743.2728217 68743.2728217 98.6630638
501.1903976 0.1341584 75162.5686950 75162.5686950 98.3532634
562.3470481 0.1184474 81983.1370157 81983.1370157 98.2744945
630.9576992 0.1179975 89350.2900145 89350.2900145 97.9469652
707.9626349 0.1176438 97345.2021967 97345.2021967 97.5868681
794.3311114 0.1118318 105985.0616202 105985.0616202 97.0644487
891.2901875 0.1053397 115262.4730590 115262.4730590 96.7207351
1000.0152949 0.1039359 125222.8395452 125222.8395452 96.5631182
1122.0453570 0.1068672 136343.5971527 136343.5971527 96.1990237
1258.9519017 0.0961966 147989.4476384 147989.4476384 95.7354560
1412.6025846 0.0938477 160226.8917669 160226.8917669 95.4024627
1584.9192513 0.0989598 173970.3869664 173970.3869664 95.0051331
1778.3297629 0.0899114 189398.1615775 189398.1615775 94.8479220
1995.3396487 0.0888031 206274.6597343 206274.6597343 94.6404550
2238.7495208 0.0782648 224221.7905823 224221.7905823 94.1696380
2511.9332487 0.0846667 243479.5403833 243479.5403833 93.6066845
2818.4067961 0.0784644 263782.0256685 263782.0256685 92.7548064
3162.3160538 0.0636173 283438.7930940 283438.7930940 91.8544304
3548.2246552 0.0575104 303796.4232954 303796.4232954 90.8657783
3981.0824729 0.0556276 326321.8977767 326321.8977767 90.1915232
4466.8445267 0.0407153 348791.6226072 348791.6226072 89.6707785
5011.9508737 0.0421917 371287.6941952 371287.6941952 88.8744329
5623.4686414 0.0300683 392227.5846750 392227.5846750 88.3458443
6309.6060499 0.0377285 414288.8280205 414288.8280205 87.6209838
7079.5178905 0.0294490 435964.4928435 435964.4928435 86.7000487
7943.3360745 0.0394309 459747.3495195 459747.3495195 85.8730018
8912.5538779 0.0331994 485409.7193333 485409.7193333 85.0948761
10000.0576380 0.0315015 515365.3832145 515365.3832145 84.0270463
11220.2837932 0.0299593 541738.5755920 541738.5755920 83.0175139
12589.2832138 0.0235997 574283.1323298 574283.1323298 82.1189321
14125.4898594 0.0224238 613563.0433331 613563.0433331 81.3253582
15849.0266991 0.0263688 659907.1440242 659907.1440242 80.9691480
17782.8284773 0.0261200 711223.8009051 711223.8009051 80.0215008
19952.6405589 0.0238517 757627.8950637 757627.8950637 79.1724778
22387.3110130 0.0140598 799115.9747559 799115.6055776 78.5850968
25118.9399788 0.0249494 844766.0626151 844764.6959760 78.0476135
28183.8378200 0.0242053 894510.6901387 894508.4346554 77.7071542
31622.8492882 0.0055933 936046.8595350 936022.8998737 77.1228404
35481.3448326 -0.0002661 963848.0182181 963300.9210866 76.5675650
39810.8123001 0.0055340 992208.8279254 990971.9232546 76.0753291
44668.4408210 0.0051242 1023384.2747848 1020977.0403230 75.6832048
50118.8218320 0.0087845 1051146.3289780 1045847.4318714 74.9842445
56234.1823694 0.0115146 1088566.8507194 1081847.1001709 74.4000409
63095.8439737 0.0056390 1113013.4704295 1100955.4174304 74.1054654
70794.7386130 0.0236168 1175272.9957031 1162591.4281532 74.2172071
79432.9897122 0.0036307 1245707.8806603 1232320.5481219 74.0323644
89125.2011949 0.0007255 1308143.9508248 1292988.5607156 74.1152615
100000.1496297 0.0125905 1376988.2699126 1359963.6114340 73.7300298
112201.9339986 -0.0100892 1435052.8188155 1408671.6831892 73.7925701
125892.6936390 0.0065638 1463426.8779811 1413899.8584970 74.0231200
