1003 0
0 876.94 0 0
0 0.994832 8.74461 8.74461
0 0.989611 17.4435 17.4435
0 0.984607 26.0973 26.0973
0 0.974693 43.2758 43.2758
0 0.9654 60.2852 60.2852
0 0.951842 85.4988 85.4988
0 0.910088 167.079 167.079
0 0.874955 245.28 245.28
0 0.816107 393.33 393.33
0 0.769627 532.265 532.265
1 0.716619 727.447 727.447
2 0.605821 1301.31 1301.31
3 0.541789 1802.69 1802.69
5 0.47073 2683.14 2683.14
7 0.429965 3469.48 3469.48
10 0.38895 4542.35 4542.35
15 0.349815 6155.9 6155.9
20 0.324941 7629.17 7629.17
30 0.293392 10330.5 10330.5
50 0.260726 15165.9 15165.9
70 0.240539 19549.4 19549.4
100 0.221816 25639.1 25639.1
150 0.202035 34934.9 34934.9
200 0.190695 43554.4 43554.4
300 0.174605 59540.4 59540.4
500 0.155171 88261.1 88261.1
700 0.141834 114249 114249
1000 0.130739 149848 149848
1500 0.115219 203119 203119
2000 0.109304 252466 252466
3000 0.0997847 342741 342741
5000 0.0909007 509608 509608
7000 0.0864948 664347 664347
10000 0.07745 882700 882700
15000 0.0751762 1.21518e+06 1.21518e+06
20000 0.0679098 1.52585e+06 1.52585e+06
30000 0.0634566 2.11135e+06 2.11135e+06
40000 0.0610843 2.66431e+06 2.66431e+06
50000 0.0607852 3.19301e+06 3.19301e+06
60000 0.0630969 3.72699e+06 3.72699e+06
70000 0.0600981 4.25956e+06 4.25956e+06
80000 0.0611558 4.79082e+06 4.79082e+06
90000 0.0596682 5.31978e+06 5.31978e+06
100000 0.0595598 5.84208e+06 5.84208e+06
150000 0.057304 8.40629e+06 8.40629e+06
200000 0.0603945 1.09745e+07 1.09745e+07
300000 0.0583417 1.61036e+07 1.61036e+07
400000 0.0583791 2.12779e+07 2.12779e+07
500000 0.0551915 2.63526e+07 2.63526e+07
600000 0.0559363 3.14487e+07 3.14487e+07
700000 0.0589752 3.6504e+07 3.6504e+07
800000 0.0563628 4.14771e+07 4.14771e+07
900000 0.0537466 4.63208e+07 4.63208e+07
1000000 0.0515038 5.09665e+07 5.09665e+07
