1004 0
0 879.855 0 0
0 0.994786 8.77293 8.77293
0 0.989873 17.5022 17.5022
0 0.984965 26.1877 26.1877
0 0.975109 43.4276 43.4276
0 0.965443 60.4961 60.4961
0 0.951487 85.7861 85.7861
0 0.910671 167.626 167.626
0 0.875755 246.167 246.167
0 0.818987 395.03 395.03
0 0.772705 534.904 534.904
1 0.719538 731.381 731.381
2 0.609657 1311 1311
3 0.548084 1818.01 1818.01
5 0.476376 2713.46 2713.46
7 0.435162 3513.38 3513.38
10 0.395073 4605.77 4605.77
15 0.354788 6250.25 6250.25
20 0.329649 7752.48 7752.48
30 0.29965 10511.7 10511.7
50 0.264026 15443.1 15443.1
70 0.246667 19934.9 19934.9
100 0.227424 26176 26176
150 0.211232 35801.2 35801.2
200 0.199298 44788.8 44788.8
300 0.18035 61419.8 61419.8
500 0.162336 91280.2 91280.2
700 0.148562 118663 118663
1000 0.140869 156806 156806
1500 0.133555 216513 216513
2000 0.123814 272952 272952
3000 0.112062 376617 376617
5000 0.0996604 559431 559431
7000 0.096902 733516 733516
10000 0.0895173 979195 979195
15000 0.0868776 1.36083e+06 1.36083e+06
20000 0.0781456 1.72713e+06 1.72713e+06
30000 0.072087 2.38115e+06 2.38115e+06
40000 0.0658676 2.98644e+06 2.98644e+06
50000 0.0702871 3.59381e+06 3.59381e+06
60000 0.067949 4.21038e+06 4.21038e+06
70000 0.0675047 4.81878e+06 4.81878e+06
80000 0.0691033 5.42179e+06 5.42179e+06
90000 0.0679995 6.01539e+06 6.01539e+06
100000 0.0646728 6.60049e+06 6.60049e+06
150000 0.0635701 9.45795e+06 9.45795e+06
200000 0.0599659 1.22596e+07 1.22596e+07
300000 0.0574296 1.77182e+07 1.77182e+07
400000 0.0543569 2.24624e+07 2.24624e+07
500000 0.0542541 2.72129e+07 2.72129e+07
600000 0.0508713 3.16892e+07 3.16892e+07
700000 0.052977 3.62474e+07 3.62474e+07
800000 0.0559967 4.08847e+07 4.08847e+07
900000 0.0532339 4.57695e+07 4.57695e+07
1000000 0.0544465 5.05477e+07 5.05477e+07
