1005 0
0 874.905 0 0
0 0.994682 8.7232 8.7232
0 0.98942 17.4004 17.4004
0 0.984566 26.0332 26.0332
0 0.974547 43.1684 43.1684
0 0.964834 60.1318 60.1318
0 0.950429 85.2547 85.2547
0 0.907274 166.477 166.477
0 0.871335 244.214 244.214
0 0.811786 391.216 391.216
0 0.76466 529.014 529.014
1 0.710864 722.285 722.285
2 0.598104 1289.14 1289.14
3 0.535931 1782.38 1782.38
5 0.463429 2649.93 2649.93
7 0.422609 3422.33 3422.33
10 0.381225 4473.44 4473.44
15 0.342566 6047.85 6047.85
20 0.316651 7483.49 7483.49
30 0.284671 10104.3 10104.3
50 0.251742 14755.4 14755.4
70 0.230609 18936.8 18936.8
100 0.212764 24716.6 24716.6
150 0.191995 33537 33537
200 0.181773 41719.7 41719.7
300 0.166679 56995.1 56995.1
500 0.15083 84759.4 84759.4
700 0.137257 109946 109946
1000 0.126149 144680 144680
1500 0.114332 197534 197534
2000 0.108299 245951 245951
3000 0.0938362 334221 334221
5000 0.0829083 488692 488692
7000 0.0762451 629736 629736
10000 0.0657836 819012 819012
15000 0.060624 1.10048e+06 1.10048e+06
20000 0.058514 1.35093e+06 1.35093e+06
30000 0.0534199 1.83561e+06 1.83561e+06
40000 0.0502162 2.30116e+06 2.30116e+06
50000 0.0485698 2.73841e+06 2.73841e+06
60000 0.0490832 3.16079e+06 3.16079e+06
70000 0.0479962 3.56507e+06 3.56507e+06
80000 0.0453661 3.96594e+06 3.96594e+06
90000 0.0461989 4.3713e+06 4.3713e+06
100000 0.0465125 4.77939e+06 4.77939e+06
150000 0.0474854 6.79622e+06 6.79622e+06
200000 0.047615 8.9027e+06 8.9027e+06
300000 0.0419482 1.29938e+07 1.29938e+07
400000 0.0398569 1.65182e+07 1.65182e+07
500000 0.0398044 1.99904e+07 1.99904e+07
600000 0.036288 2.33737e+07 2.33737e+07
700000 0.0383653 2.66659e+07 2.66659e+07
800000 0.0360996 3.00605e+07 3.00605e+07
900000 0.0372964 3.3184e+07 3.3184e+07
1000000 0.0323242 3.61581e+07 3.61581e+07
