1013 0
0 877.301 0 0
0 0.994754 8.74707 8.74707
0 0.989603 17.4492 17.4492
0 0.984537 26.1068 26.1068
0 0.974748 43.2891 43.2891
0 0.964869 60.3008 60.3008
0 0.95093 85.5059 85.5059
0 0.908838 167.02 167.02
0 0.872336 245.101 245.101
0 0.812838 392.676 392.676
0 0.76504 530.9 530.9
1 0.710738 724.797 724.797
2 0.598441 1294.02 1294.02
3 0.534631 1788.67 1788.67
5 0.462598 2656.58 2656.58
7 0.421551 3430.06 3430.06
10 0.38142 4481.26 4481.26
15 0.34298 6059.93 6059.93
20 0.31593 7499.75 7499.75
30 0.28368 10118.4 10118.4
50 0.250016 14770.3 14770.3
70 0.23083 18964.3 18964.3
100 0.21108 24772.7 24772.7
150 0.193103 33660.5 33660.5
200 0.182175 41838.2 41838.2
300 0.164934 56958.6 56958.6
500 0.145983 83791 83791
700 0.13478 108033 108033
1000 0.120794 141399 141399
1500 0.106256 191328 191328
2000 0.100975 236147 236147
3000 0.0919839 318579 318579
5000 0.0774443 465987 465987
7000 0.0738872 600959 600959
10000 0.0678308 786347 786347
15000 0.0685589 1.0852e+06 1.0852e+06
20000 0.0617046 1.37624e+06 1.37624e+06
30000 0.0612669 1.90859e+06 1.90859e+06
40000 0.0594815 2.4386e+06 2.4386e+06
50000 0.0556607 2.95547e+06 2.95547e+06
60000 0.0584375 3.46478e+06 3.46478e+06
70000 0.0572233 3.97292e+06 3.97292e+06
80000 0.0569698 4.46939e+06 4.46939e+06
90000 0.0552222 4.96958e+06 4.96958e+06
100000 0.0531701 5.44922e+06 5.44922e+06
150000 0.0486268 7.59904e+06 7.59904e+06
200000 0.045525 9.67873e+06 9.67873e+06
300000 0.0460124 1.36961e+07 1.36961e+07
400000 0.0463599 1.78197e+07 1.78197e+07
500000 0.0309341 2.1345e+07 2.1345e+07
600000 0.0292607 2.388e+07 2.388e+07
700000 0.02739 2.64847e+07 2.64847e+07
800000 0.031166 2.91165e+07 2.91165e+07
900000 0.0299134 3.18627e+07 3.18627e+07
1000000 0.0330166 3.46089e+07 3.46089e+07
