1004 0
0 879.855 0 0
0 0.994786 8.77293 8.77293
0 0.989873 17.5022 17.5022
0 0.984965 26.1877 26.1877
0 0.975109 43.4276 43.4276
0 0.965443 60.4961 60.4961
0 0.951487 85.7861 85.7861
0 0.910671 167.626 167.626
0 0.875755 246.167 246.167
0 0.818986 395.03 395.03
0 0.772705 534.904 534.904
1 0.719517 731.385 731.385
2 0.609716 1310.98 1310.98
3 0.548072 1818.03 1818.03
5 0.476094 2713.23 2713.23
7 0.434845 3512.57 3512.57
10 0.395003 4604 4604
15 0.354779 6248.65 6248.65
20 0.329567 7749.76 7749.76
30 0.299628 10507.9 10507.9
50 0.264501 15437.8 15437.8
70 0.24716 19933.7 19933.7
100 0.226772 26176.7 26176.7
150 0.211009 35802.9 35802.9
200 0.19901 44792.4 44792.4
300 0.181137 61440.5 61440.5
500 0.162327 91264.3 91264.3
700 0.149395 118579 118579
1000 0.138844 156557 156557
1500 0.130514 216191 216191
2000 0.12406 272051 272051
3000 0.112917 375493 375493
5000 0.098389 558569 558569
7000 0.0934253 728319 728319
10000 0.0862726 964432 964432
15000 0.0792398 1.33036e+06 1.33036e+06
20000 0.0780454 1.68376e+06 1.68376e+06
30000 0.0744248 2.34523e+06 2.34523e+06
40000 0.0675377 2.98995e+06 2.98995e+06
50000 0.0641629 3.56787e+06 3.56787e+06
60000 0.0595593 4.10133e+06 4.10133e+06
70000 0.0592966 4.62495e+06 4.62495e+06
80000 0.0590431 5.14564e+06 5.14564e+06
90000 0.0598474 5.66623e+06 5.66623e+06
100000 0.0605779 6.18818e+06 6.18818e+06
150000 0.0601178 8.75429e+06 8.75429e+06
200000 0.0590162 1.13017e+07 1.13017e+07
300000 0.0573899 1.63705e+07 1.63705e+07
400000 0.0580381 2.14472e+07 2.14472e+07
500000 0.0583002 2.65322e+07 2.65322e+07
600000 0.0587522 3.16231e+07 3.16231e+07
700000 0.0591867 3.66733e+07 3.66733e+07
800000 0.049128 4.15597e+07 4.15597e+07
900000 0.0547202 4.6105e+07 4.6105e+07
1000000 0.0571618 5.0743e+07 5.0743e+07
