1007 0
0 875.179 0 0
0 0.99463 8.72556 8.72556
0 0.989419 17.4052 17.4052
0 0.984372 26.04 26.04
0 0.974503 43.1781 43.1781
0 0.964798 60.1465 60.1465
0 0.950982 85.2874 85.2874
0 0.909361 166.631 166.631
0 0.873391 244.558 244.558
0 0.814726 392.041 392.041
0 0.768278 530.375 530.375
1 0.71393 724.555 724.555
2 0.603713 1295.01 1295.01
3 0.540302 1792.66 1792.66
5 0.465712 2665.77 2665.77
7 0.423842 3441.67 3441.67
10 0.381084 4493.51 4493.51
15 0.341441 6067.1 6067.1
20 0.317243 7502.66 7502.66
30 0.285899 10126.3 10126.3
50 0.253412 14799.1 14799.1
70 0.233754 19037.1 19037.1
100 0.216433 24894.1 24894.1
150 0.196466 33860 33860
200 0.185637 42229.5 42229.5
300 0.170324 57718.3 57718.3
500 0.150336 85530.2 85530.2
700 0.140663 110767 110767
1000 0.128251 145648 145648
1500 0.118223 199798 199798
2000 0.111361 250202 250202
3000 0.0983464 341641 341641
5000 0.0876563 506055 506055
7000 0.0807157 654340 654340
10000 0.074008 856049 856049
15000 0.0663493 1.16164e+06 1.16164e+06
20000 0.064323 1.44924e+06 1.44924e+06
30000 0.0615685 2.00039e+06 2.00039e+06
40000 0.0569679 2.51367e+06 2.51367e+06
50000 0.0568702 3.00318e+06 3.00318e+06
60000 0.0544937 3.49007e+06 3.49007e+06
70000 0.0523471 3.96435e+06 3.96435e+06
80000 0.0528183 4.4305e+06 4.4305e+06
90000 0.0522974 4.89383e+06 4.89383e+06
100000 0.0524544 5.34357e+06 5.34357e+06
150000 0.0553923 7.64569e+06 7.64569e+06
200000 0.0539229 9.93931e+06 9.93931e+06
300000 0.0514115 1.45288e+07 1.45288e+07
400000 0.0523134 1.90674e+07 1.90674e+07
500000 0.0484535 2.34311e+07 2.34311e+07
600000 0.0382991 2.72202e+07 2.72202e+07
700000 0.0351681 3.04309e+07 3.04309e+07
800000 0.0382844 3.36727e+07 3.36727e+07
900000 0.0372606 3.69044e+07 3.69044e+07
1000000 0.0381777 4.02477e+07 4.02477e+07
