1012 0
0 874.599 0 0
0 0.99477 8.72073 8.72073
0 0.989429 17.3954 17.3954
0 0.984433 26.0252 26.0252
0 0.974444 43.1521 43.1521
0 0.964844 60.1078 60.1078
0 0.950807 85.232 85.232
0 0.908415 166.49 166.49
0 0.872161 244.306 244.306
0 0.812985 391.479 391.479
0 0.766099 529.384 529.384
1 0.710734 722.747 722.747
2 0.598651 1289.97 1289.97
3 0.535395 1783.45 1783.45
5 0.462241 2648.71 2648.71
7 0.421635 3418.9 3418.9
10 0.38186 4467.4 4467.4
15 0.342792 6044.36 6044.36
20 0.318212 7483.65 7483.65
30 0.286857 10112.3 10112.3
50 0.252868 14794.5 14794.5
70 0.233541 19031.2 19031.2
100 0.217017 24902.1 24902.1
150 0.196878 33888.8 33888.8
200 0.18631 42219.6 42219.6
300 0.168866 57632.8 57632.8
500 0.151804 85303.6 85303.6
700 0.138703 110471 110471
1000 0.127947 145059 145059
1500 0.110133 196680 196680
2000 0.0995784 242449 242449
3000 0.0848839 322087 322087
5000 0.071374 455706 455706
7000 0.0694803 581371 581371
10000 0.0659819 761346 761346
15000 0.0607823 1.04175e+06 1.04175e+06
20000 0.056438 1.29641e+06 1.29641e+06
30000 0.0552602 1.77896e+06 1.77896e+06
40000 0.055608 2.26028e+06 2.26028e+06
50000 0.0566521 2.75443e+06 2.75443e+06
60000 0.0560621 3.24128e+06 3.24128e+06
70000 0.053808 3.72171e+06 3.72171e+06
80000 0.0505303 4.18011e+06 4.18011e+06
90000 0.0536531 4.63185e+06 4.63185e+06
100000 0.0522851 5.08437e+06 5.08437e+06
150000 0.0500146 7.32006e+06 7.32006e+06
200000 0.0528053 9.54374e+06 9.54374e+06
300000 0.0507013 1.39706e+07 1.39706e+07
400000 0.0521308 1.86625e+07 1.86625e+07
500000 0.0531393 2.33566e+07 2.33566e+07
600000 0.0537574 2.80391e+07 2.80391e+07
700000 0.0525515 3.27067e+07 3.27067e+07
800000 0.0523331 3.73037e+07 3.73037e+07
900000 0.0514882 4.17841e+07 4.17841e+07
