7013 -3.6 0 881.712
0.0325500 0.9693735 28.3049530 28.3049530 91.3833547
0.0357000 0.9661702 30.9915178 30.9915178 91.4973526
0.0399000 0.9621977 34.5594066 34.5594066 91.6344714
0.0451500 0.9567320 38.9991487 38.9991487 91.8029315
0.0504000 0.9521070 43.4136724 43.4136724 91.9740118
0.0567000 0.9466531 48.6848521 48.6848521 92.1556012
0.0640500 0.9402282 54.7958996 54.7958996 92.3546696
0.0714000 0.9351189 60.8700776 60.8700776 92.5859651
0.0798000 0.9280452 67.7652715 67.7652715 92.8045894
0.0892500 0.9218704 75.4710503 75.4710503 93.0554597
0.1008000 0.9128179 84.8066224 84.8066224 93.3526651
0.1123500 0.9050883 94.0587607 94.0587607 93.6215458
0.1260000 0.8960839 104.8971029 104.8971029 93.9013096
0.1417500 0.8868130 117.2704041 117.2704041 94.2101518
0.1585500 0.8742875 130.3075563 130.3075563 94.4667447
0.1785000 0.8631759 145.5865855 145.5865855 94.7754373
0.2005500 0.8506943 162.2328628 162.2328628 95.0703054
0.2247000 0.8369612 180.1800828 180.1800828 95.3329473
0.2520000 0.8234343 200.1526897 200.1526897 95.6031744
0.2824500 0.8080676 222.0520780 222.0520780 95.8486629
0.3171000 0.7933510 246.5103091 246.5103091 96.0914628
0.3549000 0.7778961 272.6876951 272.6876951 96.3552815
0.3990000 0.7625274 302.6271579 302.6271579 96.6396801
0.4473000 0.7453766 334.7409043 334.7409043 96.8414641
0.5019000 0.7295886 370.2608059 370.2608059 97.0483677
0.5628000 0.7123124 408.9576779 408.9576779 97.2742095
0.6310500 0.6914981 451.1658123 451.1658123 97.4784689
0.7087500 0.6752888 498.0158019 498.0158019 97.6117772
0.7948500 0.6556905 548.5107760 548.5107760 97.7158856
0.8914500 0.6382118 603.5698772 603.5698772 97.8562960
1.0006500 0.6159203 663.9554848 663.9554848 97.8929425
1.1227651 0.5969920 729.3097194 729.3097194 98.0467277
1.2594751 0.5833686 800.3158023 800.3158023 98.2436785
1.4127226 0.5639792 877.6954208 877.6954208 98.2612428
1.5858151 0.5449570 962.2477914 962.2477914 98.3636443
1.7787526 0.5295176 1053.7000809 1053.7000809 98.4102677
1.9959451 0.5113809 1153.3698442 1153.3698442 98.5712348
2.2393220 0.5000206 1261.7434006 1261.7434006 98.5992760
2.5125215 0.4901367 1381.2064483 1381.2064483 98.6676309
2.8192921 0.4712371 1510.7510193 1510.7510193 98.7493520
3.1631068 0.4523344 1650.7539822 1650.7539822 98.8064749
3.5483644 0.4416149 1801.9298453 1801.9298453 98.8786235
3.9810846 0.4217816 1966.8467043 1966.8467043 98.9068721
4.4672872 0.4102758 2144.2251922 2144.2251922 98.9405070
5.0118948 0.3920145 2335.9979811 2335.9979811 98.9829156
5.6245099 0.3830142 2545.7855387 2545.7855387 98.9286992
6.3098094 0.3698854 2774.5136293 2774.5136293 98.9899787
7.0803644 0.3598964 3022.1591409 3022.1591409 99.0562147
7.9440561 0.3505080 3291.9888310 3291.9888310 99.1074341
8.9125633 0.3376689 3585.8781479 3585.8781479 99.0591153
10.0014481 0.3230934 3901.6580007 3901.6580007 99.0970773
11.2210876 0.3165741 4244.2031621 4244.2031621 99.1881505
12.5894367 0.3122436 4620.5522339 4620.5522339 99.1177248
14.1269504 0.2983771 5035.8989644 5035.8989644 99.2037712
15.8491767 0.2879075 5482.7096127 5482.7096127 99.1412516
17.7840324 0.2790326 5972.1189439 5972.1189439 99.1711477
19.9529062 0.2653576 6499.3580659 6499.3580659 99.1008434
22.3872322 0.2684976 7077.2175044 7077.2175044 99.1311875
25.1199938 0.2625144 7718.1874604 7718.1874604 99.1144230
28.1840786 0.2591466 8419.4854400 8419.4854400 99.1340600
31.6237393 0.2546740 9197.5477696 9197.5477696 99.1466665
35.4826072 0.2504969 10042.6940045 10042.6940045 99.0458598
39.8132470 0.2341521 10947.2402795 10947.2402795 99.0751666
44.6694872 0.2253636 11931.9146142 11931.9146142 99.0272828
50.1205675 0.2286003 13030.1259377 13030.1259377 98.9715686
56.2377471 0.2160500 14227.2811091 14227.2811091 99.0372110
63.0967693 0.2139480 15522.4824607 15522.4824607 98.9023027
70.7954662 0.2045495 16928.6847203 16928.6847203 98.9323816
79.4340106 0.2031072 18472.0469819 18472.0469819 98.7788885
89.1259377 0.1916640 20151.2052794 20151.2052794 98.7916494
100.0026275 0.1901422 21984.9849284 21984.9849284 98.8145172
112.2074471 0.1866383 23948.2046650 23948.2046650 98.7098275
125.8964104 0.1736606 26128.6792383 26128.6792383 98.6242437
141.2559945 0.1731629 28532.7048265 28532.7048265 98.3909790
158.4947918 0.1729565 31143.6078488 31143.6078488 98.3634142
177.8326602 0.1648650 34036.5642059 34036.5642059 98.3402268
199.5344894 0.1620975 37153.5168728 37153.5168728 98.0746301
223.8731455 0.1551877 40567.6316568 40567.6316568 97.9664456
251.1895596 0.1528111 44356.4404622 44356.4404622 97.8269057
281.8404883 0.1385779 48359.7258968 48359.7258968 97.5098317
316.2378815 0.1371270 52616.2334980 52616.2334980 97.3072386
354.8252370 0.1381814 57272.9660226 57272.9660226 97.0689404
398.1250863 0.1326750 62460.7246796 62460.7246796 96.9506637
446.6934609 0.1245139 67934.5061944 67934.5061944 96.6363657
501.1903976 0.1208611 73907.6756520 73907.6756520 96.4971560
562.3470481 0.1198335 80424.9745420 80424.9745420 96.2063903
630.9576992 0.1088566 87269.1689545 87269.1689545 95.9815594
707.9626349 0.1017388 94393.2644406 94393.2644406 95.6409690
794.3311114 0.0986254 102326.8348175 102326.8348175 95.2147342
891.2901875 0.0894396 110424.5319683 110424.5319683 94.6960607
1000.0152949 0.0861560 118634.5983096 118634.5983096 94.1661822
1122.0453570 0.0715438 127301.1664386 127301.1664386 93.6059585
1258.9519017 0.0697205 136164.5944546 136164.5944546 92.9544548
1412.6025846 0.0650524 145938.5321393 145938.5321393 92.5413463
1584.9192513 0.0643337 155755.1382082 155755.1382082 91.8847357
1778.3297629 0.0666540 166361.6359002 166361.6359002 91.4657344
1995.3396487 0.0570819 177992.5068599 177992.5068599 91.0747419
2238.7495208 0.0569251 190433.7575533 190433.7575533 90.3614987
2511.9332487 0.0503180 203669.6222344 203669.6222344 89.7619103
2818.4067961 0.0427459 217509.0720371 217509.0720371 89.2133798
3162.3160538 0.0444527 231288.6545583 231288.6545583 88.0407541
3548.2246552 0.0425712 246281.0517869 246281.0517869 87.2617409
3981.0824729 0.0514275 263084.9525938 263084.9525938 86.7083839
4466.8445267 0.0378580 281004.6520470 281004.6520470 86.0750635
5011.9508737 0.0304629 299914.8175793 299914.8175793 85.6182709
5623.4686414 0.0446080 322264.9229837 322264.9229837 84.8850130
6309.6060499 0.0323336 346263.1155492 346263.1155492 84.1032848
7079.5178905 0.0315274 370714.0293837 370714.0293837 82.8791545
7943.3360745 0.0243234 394114.2442145 394114.2442145 81.8048847
8912.5538779 0.0233065 411690.9774114 411690.9774114 80.6450479
10000.0576380 0.0130956 428041.5142673 428041.5142673 79.8115248
11220.2837932 0.0279494 449137.2448436 449137.2448436 78.5417308
12589.2832138 0.0160564 473643.2147683 473643.2147683 77.9144791
14125.4898594 0.0243658 503004.0037220 503004.0037220 77.3754926
15849.0266991 0.0229372 538191.4908955 538191.4908955 76.7959138
17782.8284773 0.0242229 571241.9280323 571241.9280323 76.3276448
19952.6405589 0.0209096 612206.4014035 612206.4014035 75.6716075
22387.3110130 0.0191300 649804.4711262 649804.4711262 75.3806225
25118.9399788 0.0163086 688910.6103963 688908.7916502 75.0850984
28183.8378200 0.0130013 743368.2456936 743366.4269475 74.9129031
31622.8492882 0.0158711 789766.6496641 789762.8357960 74.6571321
35481.3448326 0.0142957 841462.2837433 841454.2686963 74.3443464
39810.8123001 0.0089234 889377.9805969 889320.6708851 74.0416169
44668.4408210 0.0102436 948605.5795396 948516.5120092 73.7453650
50118.8218320 0.0036749 981567.7748025 979743.2416581 73.1606561
56234.1823694 -0.0038431 986999.1685877 967580.1109355 72.8503242
63095.8439737 -0.0031547 993917.3515349 957605.3882996 72.7918881
70794.7386130 0.0030879 998794.1368869 935746.4394384 72.7406405
79432.9897122 0.0065883 1029100.8398332 956373.3189358 72.8561088
89125.2011949 0.0067889 1075228.5707038 999290.4492136 72.7148946
100000.1496297 0.0106815 1137805.1201163 1059308.2090319 72.2944919
112201.9339986 0.0124134 1201761.2025027 1118803.2247574 72.1906144
