1004 0
1 0.716238 735.561 735.561
2 0.6064 1311.28 1311.28
3 0.541989 1814.15 1814.15
5 0.46804 2695.45 2695.45
7 0.425443 3477.93 3477.93
10 0.384226 4540.88 4540.88
15 0.344048 6135.05 6135.05
20 0.317744 7586.38 7586.38
30 0.288004 10236.1 10236.1
50 0.253489 14977.5 14977.5
70 0.235631 19278.1 19278.1
100 0.218643 25241 25241
150 0.198417 34349.6 34349.6
200 0.187709 42844.1 42844.1
300 0.170511 58460.2 58460.2
500 0.150351 86414.9 86414.9
700 0.138709 111826 111826
1000 0.126924 146724 146724
1500 0.111335 199042 199042
2000 0.102201 246315 246315
3000 0.0916977 332420 332420
5000 0.0788294 484797 484797
7000 0.0736394 620430 620430
10000 0.060695 801704 801704
15000 0.0583816 1.06465e+06 1.06465e+06
20000 0.0578867 1.32934e+06 1.32934e+06
30000 0.0548247 1.81177e+06 1.81177e+06
40000 0.0521466 2.27948e+06 2.27948e+06
50000 0.0500549 2.74425e+06 2.74425e+06
60000 0.0511723 3.21054e+06 3.21054e+06
70000 0.0513629 3.66081e+06 3.66081e+06
80000 0.05181 4.10764e+06 4.10764e+06
90000 0.0521909 4.56006e+06 4.56006e+06
100000 0.0536338 5.03072e+06 5.03072e+06
