1007 0
1 0.713335 726.595 726.595
2 0.601486 1293.54 1293.54
3 0.537818 1787.47 1787.47
5 0.463497 2651.44 2651.44
7 0.420731 3418.35 3418.35
10 0.380298 4458.92 4458.92
15 0.339528 6020.11 6020.11
20 0.314133 7440.83 7440.83
30 0.283083 10035.7 10035.7
50 0.248216 14650.8 14650.8
70 0.228637 18798.6 18798.6
100 0.210344 24555.6 24555.6
150 0.192821 33374 33374
200 0.179441 41474.1 41474.1
300 0.163945 56373 56373
500 0.142837 83004.2 83004.2
700 0.130149 106959 106959
1000 0.11807 139658 139658
1500 0.108091 189265 189265
2000 0.104024 235542 235542
3000 0.0923057 320230 320230
5000 0.0808636 470021 470021
7000 0.076086 604176 604176
10000 0.0719557 795368 795368
15000 0.0615297 1.08571e+06 1.08571e+06
20000 0.0593655 1.35072e+06 1.35072e+06
30000 0.0576423 1.86473e+06 1.86473e+06
40000 0.0566177 2.3782e+06 2.3782e+06
50000 0.057407 2.88261e+06 2.88261e+06
60000 0.0569257 3.38439e+06 3.38439e+06
70000 0.057384 3.88355e+06 3.88355e+06
80000 0.0584422 4.38648e+06 4.38648e+06
90000 0.0558476 4.88863e+06 4.88863e+06
100000 0.0562371 5.39235e+06 5.39235e+06
