1010 0
1 0.709702 725.112 725.112
2 0.597573 1289.62 1289.62
3 0.532979 1780.61 1780.61
5 0.459334 2639.3 2639.3
7 0.417256 3402.44 3402.44
10 0.378341 4437.2 4437.2
15 0.336154 5984.42 5984.42
20 0.312036 7396.75 7396.75
30 0.280704 9971.53 9971.53
50 0.24913 14562.1 14562.1
70 0.231278 18724.1 18724.1
100 0.214208 24494.4 24494.4
150 0.196452 33352.6 33352.6
200 0.18169 41574.1 41574.1
300 0.16596 56722.5 56722.5
500 0.14921 84055.9 84055.9
700 0.136985 108933 108933
1000 0.124671 143615 143615
1500 0.114564 195867 195867
2000 0.107409 244026 244026
3000 0.0986689 334637 334637
5000 0.0877884 496223 496223
7000 0.0811973 642115 642115
10000 0.0792075 849079 849079
15000 0.0752985 1.18427e+06 1.18427e+06
20000 0.0729575 1.50361e+06 1.50361e+06
30000 0.0731476 2.13863e+06 2.13863e+06
40000 0.0691213 2.74242e+06 2.74242e+06
50000 0.0622142 3.32266e+06 3.32266e+06
60000 0.0626353 3.87343e+06 3.87343e+06
70000 0.0610312 4.41297e+06 4.41297e+06
80000 0.0553905 4.91289e+06 4.91289e+06
90000 0.0512916 5.37046e+06 5.37046e+06
100000 0.0496838 5.8133e+06 5.8133e+06
