1012 0
1 0.715741 728.013 728.013
2 0.60525 1297.35 1297.35
3 0.541822 1794.73 1794.73
5 0.469005 2667.84 2667.84
7 0.42522 3443.71 3443.71
10 0.38603 4500.25 4500.25
15 0.345691 6087.31 6087.31
20 0.319644 7535.6 7535.6
30 0.288673 10174.1 10174.1
50 0.255549 14872.3 14872.3
70 0.23501 19123.2 19123.2
100 0.214565 24990.8 24990.8
150 0.197638 33923.8 33923.8
200 0.184748 42236.2 42236.2
300 0.168571 57598.1 57598.1
500 0.149876 85303.4 85303.4
700 0.141567 110653 110653
1000 0.130257 146050 146050
1500 0.11815 200111 200111
2000 0.112465 250219 250219
3000 0.105871 344835 344835
5000 0.0956754 521738 521738
7000 0.0946933 690949 690949
10000 0.0929938 934284 934284
15000 0.0814214 1.32084e+06 1.32084e+06
20000 0.0802676 1.67457e+06 1.67457e+06
30000 0.0784469 2.3558e+06 2.3558e+06
40000 0.0772666 3.02059e+06 3.02059e+06
50000 0.0747476 3.6843e+06 3.6843e+06
60000 0.0770319 4.3553e+06 4.3553e+06
70000 0.076995 5.02616e+06 5.02616e+06
80000 0.0775594 5.70136e+06 5.70136e+06
90000 0.0777249 6.37559e+06 6.37559e+06
100000 0.0765452 7.04664e+06 7.04664e+06
