1014 0
1 0.716375 731.252 731.252
2 0.606322 1303.37 1303.37
3 0.542828 1802.97 1802.97
5 0.470799 2682.78 2682.78
7 0.428292 3465.26 3465.26
10 0.389988 4534.12 4534.12
15 0.350018 6144.03 6144.03
20 0.325581 7617.3 7617.3
30 0.293603 10314.7 10314.7
50 0.259827 15135.1 15135.1
70 0.240345 19500.4 19500.4
100 0.220415 25524.6 25524.6
150 0.203085 34746.9 34746.9
200 0.19086 43337.7 43337.7
300 0.17576 59292.7 59292.7
500 0.158059 88241.4 88241.4
700 0.145755 114559 114559
1000 0.133253 151082 151082
1500 0.122178 207191 207191
2000 0.112353 258801 258801
3000 0.102653 352829 352829
5000 0.0902198 523264 523264
7000 0.0906247 681869 681869
10000 0.0794989 897015 897015
15000 0.0766673 1.22706e+06 1.22706e+06
20000 0.0669476 1.53855e+06 1.53855e+06
30000 0.0653085 2.14132e+06 2.14132e+06
40000 0.0646981 2.71307e+06 2.71307e+06
50000 0.066488 3.27614e+06 3.27614e+06
60000 0.0619327 3.81846e+06 3.81846e+06
70000 0.0606248 4.34914e+06 4.34914e+06
80000 0.0601134 4.87594e+06 4.87594e+06
90000 0.059754 5.40476e+06 5.40476e+06
100000 0.0585178 5.93037e+06 5.93037e+06
