1015 0
1 0.710708 724.075 724.075
2 0.600332 1288.27 1288.27
3 0.536781 1780.44 1780.44
5 0.463512 2642.32 2642.32
7 0.421534 3409.54 3409.54
10 0.3806 4452.12 4452.12
15 0.340829 6012.27 6012.27
20 0.316017 7433.13 7433.13
30 0.285577 10034.7 10034.7
50 0.252647 14676.5 14676.5
70 0.231718 18879.1 18879.1
100 0.215108 24710.1 24710.1
150 0.19736 33660.2 33660.2
200 0.186101 41973 41973
300 0.171213 57379.2 57379.2
500 0.152038 85250.9 85250.9
700 0.140434 110657 110657
1000 0.127809 145792 145792
1500 0.11532 198343 198343
2000 0.104067 245984 245984
3000 0.0949592 332334 332334
5000 0.0779833 481489 481489
7000 0.0712279 612859 612859
10000 0.060693 784278 784278
15000 0.0575267 1.04443e+06 1.04443e+06
20000 0.0630462 1.30554e+06 1.30554e+06
30000 0.0594196 1.82783e+06 1.82783e+06
40000 0.0585177 2.34087e+06 2.34087e+06
50000 0.0571047 2.83988e+06 2.83988e+06
60000 0.0573061 3.32929e+06 3.32929e+06
70000 0.0563551 3.8189e+06 3.8189e+06
80000 0.0584391 4.3118e+06 4.3118e+06
90000 0.0596927 4.81962e+06 4.81962e+06
100000 0.0590134 5.3346e+06 5.3346e+06
