1017 0
1 0.712211 723.803 723.803
2 0.599889 1287.77 1287.77
3 0.535674 1778.25 1778.25
5 0.462755 2639.3 2639.3
7 0.420027 3403.38 3403.38
10 0.380375 4441.24 4441.24
15 0.339212 5995.53 5995.53
20 0.313098 7408.64 7408.64
30 0.281796 9977.8 9977.8
50 0.247356 14541.3 14541.3
70 0.22845 18659.2 18659.2
100 0.211081 24353.3 24353.3
150 0.191894 33063.8 33063.8
200 0.179386 41135.4 41135.4
300 0.164423 55977.6 55977.6
500 0.148558 83048.5 83048.5
700 0.137047 107815 107815
1000 0.125058 141897 141897
1500 0.113768 193461 193461
2000 0.107312 240738 240738
3000 0.0958205 327081 327081
5000 0.0868097 485107 485107
7000 0.0799331 628787 628787
10000 0.0711741 823305 823305
15000 0.0671873 1.11852e+06 1.11852e+06
20000 0.0639904 1.40716e+06 1.40716e+06
30000 0.0599832 1.94224e+06 1.94224e+06
40000 0.0618719 2.47498e+06 2.47498e+06
50000 0.0638104 3.02257e+06 3.02257e+06
60000 0.0615613 3.57163e+06 3.57163e+06
70000 0.0628201 4.11878e+06 4.11878e+06
80000 0.062859 4.66775e+06 4.66775e+06
90000 0.063435 5.21989e+06 5.21989e+06
100000 0.0626825 5.77255e+06 5.77255e+06
