6003 -3.59 0 666.357
0.0325500 0.9535298 21.2062795 21.2062795 11.8156546
0.0357000 0.9486236 23.2010965 23.2010965 11.8903404
0.0399000 0.9428524 25.8449760 25.8449760 12.0006337
0.0451500 0.9355102 29.1278563 29.1278563 12.1338188
0.0504000 0.9278871 32.3845602 32.3845602 12.2696915
0.0567000 0.9199952 36.2605484 36.2605484 12.4161009
0.0640500 0.9117682 40.7412022 40.7412022 12.5924151
0.0714000 0.9023433 45.1796090 45.1796090 12.7593022
0.0798000 0.8945775 50.2034830 50.2034830 12.9211795
0.0892500 0.8835918 55.7973414 55.7973414 13.1228005
0.1008000 0.8718192 62.5446389 62.5446389 13.3360305
0.1123500 0.8608797 69.2086822 69.2086822 13.5166481
0.1260000 0.8481914 76.9786002 76.9786002 13.7374166
0.1417500 0.8338990 85.8030663 85.8030663 13.9870811
0.1585500 0.8178414 95.0390243 95.0390243 14.2192690
0.1785000 0.8032495 105.8105082 105.8105082 14.4867925
0.2005500 0.7890878 117.4932586 117.4932586 14.7432051
0.2247000 0.7743518 130.0671539 130.0671539 14.9816948
0.2520000 0.7589067 144.0080918 144.0080918 15.2285490
0.2824500 0.7425750 159.2316238 159.2316238 15.5149917
0.3171000 0.7257860 176.1641180 176.1641180 15.7537420
0.3549000 0.7096095 194.2195663 194.2195663 15.9618951
0.3990000 0.6945444 214.8476086 214.8476086 16.2655666
0.4473000 0.6743598 236.8443166 236.8443166 16.5220353
0.5019000 0.6540246 261.0170962 261.0170962 16.7426846
0.5628000 0.6352480 287.2197342 287.2197342 16.9735543
0.6310500 0.6175916 315.6738816 315.6738816 17.1989125
0.7087500 0.6019885 347.2616855 347.2616855 17.4206390
0.7948500 0.5819324 381.1643767 381.1643767 17.6235167
0.8914500 0.5599777 417.9218570 417.9218570 17.7330240
1.0006500 0.5374910 457.7702386 457.7702386 17.9052731
1.1227651 0.5159296 500.6754866 500.6754866 18.0456851
1.2594751 0.4958902 546.7584699 546.7584699 18.1622350
1.4127226 0.4827907 596.6151675 596.6151675 18.3366971
1.5858151 0.4614394 651.0768293 651.0768293 18.4280106
1.7787526 0.4459413 709.1845085 709.1845085 18.5643390
1.9959451 0.4264631 772.1319451 772.1319451 18.6545942
2.2393220 0.4079176 839.9625164 839.9625164 18.7766337
2.5125215 0.3902526 912.8695058 912.8695058 18.8339935
2.8192921 0.3750580 990.7676978 990.7676978 19.0298589
3.1631068 0.3659101 1075.9983587 1075.9983587 19.0876092
3.5483644 0.3555768 1168.6516544 1168.6516544 19.1924483
3.9810846 0.3352085 1268.8566746 1268.8566746 19.2595976
4.4672872 0.3216367 1375.5291800 1375.5291800 19.3849388
5.0118948 0.3062274 1488.9372077 1488.9372077 19.4270183
5.6245099 0.2961994 1611.1649175 1611.1649175 19.5583852
6.3098094 0.2862007 1743.5652395 1743.5652395 19.6164361
7.0803644 0.2785376 1889.6754950 1889.6754950 19.6279715
7.9440561 0.2653056 2045.9480840 2045.9480840 19.6718224
8.9125633 0.2514759 2211.5874486 2211.5874486 19.6837462
10.0014481 0.2496992 2393.2525357 2393.2525357 19.8125942
11.2210876 0.2338845 2587.5220672 2587.5220672 19.9416648
12.5894367 0.2314351 2801.0026267 2801.0026267 19.9830583
14.1269504 0.2166311 3025.3862462 3025.3862462 20.0117871
15.8491767 0.2124345 3265.9094368 3265.9094368 20.0173382
17.7840324 0.1970160 3527.3441937 3527.3441937 20.0805235
19.9529062 0.1861164 3802.6591166 3802.6591166 20.0814654
22.3872322 0.1869718 4099.9087865 4099.9087865 20.1675625
25.1199938 0.1744201 4427.0246144 4427.0246144 20.1725140
28.1840786 0.1802771 4781.1879514 4781.1879514 20.3830337
31.6237393 0.1666972 5167.5949956 5167.5949956 20.3186465
35.4826072 0.1533912 5580.2484672 5580.2484672 20.3304065
39.8132470 0.1423449 6021.2600229 6021.2600229 20.3297019
44.6694872 0.1409753 6478.5892935 6478.5892935 20.4074270
50.1205675 0.1396292 6983.4582983 6983.4582983 20.2752539
56.2377471 0.1334006 7546.0839873 7546.0839873 20.3144928
63.0967693 0.1305042 8128.5139060 8128.5139060 20.3526417
70.7954662 0.1206689 8766.5728656 8766.5728656 20.4782029
79.4340106 0.1180495 9445.7648968 9445.7648968 20.3025762
89.1259377 0.1100977 10167.1074943 10167.1074943 20.4478771
100.0026275 0.1084805 10967.1027441 10967.1027441 20.3129969
112.2074471 0.1126855 11857.8260769 11857.8260769 20.2547068
125.8964104 0.0997000 12845.1436501 12845.1436501 20.1992035
141.2559945 0.0953326 13867.7705935 13867.7705935 20.2233127
158.4947918 0.0904695 14962.4939929 14962.4939929 20.2363863
177.8326602 0.0836186 16182.9540233 16182.9540233 20.2017583
199.5344894 0.0788787 17429.7530251 17429.7530251 20.0989531
223.8731455 0.0828357 18790.8142544 18790.8142544 20.1102678
251.1895596 0.0788603 20195.9967026 20195.9967026 19.9689201
281.8404883 0.0782204 21735.8025124 21735.8025124 20.0308805
316.2378815 0.0657842 23341.1531532 23341.1531532 19.8073019
354.8252370 0.0653313 25032.2237068 25032.2237068 19.6854574
398.1250863 0.0668923 26818.8454030 26818.8454030 19.5722730
446.6934609 0.0671266 28765.5667685 28765.5667685 19.4584384
501.1903976 0.0664133 30948.9832482 30948.9832482 19.4069967
562.3470481 0.0507529 33178.6539321 33178.6539321 19.0760733
630.9576992 0.0477139 35443.6899961 35443.6899961 19.0098217
707.9626349 0.0411880 37739.0543687 37739.0543687 18.7414617
794.3311114 0.0354543 40210.0170994 40210.0170994 18.6058359
891.2901875 0.0346069 42774.2114954 42774.2114954 18.5070817
1000.0152949 0.0360352 45588.3056062 45588.3056062 18.1665321
1122.0453570 0.0316828 48557.3201923 48557.3201923 18.0535710
1258.9519017 0.0361798 52014.5555335 52014.5555335 17.8450778
1412.6025846 0.0448842 55895.5038046 55895.5038046 17.5712335
1584.9192513 0.0242879 59514.4832494 59514.4832494 17.2145073
1778.3297629 0.0319309 63607.4333677 63607.4333677 17.0762881
1995.3396487 0.0324681 67715.0277128 67715.0277128 16.6921431
2238.7495208 0.0258293 72238.7391213 72238.7391213 16.3959487
2511.9332487 0.0246280 76642.4343965 76642.4343965 16.1206951
2818.4067961 0.0179477 80586.6000011 80586.6000011 15.7022618
3162.3160538 0.0209767 84943.1499158 84943.1499158 15.3373610
3548.2246552 0.0194940 89587.7067089 89587.7067089 15.1165305
3981.0824729 0.0169214 94426.8100734 94426.1212773 14.6392115
4466.8445267 0.0104775 97982.9712795 97971.7657304 14.3496404
5011.9508737 0.0050158 101258.9515373 101222.0319265 14.0679289
5623.4686414 0.0011176 105293.1219785 105237.4914907 13.8782339
6309.6060499 -0.0006264 109496.1009922 109415.9161061 13.4875993
7079.5178905 0.0043821 113093.4488474 112942.4281830 13.2303131
7943.3360745 0.0024927 116699.9477234 116390.7987924 13.0412218
8912.5538779 0.0042663 119611.0239149 118866.0510330 12.7621270
10000.0576380 0.0014207 122707.4841535 121499.2438340 12.4957038
11220.2837932 -0.0026790 128126.4917838 126710.1646940 12.5185984
12589.2832138 -0.0022794 132701.5345757 130837.1975677 12.1464048
14125.4898594 -0.0070216 136530.4037821 133872.0942019 11.9205425
15849.0266991 0.0055085 141996.2282704 138759.0294286 11.7888139
17782.8284773 0.0012153 145785.7520126 141192.8310885 11.5286869
19952.6405589 0.0100954 151488.3038513 145729.4062949 11.2497123
22387.3110130 -0.0002921 159604.9682394 153269.2458616 11.0870800
25118.9399788 0.0049496 167242.8864478 159774.6335093 10.9323425
28183.8378200 0.0120895 175109.2225120 166137.1175760 10.8000885
31622.8492882 -0.0021840 185246.6201084 174942.1075604 10.6740478
35481.3448326 0.0021849 194519.9747853 182224.2357830 10.5262497
39810.8123001 0.0039747 205731.0884200 191338.7467515 10.3046326
44668.4408210 -0.0041746 212019.8809283 191467.6711298 10.2528032
50118.8218320 0.0031615 215941.9722228 185152.4018390 10.2024106
56234.1823694 -0.0048003 223623.3614160 184607.3371987 10.0234589
63095.8439737 -0.0013390 229018.4486820 177131.3053848 9.9272489
70794.7386130 -0.0043558 235395.7471659 168977.8443612 9.9431808
79432.9897122 0.0071436 245564.8251325 167622.6388433 9.7684377
89125.2011949 0.0005444 255056.7017068 162595.5047117 9.8613544
100000.1496297 0.0049697 270345.8274929 166209.8421401 9.8794857
112201.9339986 0.0078669 300490.3234918 189606.7125373 9.8211191
125892.6936390 0.0024293 348372.7228384 234391.7264953 9.8451088
141253.8311154 -0.0023773 396356.2786652 276617.1058676 9.8590641
158489.5061793 0.0085646 431645.2975337 299866.0615499 9.8872736
