1000 0
0 874.686 0 0
0 0.994969 8.72321 8.72321
0 0.989816 17.4019 17.4019
0 0.98476 26.0352 26.0352
0 0.975013 43.1736 43.1736
0 0.965321 60.1393 60.1393
0 0.951269 85.2763 85.2763
0 0.907809 166.536 166.536
0 0.868019 244.167 244.167
0 0.79803 389.67 389.67
0 0.738682 523.911 523.911
1 0.666692 707.754 707.754
2 0.5256 1221.69 1221.69
3 0.459507 1649.67 1649.67
5 0.389362 2386.27 2386.27
7 0.343408 3024.33 3024.33
10 0.313083 3881.69 3881.69
15 0.269371 5139.79 5139.79
20 0.250743 6266 6266
30 0.22244 8289.46 8289.46
50 0.197743 11825.8 11825.8
70 0.171535 15029.3 15029.3
100 0.166398 19499.5 19499.5
150 0.147211 26094.5 26094.5
200 0.119219 31897.3 31897.3
300 0.107501 42029.9 42029.9
500 0.091883 59607.1 59607.1
700 0.0938688 75585.7 75585.7
1000 0.0751365 97239.9 97239.9
1500 0.0660454 127915 127915
2000 0.0629499 152553 152553
3000 0.043768 194757 194757
5000 0.0293844 256919 256919
7000 0.0344784 312764 312764
10000 0.0228362 388887 388887
15000 0.0126134 473012 472914
20000 0.0248524 537143 536540
30000 0.0227879 666007 664891
40000 0.0237169 845044 843881
50000 0.029382 1.03972e+06 1.03854e+06
60000 0.0206781 1.2364e+06 1.2352e+06
70000 0.024404 1.40813e+06 1.40689e+06
80000 0.0201732 1.59687e+06 1.5956e+06
90000 0.0224741 1.7898e+06 1.78852e+06
100000 0.0103097 1.98054e+06 1.97922e+06
150000 0.00723178 2.85012e+06 2.84837e+06
200000 0.00311555 3.35771e+06 3.3351e+06
300000 -0.0114781 4.26813e+06 4.21207e+06
400000 -0.00467434 5.3378e+06 5.26388e+06
500000 0.0198219 6.15775e+06 6.04051e+06
600000 0.0021167 6.91579e+06 6.74984e+06
700000 0.0137243 7.8281e+06 7.63183e+06
800000 0.00751571 8.59837e+06 8.35277e+06
900000 -0.00280588 9.66901e+06 9.40303e+06
1000000 -0.00342525 1.03712e+07 1.00373e+07
