1005 0
0 874.904 0 0
0 0.994685 8.72319 8.72319
0 0.989417 17.4004 17.4004
0 0.984534 26.033 26.033
0 0.974386 43.1667 43.1667
0 0.964486 60.1258 60.1258
0 0.949691 85.2355 85.2355
0 0.903823 166.293 166.293
0 0.863032 243.53 243.53
0 0.789982 387.925 387.925
0 0.729315 520.736 520.736
1 0.656536 702.193 702.193
2 0.510176 1204.33 1204.33
3 0.434265 1614.87 1614.87
5 0.367296 2310.09 2310.09
7 0.329122 2917.69 2917.69
10 0.300191 3734.45 3734.45
15 0.26469 4964.07 4964.07
20 0.243006 6056.76 6056.76
30 0.225087 8051.39 8051.39
50 0.192253 11524.2 11524.2
70 0.168115 14620.1 14620.1
100 0.147724 18767.7 18767.7
150 0.127211 24885.3 24885.3
200 0.125884 30428.9 30428.9
300 0.0998474 40344.4 40344.4
500 0.0906196 58132.1 58132.1
700 0.0722179 73145.6 73145.6
1000 0.0699522 91991.8 91991.8
1500 0.0624791 116578 116578
2000 0.0397019 136971 136971
3000 0.0149871 160292 160287
5000 0.0296395 190810 190787
7000 0.0310964 218596 218400
10000 0.00583773 258601 258179
15000 0.0179418 322717 322056
20000 0.0141895 389143 388348
30000 -0.000854259 453850 441508
40000 -0.00394263 459736 377025
50000 -0.00867938 465453 315151
60000 -0.00755844 472558 261566
70000 -0.00442121 479524 208597
80000 0.00215044 487212 155361
90000 -0.00412347 497327 114388
100000 0.00169735 501250 37604.2
150000 -0.00908277 518879 -372327
200000 0.000438772 533760 -824807
300000 0.00516973 620294 -1.34762e+06
400000 -0.00672223 793846 -1.54953e+06
500000 -0.00430328 891167 -2.01579e+06
600000 -0.00362796 967435 -2.56657e+06
700000 -0.00919476 989813 -3.5359e+06
800000 -0.00726203 1.02947e+06 -4.31774e+06
900000 -0.0135796 1.06765e+06 -5.13688e+06
1000000 -0.00541449 1.09823e+06 -6.02807e+06
