1006 0
0 880.378 0 0
0 0.994755 8.77807 8.77807
0 0.989618 17.5106 17.5106
0 0.984594 26.1981 26.1981
0 0.97473 43.443 43.443
0 0.964939 60.5146 60.5146
0 0.951027 85.8093 85.8093
0 0.90723 167.551 167.551
0 0.866099 245.58 245.58
0 0.79621 391.71 391.71
0 0.737136 526.535 526.535
1 0.666146 711.512 711.512
2 0.52938 1228.83 1228.83
3 0.462836 1662.93 1662.93
5 0.390881 2406.71 2406.71
7 0.35466 3058.03 3058.03
10 0.312868 3934.18 3934.18
15 0.283644 5239.16 5239.16
20 0.259368 6420.79 6420.79
30 0.229735 8590.71 8590.71
50 0.19148 12241.1 12241.1
70 0.180001 15633 15633
100 0.175186 20395.6 20395.6
150 0.150748 27318.8 27318.8
200 0.123011 33583.5 33583.5
300 0.118985 44811.5 44811.5
500 0.0987302 63988.6 63988.6
700 0.0894916 80997.3 80997.3
1000 0.0619168 104600 104600
1500 0.0774644 139544 139544
2000 0.0603044 169217 169217
3000 0.0517659 218542 218542
5000 0.0402125 294669 294669
7000 0.0441472 359076 359076
10000 0.0395882 447627 447627
15000 0.0402649 586163 586163
20000 0.0263776 724461 724461
30000 0.0129886 929086 929062
40000 0.0166579 1.06693e+06 1.06584e+06
50000 0.0164861 1.19727e+06 1.19582e+06
60000 0.00736714 1.30538e+06 1.30201e+06
70000 0.00260325 1.3989e+06 1.39302e+06
80000 0.0184896 1.50612e+06 1.49926e+06
90000 0.0157711 1.60173e+06 1.59299e+06
100000 0.012268 1.73845e+06 1.72937e+06
150000 -0.00404044 2.09108e+06 2.0509e+06
200000 0.0158332 2.42652e+06 2.35537e+06
300000 0.00642113 3.23682e+06 3.12376e+06
400000 0.00513361 3.98367e+06 3.81679e+06
500000 0.00274246 4.89705e+06 4.70078e+06
600000 0.0140191 5.78046e+06 5.54949e+06
700000 0.00773397 6.6687e+06 6.4032e+06
800000 0.0243981 7.5392e+06 7.23346e+06
900000 0.0240423 8.41518e+06 8.06834e+06
1000000 0.02772 9.52164e+06 9.15722e+06
