6012 -3.52 0 344.545
0.0325500 0.9783153 11.0856685 11.0856685 2.5932496
0.0357000 0.9759327 12.1454532 12.1454532 2.6549289
0.0399000 0.9728519 13.5546389 13.5546389 2.7341146
0.0451500 0.9677303 15.3087824 15.3087824 2.8245644
0.0504000 0.9646555 17.0567387 17.0567387 2.9230852
0.0567000 0.9615740 19.1476929 19.1476929 3.0324472
0.0640500 0.9571339 21.5756021 21.5756021 3.1552450
0.0714000 0.9538146 23.9936503 23.9936503 3.2820834
0.0798000 0.9465153 26.7411023 26.7411023 3.4134663
0.0892500 0.9388267 29.8087603 29.8087603 3.5694014
0.1008000 0.9285816 33.5243466 33.5243466 3.7282723
0.1123500 0.9196020 37.1996486 37.1996486 3.8894331
0.1260000 0.9096272 41.5022388 41.5022388 4.0721388
0.1417500 0.9022375 46.4127728 46.4127728 4.2724470
0.1585500 0.8904937 51.6052769 51.6052769 4.4719757
0.1785000 0.8797885 57.6878640 57.6878640 4.6956366
0.2005500 0.8630030 64.3079191 64.3079191 4.9261022
0.2247000 0.8476114 71.4284802 71.4284802 5.1560224
0.2520000 0.8277154 79.3061454 79.3061454 5.3784868
0.2824500 0.8128162 87.8962964 87.8962964 5.6301388
0.3171000 0.7955552 97.5103354 97.5103354 5.8730720
0.3549000 0.7730311 107.7125104 107.7125104 6.1172971
0.3990000 0.7538123 119.2940027 119.2940027 6.3829479
0.4473000 0.7372110 131.6875899 131.6875899 6.6510003
0.5019000 0.7191390 145.3665567 145.3665567 6.9168141
0.5628000 0.6984487 160.2037074 160.2037074 7.1255866
0.6310500 0.6764372 176.3846636 176.3846636 7.4283421
0.7087500 0.6571782 194.2308700 194.2308700 7.6463756
0.7948500 0.6347292 213.4021947 213.4021947 7.8641788
0.8914500 0.6039571 233.9363913 233.9363913 8.0308038
1.0006500 0.5822901 256.2495521 256.2495521 8.2549924
1.1227651 0.5594238 280.3682643 280.3682643 8.3226376
1.2594751 0.5407489 306.2897820 306.2897820 8.4770229
1.4127226 0.5137916 334.0537949 334.0537949 8.6324691
1.5858151 0.4966644 364.1642295 364.1642295 8.7908705
1.7787526 0.4774805 396.5572237 396.5572237 8.9514569
1.9959451 0.4593703 431.7349539 431.7349539 9.1283542
2.2393220 0.4355141 469.2559767 469.2559767 9.2320498
2.5125215 0.4178372 509.5289432 509.5289432 9.2958950
2.8192921 0.3938652 552.0257543 552.0257543 9.3616577
3.1631068 0.3831126 597.8305000 597.8305000 9.4879619
3.5483644 0.3686032 647.0089871 647.0089871 9.6235837
3.9810846 0.3438016 699.9892951 699.9892951 9.7061455
4.4672872 0.3378054 757.5259166 757.5259166 9.7897807
5.0118948 0.3194653 818.6374297 818.6374297 9.8039683
5.6245099 0.2954505 884.0521803 884.0521803 9.8554705
6.3098094 0.2768217 951.2886456 951.2886456 9.8661302
7.0803644 0.2630778 1024.0494130 1024.0494130 10.0333583
7.9440561 0.2582205 1102.6418269 1102.6418269 10.1219992
8.9125633 0.2378794 1183.3283923 1183.3283923 10.1225004
10.0014481 0.2243849 1269.1208615 1269.1208615 10.0946200
11.2210876 0.1934149 1358.8237863 1358.8237863 10.2262857
12.5894367 0.2095473 1454.3140223 1454.3140223 10.1735215
14.1269504 0.2180552 1564.6143324 1564.6143324 10.2869956
15.8491767 0.1916929 1680.2325317 1680.2325317 10.2860613
17.7840324 0.1687595 1798.9841787 1798.9841787 10.2964435
19.9529062 0.1691695 1922.3962050 1922.3962050 10.1815973
22.3872322 0.1394297 2049.0621264 2049.0621264 10.3283205
25.1199938 0.1537370 2198.1453205 2198.1453205 10.2863153
28.1840786 0.1379781 2346.1969197 2346.1969197 10.1715332
31.6237393 0.1420549 2511.8863065 2511.8863065 10.2524797
35.4826072 0.1187302 2680.5443009 2680.5443009 10.2095865
39.8132470 0.1096517 2853.5077601 2853.5077601 10.1665702
44.6694872 0.1058755 3032.3140111 3032.3140111 10.2228268
50.1205675 0.1085786 3214.2584730 3214.2584730 10.0697168
56.2377471 0.0922154 3422.6822064 3422.6822064 10.1219436
63.0967693 0.0906883 3641.6163467 3641.6163467 10.1248342
70.7954662 0.0780724 3851.2159025 3851.2159025 9.9643915
79.4340106 0.0742932 4076.1827964 4076.1827964 9.8861293
89.1259377 0.0682652 4305.7394584 4305.7394584 9.7691186
100.0026275 0.0831940 4554.4993790 4554.4993790 9.7594623
112.2074471 0.0573406 4844.6574060 4844.6574060 9.6509661
125.8964104 0.0465027 5130.2346848 5130.2346848 9.5753741
141.2559945 0.0456589 5370.8092955 5370.8092955 9.4239338
158.4947918 0.0537218 5662.6285631 5662.6285631 9.2713183
177.8326602 0.0437504 5966.3258685 5966.3258685 9.1359045
199.5344894 0.0437606 6270.2963682 6270.2963682 8.9091306
223.8731455 0.0363914 6609.7931951 6609.7931951 8.7259927
251.1895596 0.0366082 6927.5274308 6927.5274308 8.5375133
281.8404883 0.0318401 7256.5888145 7256.5888145 8.3734193
316.2378815 0.0293869 7629.7234495 7629.7234495 8.0969208
354.8252370 0.0159526 7988.0316259 7988.0316259 8.0674081
398.1250863 0.0206538 8365.1852617 8365.1852617 7.7682402
446.6934609 0.0168838 8680.9038265 8680.2969523 7.6015127
501.1903976 0.0214632 9028.9055899 9028.2710833 7.4484602
562.3470481 0.0081187 9395.2695370 9394.1697216 7.2715423
630.9576992 0.0165715 9804.0272175 9802.7874795 7.0869934
707.9626349 0.0115285 10227.3505621 10224.7727948 6.9279552
794.3311114 0.0144632 10720.3358587 10714.3065646 6.6597200
891.2901875 0.0128461 11126.2830747 11105.6296007 6.4961716
1000.0152949 -0.0113081 11517.5014776 11487.4614352 6.2968327
1122.0453570 0.0037273 11819.8057630 11757.9845528 6.1922060
1258.9519017 -0.0084761 11996.4736813 11826.5386300 6.0164849
1412.6025846 -0.0113104 12252.5048571 11968.9833222 5.9363232
1584.9192513 0.0023490 12460.2516280 11991.6327771 5.7543901
1778.3297629 -0.0044595 12664.8723954 12030.4054982 5.5887137
1995.3396487 -0.0035541 12963.7000517 12180.6923150 5.5187282
2238.7495208 0.0036544 13556.0398698 12720.9304109 5.3756466
2511.9332487 0.0136672 14155.7385678 13222.4266697 5.2861990
2818.4067961 -0.0089662 15074.2330426 14090.4037967 5.0569015
3162.3160538 0.0120663 15530.0469930 14279.9901359 4.9083623
3548.2246552 0.0061032 16116.4363527 14626.0650127 4.8565075
3981.0824729 0.0117454 16685.0125316 14914.6365473 4.7675737
4466.8445267 0.0155786 17393.8906978 15330.0854028 4.6151978
5011.9508737 0.0131314 17952.4350115 15359.7841413 4.5049841
5623.4686414 0.0074805 18803.0754278 15812.1132879 4.4907628
6309.6060499 0.0066822 19609.8947419 16132.7759211 4.3763370
7079.5178905 -0.0066638 20707.6576126 16822.5429656 4.3299720
7943.3360745 -0.0002854 21651.9167034 17086.7717464 4.3260822
8912.5538779 0.0020442 23421.8935786 18490.7857548 4.2468949
10000.0576380 0.0107253 25621.5747658 20341.5821287 4.1230127
11220.2837932 0.0100184 27812.9302735 22062.2830133 4.1506396
12589.2832138 -0.0002646 29903.8167258 23467.7583540 3.9715179
14125.4898594 0.0095569 32062.7204519 24669.8615857 3.9402466
15849.0266991 0.0093799 34861.1358024 26689.0461188 3.8846196
17782.8284773 0.0026599 37798.3853918 28726.1886828 3.7996557
19952.6405589 0.0013122 40741.7677356 30479.0297205 3.8008297
22387.3110130 -0.0030662 43783.3141278 32065.8372931 3.7497808
25118.9399788 0.0013707 48473.8349170 35691.0596151 3.8146371
28183.8378200 -0.0002509 52435.8574208 37739.9925733 3.7308995
31622.8492882 0.0026199 56578.4411440 39675.3537183 3.7593721
35481.3448326 0.0095248 62114.6633025 43159.2383119 3.6612859
39810.8123001 0.0023794 68817.3669651 47818.9775718 3.6389094
44668.4408210 -0.0028405 76179.3272938 52957.6044491 3.6461197
50118.8218320 0.0006330 82495.6342710 55373.6534775 3.6361169
56234.1823694 -0.0087322 87271.1244932 53826.6520018 3.6343763
63095.8439737 -0.0040761 93282.0396378 53722.6235826 3.5928577
70794.7386130 0.0002386 101289.3256504 55698.8620135 3.5641756
79432.9897122 0.0066818 110194.1986068 57800.2248893 3.6201648
89125.2011949 -0.0014665 118948.0156905 57890.6598869 3.7117493
100000.1496297 0.0039172 128997.8261641 58334.9156560 3.6049570
112201.9339986 -0.0061741 141942.1903028 62383.7418973 3.6751693
125892.6936390 -0.0023941 157633.1447067 68766.3387744 3.6484151
141253.8311154 0.0065723 178074.7432557 80432.0904237 3.6938458
158489.5061793 -0.0079279 200790.8940948 93283.6095808 3.6875339
177827.9574712 0.0004209 216905.2181682 90327.7904534 3.7088169
199526.2758973 0.0033194 238082.0604459 92941.6199477 3.8352996
