1000 0
0 874.687 0 0
0 0.994982 8.72326 8.72326
0 0.989838 17.4021 17.4021
0 0.984782 26.0356 26.0356
0 0.975149 43.1752 43.1752
0 0.965659 60.145 60.145
0 0.952016 85.296 85.296
0 0.91108 166.715 166.715
0 0.875298 244.801 244.801
0 0.817389 392.563 392.563
0 0.77094 531.323 531.323
1 0.715015 725.958 725.958
2 0.599923 1296.03 1296.03
3 0.531951 1788.97 1788.97
5 0.450855 2640.59 2640.59
7 0.402435 3384.2 3384.2
10 0.357594 4376.26 4376.26
15 0.309385 5827.93 5827.93
20 0.27699 7101.51 7101.51
30 0.236817 9325.83 9325.83
50 0.199152 13115 13115
70 0.176981 16356.8 16356.8
100 0.160901 20874.3 20874.3
150 0.148531 27262.5 27262.5
200 0.132437 33321.2 33321.2
300 0.115135 43731.8 43731.8
500 0.100292 61365.4 61365.4
700 0.0882998 77391.2 77391.2
1000 0.0896733 100576 100576
1500 0.0661551 134431 134431
2000 0.0531928 158767 158767
3000 0.0431985 197925 197925
5000 0.0267851 252013 252013
7000 0.0188439 291745 291745
10000 0.0115796 343051 342991
15000 0.00935989 397229 396836
20000 0.00497963 443833 443001
30000 -0.00454997 492642 482016
40000 -0.00756451 520493 490278
50000 -0.00907789 534996 465460
60000 0.00229773 546486 431302
70000 -0.0177801 550785 367235
80000 -0.0170281 552601 286949
90000 -0.00557065 565127 255734
100000 -0.0117943 574298 214483
150000 -0.0241087 591874 -154759
200000 -0.0118649 601947 -611748
300000 -0.0167355 624677 -1.43824e+06
400000 -0.00277319 722059 -1.83608e+06
500000 0.00149704 970479 -1.82343e+06
600000 0.000342303 1.11906e+06 -2.0462e+06
700000 -0.00906392 1.28996e+06 -2.21178e+06
800000 -0.00178006 1.35165e+06 -2.74769e+06
900000 0.00282353 1.59319e+06 -2.73982e+06
1000000 -0.00824336 1.80087e+06 -2.81112e+06
1500000 0.00166226 3.2448e+06 -2.59174e+06
