1007 0
0 875.179 0 0
0 0.994629 8.72555 8.72555
0 0.989417 17.4052 17.4052
0 0.984374 26.04 26.04
0 0.974484 43.1779 43.1779
0 0.964776 60.146 60.146
0 0.950904 85.2851 85.2851
0 0.909242 166.62 166.62
0 0.873228 244.537 244.537
0 0.81395 391.935 391.935
0 0.767327 530.129 530.129
1 0.711661 723.909 723.909
2 0.595318 1290.02 1290.02
3 0.526183 1777.89 1777.89
5 0.443355 2618.66 2618.66
7 0.390325 3345.39 3345.39
10 0.343088 4304.73 4304.73
15 0.290108 5684.64 5684.64
20 0.256659 6877.71 6877.71
30 0.227153 8988.18 8988.18
50 0.197091 12647.6 12647.6
70 0.171215 15877.3 15877.3
100 0.143624 19919.7 19919.7
150 0.150096 26156.3 26156.3
200 0.124891 31969.2 31969.2
300 0.118368 42586.1 42586.1
500 0.0950009 60168.4 60168.4
700 0.0726122 75035.4 75035.4
1000 0.0746239 93170.1 93170.1
1500 0.0637271 121360 121360
2000 0.0514784 144208 144208
3000 0.0443706 184201 184201
5000 0.0411425 248826 248826
7000 0.0236546 286922 286922
10000 0.00999126 320084 320036
15000 0.00329868 340923 333740
20000 -0.00621934 349764 324713
30000 -0.000301782 357392 279841
40000 -0.00415598 390759 299449
50000 -0.00608351 404506 264912
60000 -0.0112826 410299 208592
70000 -0.00270186 416001 139155
80000 -0.00358232 417293 47512.8
90000 -0.0139115 417932 -66278.5
100000 -0.012989 418207 -193676
150000 -0.0126853 436362 -567920
200000 -0.00380489 460794 -870751
300000 -0.010714 522861 -1.42549e+06
400000 0.0117911 702757 -1.57934e+06
500000 0.00221117 1.11134e+06 -1.28726e+06
600000 -0.00559436 1.31272e+06 -1.36266e+06
700000 0.00386877 1.44655e+06 -1.66688e+06
800000 0.00406035 1.57168e+06 -1.96994e+06
900000 0.00252724 1.93004e+06 -1.7849e+06
1000000 0.00799352 2.1994e+06 -1.74126e+06
